src/interpolation/Data/testdata/1500-slice.grd
DSAA
2 151
126.8 138.0
20.56 27.8099999999998
3.813673764780564 6.335985874483371
3.813673764780564 3.8138586704538406 

3.8138304044637104 3.8140011975268964 

3.8144257473062217 3.814707094828555 

3.8161888956568872 3.8166425404033313 

3.8200059680207534 3.820646003118769 

3.8266685339127844 3.8274831749429707 

3.836737612834155 3.8376983080689246 

3.850473004675528 3.8515429044801257 

3.8678290474010666 3.8689696608282262 

3.8884813604695148 3.8896565297080707 

3.91185814644095 3.913036103806062 

3.937177527754188 3.938332266314319 

3.963509251029146 3.9646218503182733 

3.989874037820568 3.9909337729637837 

4.015373334750341 4.016377971246357 

4.039320654593113 4.040275473297793 

4.061337244762221 4.0622528627833185 

4.081385316245373 4.082274882202048 

4.099735134068886 4.100611663697157 

4.11688424553319 4.117758677352568 

4.1334573141604976 4.134337493331804 

4.150111984904224 4.151002458724991 

4.1674657596579125 4.168368110010884 

4.186048071149799 4.18696150610542 

4.20627467294428 4.207196677768268 

4.228438678234317 4.229365616767847 

4.25271272185478 4.253640346817085 

4.279158125805637 4.280081993836836 

4.30773846396527 4.308654265417761 

4.338336017699015 4.339239832600699 

4.370770194893342 4.371658683120141 

4.4048171617577125 4.405687691819186 

4.440229877134931 4.441080596016807 

4.476757576452712 4.4775874230592425 

4.514163643525157 4.514972310046851 

4.552240809042532 4.553028657327225 

4.590822759333852 4.591590702231193 

4.629791522060821 4.630540881963065 

4.6690803762502675 4.669812734089298 

4.70867244905856 4.709389496578094 

4.748595541674246 4.7492989479617815 

4.788914014063535 4.78960531447233 

4.829718718912862 4.830399231163112 

4.87111600329145 4.871786772256081 

4.913216710836273 4.913878480725413 

4.956125951696884 4.956779162312289 

4.999934201083061 5.000579003594994 

5.0447100752519445 5.045346362484527 

5.090494942272149 5.091122388608819 

5.137299369252338 5.1379174757994255 

5.185101293556696 5.1857094349487625 

5.2338457312962525 5.23444320134393 

5.283445796199713 5.2840318503667625 

5.333784788081839 5.334358681469633 

5.3847191146929525 5.385280134778997 

5.436081826859448 5.436629320676017 

5.487686569061653 5.488219964821816 

5.539331772029437 5.539850595428387 

5.590804938051407 5.591308823611899 

5.6418868921156236 5.642375590028858 

5.692355892203476 5.692829271157648 

5.741991510076904 5.742449556580528 

5.790578210078397 5.791021024783821 

5.837908568256932 5.838336359779084 

5.883786087966929 5.884199164676893 

5.928027581264061 5.928426341518703 

5.970465098090753 5.970850019338605 

6.010947397396544 6.011319024576462 

6.049340965838793 6.049699899460606 

6.08553060033453 6.085877484599683 

6.11941958022904 6.119755091513906 

6.150929462959159 6.151254298944465 

6.179999543617097 6.180314413304502 

6.2065860236298365 6.206891638441862 

6.230660936809278 6.230958002923044 

6.2522108823357705 6.252500094355661 

6.2712356139248815 6.27151764995508 

6.287746532670806 6.2880220508075 

6.301765128083868 6.302034764309482 

6.313321407893275 6.313585775321872 

6.322452352531103 6.322712041926375 

6.3292004251035605 6.329456006568147 

6.3336121623283805 6.333864188046057 

6.335736866582794 6.335985874483371 

6.335625414045949 6.335871932256322 

6.333329189076869 6.333573741019453 

6.32889915055798 6.3291422605609835 

6.322385032034644 6.322627231324443 

6.313834674144284 6.314076507099829 

6.303293485079909 6.303535515641885 

6.290804022676612 6.2910468408175655 

6.276405690127092 6.276649918304633 

6.260134536294256 6.26038083582573 

6.242023151048279 6.242272228361162 

6.222100645957136 6.222353258685596 

6.200392710940429 6.200649673852787 

6.176921738087688 6.177183928842736 

6.151707004672546 6.15197536941399 

6.124764908393585 6.125040467200693 

6.09610924897076 6.096393101189775 

6.06575155136038 6.066044880845414 

6.033701426964072 6.034005507257158 

5.9999669702473835 6.000283169726198 

5.964555189112909 5.964884976130638 

5.927472468158695 5.927817416193917 

5.8887250645730695 5.889086857398639 

5.848319636858494 5.8487000737272 

5.806263806830521 5.806664807661016 

5.762566755401123 5.762990365932606 

5.717239852527754 5.71768824939269 

5.670297321388911 5.670772817033561 

5.621756936332486 5.622261983692302 

5.5716407534265535 5.5721779502405395 

5.519975871513128 5.520547964136878 

5.466795220501552 5.4674051070565435 

5.412138372213008 5.412789104891502 

5.356052367359961 5.3567471536952915 

5.29859255016196 5.299334753081305 

5.239823399594817 5.240616536105459 

5.179819343261476 5.180667081699708 

5.118665536270891 5.119571692188381 

5.056458583247315 5.05742711425693 

4.993307176686477 4.994342176982658 

4.92933261959478 4.930438315462078 

4.864669195544865 4.865849944035052 

4.799464347042027 4.800724641193211 

4.733878627962699 4.735223113455669 

4.668085416925802 4.669518926774474 

4.602270432990848 4.603798048239529 

4.536631213528802 4.538258357705049 

4.4713769467728195 4.473109517238526 

4.406729473439391 4.4085739982436465 

4.34292697601317 4.344890750277224 

4.280232927298233 4.282324012299357 

4.218954169235056 4.221181009544502 

4.15947292176728 4.161843140419559 

4.102296298500293 4.104814014010048 

4.048119850500816 4.050780831676929 

3.9978838211179455 4.000668457711014 

3.952771761520053 3.9556378677047075 

3.9140794510946626 3.916960258689295 

3.882915732853971 3.8857303927009834 

3.8598261047231244 3.862505474716269 

3.8445855391632087 3.8471039138372864 

3.836393579214697 3.8387870183179045 

3.834432406245699 3.836788428028577 

3.8384327953997697 3.840853220764511 

3.848842338903733 3.851398529073842 

3.866474067205453 3.869178847990405 

3.8918984776767016 3.89470777896163 

3.925004075690996 3.927842476853509 

