src/interpolation/Data/testdata/2056-slice.grd
DSAA
151 151
126.8 138.00000000000088
0.0 1500.0
3.8032794063432105 24.530138958471813
[rows 20 to 39 of 151, columns 0 to 43 of 151]
18.735894577109747 18.671972357629127 18.725412832009983 18.85305533406373 18.926244072786787 18.929873970256313 18.895135645251784 18.845123925723435 18.793049291462427 18.74849009641517 18.721031441786927 18.718877888178444 18.74240844016169 18.77988474466125 18.814301357840684 18.834850400260432 18.839073511596546 18.82682595430414 18.797166566141406 18.75138139265701 18.69669197006655 18.647119158617716 18.62021310932055 18.629014180136608 18.673991858355375 18.744820249989022 18.831806015728183 18.927070522853437 19.003035802472258 19.028560346704708 19.00769031044124 18.93628510436909 18.84300474311412 18.757417529621517 18.686942272622588 18.640170025763464 18.629386544946613 18.657681847650025 18.714075090702863 18.782656529147918 18.85207421068486 18.913721897936806 18.952486653173516 18.951122061461746
18.162887807990405 18.05945704588637 18.085547157158125 18.23349201279836 18.37252846204599 18.4484410774776 18.47770020627218 18.47958865501634 18.46679425505206 18.448300555867238 18.431036684064058 18.41774004453675 18.402597611919425 18.373485667753677 18.328065485207105 18.28721182605601 18.27872447348479 18.307115991881172 18.348805363315837 18.376489030658412 18.382189001516345 18.37760523915979 18.38285559140869 18.41363098587966 18.470728292862486 18.540057890848143 18.605256525273944 18.66019472773032 18.706036669533265 18.72926979219256 18.70984231664157 18.665937992229413 18.613738820676502 18.55221020209255 18.48483171834083 18.425484363275405 18.388629730057673 18.37507554643525 18.368643498158082 18.34694572175232 18.296476493509253 18.2269330886606 18.175790984520678 18.180565817460195
17.941329041023955 17.926415706018364 17.931608929939397 17.96312045409662 18.01164238046393 18.063820001736293 18.10857019890454 18.139281610904337 18.15528057690615 18.159823366368485 18.15727548917296 18.1494213207329 18.132795281777263 18.103480586149505 18.068468831970648 18.044098333999 18.03986108152633 18.055716087608054 18.084498500571996 18.11174148980908 18.128159365458405 18.13914105506751 18.160272802572546 18.204694594870258 18.27001601865348 18.334772082243507 18.368724631673484 18.351772001107744 18.30065306142472 18.272314694012113 18.296374119776296 18.348607114905374 18.372178438555302 18.34566196736192 18.28486500006542 18.21689517505415 18.16272285662679 18.125031161145987 18.088688343709705 18.035523334636355 17.963171264760632 17.894563089166983 17.858129175125043 17.860687727625635
17.759467484488756 17.797341649217735 17.80545192102246 17.791280138943396 17.780348694693302 17.792640882841464 17.823028643269556 17.85595538621385 17.881841012384633 17.899054547335872 17.910859497968314 17.921311890191433 17.932353355152816 17.94491893119743 17.959515709140536 17.971154068053686 17.973087005963077 17.964610776562175 17.951437745124814 17.940314228856632 17.93310567981617 17.93406283824184 17.95435871049131 18.004167672769313 18.080211310386353 18.161314011323352 18.21771610996285 18.232939693003594 18.225585850661716 18.222554662259036 18.22500915925563 18.23327330815145 18.22370739493426 18.174715519545366 18.097467481669952 18.018171449553815 17.95754696813406 17.91935028703938 17.892110002940317 17.863881099186457 17.83549796874583 17.817346963385205 17.811890498200093 17.812142565505848
17.488794835577735 17.492739404745652 17.53923953396847 17.580049590664007 17.58272241578556 17.589464565631562 17.608413351513722 17.63114346681152 17.651444364028553 17.66937824222606 17.690314969120895 17.720897975865608 17.76322884324694 17.813254556166736 17.864223141778304 17.90248321199187 17.909203404753384 17.882231704068268 17.840323527217205 17.80050672207175 17.768436073712436 17.75066516518988 17.75973327771961 17.806621990950294 17.89053863085089 17.996740574692627 18.102050451302002 18.18029008149244 18.2155759400043 18.221629168351424 18.21698551411307 18.18619973884604 18.114445622244396 18.014999773311708 17.911192829344056 17.82413895110664 17.76910576843174 17.7482469476152 17.74995505621712 17.76101864361453 17.777520614249806 17.79806385526146 17.80934187018667 17.808800263380228
17.2855330928115 17.23487243000472 17.274326983693562 17.366597918156014 17.413489373107126 17.435540260294133 17.446505762495953 17.45188136285528 17.455541835095175 17.463920674177384 17.486787251929847 17.532287839653996 17.595908668265576 17.657666831820222 17.700201321728848 17.721490571081876 17.72557427829388 17.715054010741568 17.690987946995698 17.653987418426237 17.610296418605724 17.575183691672265 17.56835938080064 17.603729903066785 17.68154256130204 17.79091900967018 17.91854000916689 18.046401127765346 18.140108034297135 18.172979138317782 18.14611018902605 18.058814456241937 17.935701708954756 17.811654908998687 17.70407977964574 17.62527062758852 17.5876768640603 17.59318214252919 17.62684390631593 17.66731877707235 17.702373128266128 17.733280921052337 17.75958488901977 17.757317304512704
17.198919304782063 17.169957620002943 17.30822656711183 17.33517412660879 17.33827774670362 17.337122254648538 17.322146624874332 17.29906121092096 17.27758319408047 17.26954388784173 17.288864093971664 17.345332792880484 17.428840738939908 17.5036601705733 17.538299897870278 17.539555992771263 17.53952282100458 17.547914157978287 17.54265550034543 17.50746150941065 17.451227078132032 17.39830194036255 17.374159985936174 17.39279426992418 17.44991823097125 17.527744011050945 17.608436583270283 17.683123603691833 17.74505977836888 17.773551604345542 17.750273433494765 17.691843972018315 17.62092656833643 17.545001708078605 17.471413072717056 17.41741982687874 17.40375266637516 17.437768643560265 17.503247514224075 17.56957701426058 17.610240483382082 17.614791723318255 17.6005132391721 17.60184846582094
17.186380778771873 17.24963293208947 17.35880584087346 17.35081852474266 17.31305727504885 17.263424522425407 17.2046196516171 17.144655521030426 17.095117761543104 17.069527227300064 17.08351596877757 17.149066632304475 17.257725706654313 17.369862665051098 17.442211276410227 17.469495233685333 17.473831017798577 17.464376044078865 17.43058478221831 17.365737752095335 17.28400718822389 17.21198270002678 17.17372407975563 17.17901850257743 17.216850758146464 17.259123959427804 17.274290553032873 17.245372656777988 17.190313049317105 17.160248215430578 17.186005330433982 17.24209479945554 17.277473192039874 17.270721247406396 17.235981627554928 17.204910772612163 17.210161963295505 17.267487387697578 17.36487899988611 17.469552223191883 17.546651497310805 17.57983303129959 17.58511425958214 17.58499244186684
17.132009601619174 17.217267368741883 17.303122523787685 17.301102352101793 17.23555707884191 17.14109251701809 17.041473381975493 16.951660878361782 16.882901517503875 16.846857661513116 16.857664286601462 16.92770743136465 17.05354202748912 17.202369607188466 17.324288390833416 17.38957061491378 17.40164298032982 17.368995629075247 17.294821108547033 17.19317484423445 17.088893707706212 17.00673483963293 16.964990073743508 16.969141820523213 17.006101476451466 17.04729900355739 17.063599635133574 17.04745021788567 17.023734539525783 17.015459506205193 17.022332558350406 17.0457752966554 17.06634128298765 17.057820785644534 17.024132608052064 16.994042519293316 17.001370528095627 17.06607843809543 17.18357119340524 17.327801913415836 17.460318349423606 17.54443251903366 17.574121688903325 17.57251430720518
16.853444116146147 16.949355402922382 17.032739908451415 17.04320262584948 16.977301592287397 16.877334169322644 16.774836431875993 16.686258389930863 16.621552573033757 16.59027635755101 16.603860538917054 16.67188579725503 16.79169796012229 16.93983234692787 17.077213638121005 17.166110700926353 17.18682085093682 17.142268149975724 17.053018577159406 16.947226959876858 16.849171797730943 16.777675035171693 16.74740539330664 16.76411334701856 16.818392227673446 16.888186854906852 16.95059091329684 16.9914269202328 17.007950578185735 17.01017709361431 17.008545633098326 16.994512072148094 16.95835590602238 16.901807673684992 16.836653487600955 16.785168624838334 16.77420059651581 16.821244495526617 16.925967638281033 17.073604813130046 17.237789937358794 17.376980540681455 17.450374223922125 17.444865584207015
16.14170549486529 16.101235165466985 16.188635672418147 16.34112133254344 16.42045828454757 16.42113037496064 16.38512880769409 16.342368042631225 16.310258627773347 16.3013390211953 16.326563281276083 16.391842095351084 16.489768082843185 16.597291764905158 16.687676554981934 16.744089717786146 16.761381703191223 16.74289928435062 16.697647415385227 16.637380968757977 16.576458008701202 16.532501502478112 16.523391886715995 16.559350789685006 16.635362938606317 16.73360995117872 16.835785068994156 16.927503668382077 16.986973397181938 17.00341425156187 16.99019781264053 16.935675862429584 16.84840301252646 16.750177182087313 16.653078613489917 16.57308408925172 16.530678638937566 16.53757274764508 16.58943002689315 16.67219569232639 16.770453965690752 16.86509368866023 16.92490294503175 16.918629699093817
15.396480872444716 15.225619155378048 15.278659163486727 15.53909365964065 15.768407653353542 15.887752456694688 15.9384086388875 15.958867916106822 15.972722854570652 15.99626578805254 16.04189524848466 16.114464582969884 16.20349665319158 16.28367754587364 16.33329040579236 16.35364020539437 16.36213884972776 16.367446940060177 16.362585484293177 16.34127462660169 16.31063897183172 16.289183827125054 16.298294116038736 16.35125647947189 16.44334824296368 16.55267033585785 16.65513637407408 16.740010304648123 16.806444815944552 16.837553439907293 16.811653049283336 16.74845627374706 16.667569870560968 16.56908323237883 16.458526032249484 16.35479402724659 16.279512801861323 16.24090956307858 16.22765393512299 16.21728058108797 16.190490844339788 16.145878237927302 16.108637533883826 16.10951793162213
15.098792502763372 14.999338611211721 15.029936536137168 15.198614341399585 15.357962368931823 15.46565950117006 15.54080830306426 15.596871524992633 15.645080864708333 15.697947581213315 15.768243187150313 15.863149564918263 15.97524596397964 16.08107001795152 16.156470972309474 16.194509539467973 16.203457550627185 16.19150308181652 16.162748756183984 16.123301679965763 16.084306800024535 16.062417228434885 16.0769115763255 16.14008574748239 16.245071843086276 16.362886579262305 16.454989040024717 16.493633937588726 16.48310987963585 16.4681940149987 16.48134948538734 16.49553438963646 16.464485763727584 16.37835808877911 16.257412333547254 16.13313943297513 16.03230483866201 15.963380883550853 15.914678406522441 15.866840133637702 15.810316688717647 15.756397630994334 15.726112553743995 15.72729007125186
14.975173121259072 14.987457405390591 15.03985374804327 15.116739261729927 15.1550600415306 15.190732769347495 15.239741709387847 15.295240106147533 15.354369028559574 15.423486417225556 15.515058620785743 15.639577435435823 15.793407827330965 15.95256370340088 16.081951854494967 16.154352393045517 16.166769115155265 16.127694374385914 16.05124583723818 15.965115035920524 15.893105073805334 15.852082380675322 15.858688598094494 15.924374858100238 16.043462251420486 16.187993826832546 16.315952519190784 16.39157312604258 16.414407743711596 16.41662370497666 16.41505132547793 16.39635656136922 16.328708082715984 16.20605350279221 16.054958375898963 15.909638975474518 15.795594200835538 15.720903960031853 15.67804606927915 15.656979877902092 15.654478030720371 15.66496359439753 15.672944520186062 15.672305297769901
14.74362605607973 14.77879687510457 14.896270859632809 14.987020411564584 14.994527083994386 14.99777224069335 15.020336945815114 15.057965093038401 15.108299818584728 15.177791194317708 15.280222099351498 15.42717012263561 15.61153197379829 15.803007469938859 15.966632554404711 16.069846211246624 16.087896299878917 16.02477723145452 15.916019462223657 15.80275235071878 15.707206622269652 15.64559085462304 15.636861279112985 15.695751888654186 15.822199876003621 15.997747090911144 16.186705420882614 16.336409203530526 16.405381240256713 16.416248657807966 16.40799916964044 16.347308992575364 16.20678491571643 16.02049456168527 15.834127008383355 15.67713559159688 15.56645172357698 15.506346477352418 15.489909295533328 15.510027500652331 15.565389523711122 15.637313514466198 15.67282770005771 15.671220574641493
14.515626952354186 14.491206138933615 14.6144516652741 14.792609141858712 14.85035223968052 14.857368183687017 14.859905803040004 14.8714588839868 14.89937337505963 14.955259269948915 15.055703449713668 15.210739361915694 15.401350469878839 15.578341734427484 15.70451488444075 15.77508862966394 15.78950391827609 15.75311985708205 15.684959568790466 15.59742322997339 15.50431493513992 15.430039360990415 15.403103344968516 15.443595382757543 15.555208603342038 15.727863825005583 15.943084631857818 16.16192984859756 16.31437714316128 16.363444226608614 16.323404624233806 16.18170725018097 15.96872228659339 15.751729703538688 15.566013180632 15.424616970749268 15.336372277090472 15.302236319805296 15.3105216607332 15.345755846637138 15.403325838435718 15.490762125465261 15.578407660411123 15.570973072240095
14.434567937249291 14.475210004306577 14.846297373923582 14.930761383675828 14.846215405158024 14.784858982641655 14.74254420065104 14.7154254456887 14.710858645473687 14.743420081716833 14.831909247060455 14.985575947656768 15.176311929953131 15.334366758096262 15.405857547251678 15.409167532135921 15.409955514431841 15.429602903671935 15.426659351172653 15.373361758555703 15.285132897418706 15.1993406503484 15.152539679239132 15.165286830071478 15.236347946965937 15.3491461872095 15.486073294122313 15.635277493108239 15.772806944135834 15.837711919763606 15.783794798904946 15.651442570638718 15.503866168292095 15.365533259250006 15.243316497300063 15.149078364618592 15.098247004125342 15.095505508706854 15.124759975557257 15.155092454841926 15.154901121480421 15.103110565410018 15.02846731357773 15.034892039794483
14.449225626030776 14.702414338859889 15.123450911374439 15.084562873302138 14.88864707972603 14.736270253005623 14.632709873061996 14.559267889587224 14.5188491685518 14.525103956544928 14.596854016055213 14.74528666372342 14.94660783360203 15.130641591687573 15.233609471110126 15.263373902056463 15.268500960936722 15.266825181829342 15.237041645304892 15.159817189246835 15.051436681216343 14.948837300477468 14.884159481021523 14.870281718101792 14.895674485747094 14.928836681257263 14.931458512058464 14.878429325697299 14.788636390536631 14.73814529247255 14.781182543332038 14.871736656494836 14.931283597559077 14.934117818366452 14.899114077682112 14.860209501061428 14.848636696023782 14.877960032216354 14.934704141196747 14.98383620597032 14.989125459503668 14.949969068519904 14.922342763268178 14.923629773316096
14.437025702843988 14.67498679217306 14.985392568404901 14.972421318772037 14.794730571879933 14.615034248001109 14.47009750395169 14.361779641407072 14.295172209295805 14.281401735988943 14.336461263464894 14.47285044755365 14.678935958940974 14.90204253390035 15.071942764094105 15.156831343199391 15.172694346996561 15.134958876277434 15.044868478425519 14.916717051574185 14.781363940825148 14.66892841681827 14.598375911914232 14.572611992013108 14.575545447189567 14.575757778883537 14.541250482420603 14.46812629794035 14.400545524640435 14.3773371277986 14.396489673186155 14.4610918950185 14.53725760203139 14.577761808670601 14.579972145980472 14.571905150284316 14.58513628874197 14.637333110003619 14.723197595186823 14.817018274008019 14.886006122548915 14.914395724818958 14.918853150316151 14.918583409211232
14.21805852633143 14.394374947824359 14.571643928559936 14.599710046858304 14.486762744555577 14.333039240429006 14.192543071131762 14.084047985327626 14.016284607812228 13.998126071239598 14.040947492950956 14.153926806412974 14.331986813553259 14.544883237731737 14.740579297979686 14.866258321821938 14.895117945491606 14.832980228245889 14.710810333736646 14.570981717118922 14.445681207610122 14.35181609062613 14.296737363430378 14.279435277892723 14.289382825174943 14.310783921731387 14.33159889934658 14.347196453216212 14.355202971177771 14.356565172147166 14.355549622118904 14.348713354028208 14.335344441677014 14.31788693114668 14.29931291207177 14.289698679259976 14.305308685291354 14.35877298852349 14.4511208328313 14.571481535749848 14.698078851801018 14.798797947416446 14.848331384605123 14.844155415873866
