src/interpolation/Data/testdata/2056-slice.grd
DSAA
151 151
126.8 138.00000000000088
0.0 1500.0
3.8032794063432105 24.530138958471813
[rows 80 to 99 of 151, columns 0 to 43 of 151]
5.440722532674075 5.437394765241275 5.435859880866867 5.4362879233209584 5.4387400034447335 5.444895828346263 5.457019379967817 5.476376898866628 5.5018732119388 5.52910876608861 5.550227143653831 5.556226729727185 5.543143454698768 5.517688712811951 5.493357602180024 5.479376363159397 5.477177771329157 5.486785988533122 5.509806226950443 5.544703213177095 5.582681133127006 5.6083639220669195 5.604377682726221 5.55979346076201 5.47889306215621 5.382272044318888 5.297884751487514 5.24717100636318 5.230311102328457 5.228514342178455 5.229758943544648 5.242890686648392 5.283555056407126 5.350951352209798 5.425109222804629 5.479736424056267 5.495249926617705 5.469668685636313 5.418889839559853 5.365068181932218 5.324593983632288 5.302791902831929 5.2951863487056805 5.295786787251074
5.274955896183206 5.24186308730813 5.255257133803834 5.299859243818309 5.334670175045286 5.356598435722085 5.375436986647218 5.397102969577871 5.422502366371842 5.448146125525461 5.466775829239492 5.469960010140109 5.454129740710026 5.425707246860302 5.397561397044609 5.3798847799134695 5.376650945567577 5.3885734882120335 5.415097665210637 5.452648865851962 5.492242760629506 5.519294760725715 5.517325261676471 5.476416116287743 5.402536993179522 5.3186515634893095 5.253580092751684 5.2248373602726454 5.223842330230288 5.22643218261981 5.223996208886062 5.222006510979025 5.241180811191244 5.290014576721229 5.352498658998286 5.401575170075634 5.415421867306961 5.390190045946015 5.34029936140755 5.286712236206895 5.245312990200398 5.222131007768531 5.213958115636508 5.214877470897626
5.098553763333414 5.022949625818266 5.036090162964788 5.123935554101051 5.197495493127913 5.24186872764059 5.274300615422347 5.3046490330660765 5.335261739778021 5.363155075823108 5.380962754909548 5.379446107434752 5.3538079324388566 5.310276034256691 5.264806585491374 5.234205040966259 5.228436234584999 5.248771252421612 5.28968521062825 5.3416294968946225 5.392687876204856 5.4282273951416125 5.432791601387828 5.397468883276978 5.328668713423552 5.2483813850434755 5.18229053822316 5.1458908145526285 5.1383253344202044 5.141326662103703 5.1378467012363735 5.141254812534952 5.168741501660892 5.220325198683694 5.280929760368808 5.326193214110253 5.334963206132247 5.30240561416029 5.241069908377158 5.169738270543279 5.1032687896780775 5.051582239695374 5.023495713085983 5.025887736157295
5.041023959191625 4.972104844494692 4.9820463228244325 5.0549579647916385 5.106625970957106 5.142118358454787 5.1760707860764645 5.211753942329208 5.247718455992499 5.279191103361375 5.297712701198959 5.2931337707149995 5.261017254263023 5.21137153269272 5.165541985855551 5.1394076403786135 5.135192622051817 5.151698126867983 5.189276668206798 5.242821411647857 5.299478699177834 5.342039879844543 5.353331248792154 5.323335394282453 5.256518200086852 5.170760551112569 5.085672194012022 5.012116882719141 4.95744064408244 4.935648790785712 4.953388754457829 5.0036831601954335 5.070115646805544 5.1426854210520805 5.210428347903284 5.254629891388157 5.257605129374418 5.2157824956811725 5.14232896552966 5.057823071590793 4.981514117285468 4.928474179727787 4.904626644152864 4.90626723994798
5.030789113542791 5.020886314014149 5.0258146078470824 5.042497870036681 5.050581611755745 5.065510980876614 5.092840892673519 5.128688188894876 5.167274146600085 5.201432325850642 5.221397591939044 5.216850941638208 5.185950501364458 5.144156182055866 5.113809665496642 5.101604078636907 5.100044022004932 5.106589858780021 5.128235687507934 5.169442469550644 5.221439660762103 5.265395727420763 5.2811376520760955 5.2562422338306805 5.192718770513015 5.105663859764301 5.015134925143472 4.941948677669983 4.9045004944767125 4.897443332354789 4.902854491260351 4.935422714684078 5.000554993845384 5.078759007328992 5.148635401084509 5.19016199325559 5.187693311351208 5.139951249702496 5.063225354606341 4.982411804903362 4.919701383642061 4.886417393356195 4.876740748415043 4.877201654122358
4.939060279657922 4.935575568707072 4.959702297921866 4.981772627617724 4.986885238311243 4.998892705313022 5.024167736960695 5.059127581601065 5.097906569612486 5.1328403690536355 5.153671389516345 5.150302363289232 5.123026677039167 5.090231119420609 5.073242475827787 5.072490580707195 5.072893462390771 5.070714491157389 5.0794120240085805 5.109720167071707 5.1554945589870735 5.198098582199208 5.216377739879007 5.196961895846978 5.141130390592121 5.063481088825731 4.984872212947808 4.926760821953592 4.901115398383548 4.897000352023523 4.900088685652862 4.921752327504913 4.971991303926876 5.038457777240265 5.099590344620483 5.1342663000256055 5.12713458772713 5.0782483503920925 5.006246825889233 4.937769180441039 4.892900383252986 4.876164279344586 4.874373181480076 4.874387768819828
4.851043333855862 4.828926740541414 4.852191479746356 4.8930078158593195 4.918349240998022 4.94116589850133 4.9692559981477435 5.003400623937265 5.040445926609212 5.073948600460957 5.094042827136522 5.090449753948737 5.0623962241889195 5.025591165729452 4.99914225434809 4.98833322684183 4.98687962225934 4.992573430190256 5.01179904495781 5.0479587881909715 5.094940846546457 5.13750665256452 5.157405427669171 5.14315459747293 5.097229871278655 5.03456900579389 4.973999425717737 4.9301563239413655 4.908240174041242 4.902486192410542 4.906828864016484 4.92519940452605 4.96194525647095 5.0112587193771985 5.0585338326688385 5.084806607054109 5.074755193214161 5.0281354441921335 4.962986462643556 4.903884824962035 4.867132614937208 4.855983482042907 4.860437929242659 4.859851245459226
4.827656062267299 4.820202901139076 4.865230962481921 4.876185054666806 4.883684730985913 4.903563995813437 4.929836530883743 4.96063791482777 4.9936320761147694 5.023526003850532 5.041252788019181 5.036238528579714 5.004657418544224 4.956535942643764 4.908589945106084 4.87560804844658 4.870139968814169 4.893795069085745 4.935847790649076 4.986541142075398 5.038871680353962 5.0819546028102796 5.1021737023531335 5.091171436711734 5.0527914685625035 5.0017623903090485 4.954809309941759 4.922253729902694 4.905611268472568 4.900629344357038 4.903848921970592 4.917080141504902 4.94326441396878 4.980106826165138 5.017245422116274 5.03804276273153 5.02787736462434 4.985605918724538 4.926372959627766 4.870129238335667 4.8276487044815815 4.797617701946455 4.779011195862782 4.780397380448624
4.830627188551816 4.842640224737845 4.879255856883281 4.880788311668483 4.875691207750564 4.884818595849697 4.90348988098554 4.927580845935528 4.954315509840038 4.9789593788011715 4.9934279013041145 4.987844553571124 4.957149320688222 4.908813509190177 4.861173562730088 4.832018545484813 4.827686623421491 4.847500293984746 4.88795779680905 4.939130512265036 4.9902696169728955 5.030619974681194 5.048974136697384 5.038761969357974 5.003863638685199 4.957537090256517 4.914236278874718 4.882270212661142 4.863353853649783 4.856706704127329 4.861556864788511 4.877469567333434 4.903840618972874 4.938054767395367 4.971908273024054 4.99140229300336 4.9837499848737155 4.947549287925568 4.895059969207666 4.84260675547214 4.800379214292044 4.773167172577177 4.763831417850678 4.764204965756283
4.8382089399126444 4.847788378998644 4.868753386077403 4.871345751338626 4.868315873961814 4.8712354696283535 4.881597658009975 4.897840358840604 4.917615390259421 4.936555957200802 4.947569355306308 4.942556030283528 4.917974446725795 4.880717383261809 4.845843861081895 4.825531068495135 4.822370986539604 4.835585343958256 4.864495690279867 4.904327373679026 4.946613028682819 4.980865884782266 4.996094198196363 4.985681878553961 4.952858980080642 4.910171971948381 4.87216721576485 4.8478229391611665 4.83745047712653 4.835170636636206 4.836838199650674 4.845078548094686 4.864296985726756 4.893638996191204 4.924770826147506 4.944064219574175 4.939650223825374 4.910225938293838 4.866523558895127 4.823120764261557 4.7901025688000125 4.771371993985445 4.765040210783804 4.765376814415841
4.82847195830079 4.835747446890817 4.8460580522944205 4.849965417403337 4.848307424268694 4.8480156911542185 4.8528942748120825 4.8635001982105175 4.878071162963487 4.892421981077938 4.9000677137667425 4.894500071260451 4.874409219987702 4.847294435106713 4.824583403773885 4.81238253924753 4.8101627662228 4.817178026733958 4.835049429761235 4.863773405219267 4.898113965562693 4.927962164174226 4.941675983037737 4.932076010123187 4.902440856881752 4.866582569452112 4.840878299844841 4.832435267783869 4.833247506188157 4.83378798109998 4.833328481689561 4.831619703300252 4.835647610960398 4.852930794399668 4.87783697257918 4.895438833649693 4.892737489096844 4.867967682068702 4.831381423416659 4.797188307402583 4.774884886837873 4.765388158572242 4.763147819258113 4.763362152229011
4.780037211303841 4.7809050229722665 4.787379337724769 4.795129110517256 4.799310965872705 4.802389281178972 4.808310313280223 4.818577517620589 4.831857741534663 4.844013474560591 4.848536749675109 4.839114833322582 4.814914010962183 4.783747772248008 4.757078589061119 4.741707731216465 4.738345243290392 4.746586143950631 4.767165592063622 4.798930867972544 4.83612326495894 4.868561808898917 4.884626758562617 4.877286972556503 4.850540743002786 4.819951838875854 4.8043177106365595 4.811483368219228 4.826780257263483 4.832057901055841 4.827695599047778 4.812153344505788 4.800492530061814 4.807868469728528 4.8282353916814955 4.844226214595125 4.841011060179181 4.815821493006312 4.778304656109531 4.742423991989138 4.718271643595993 4.708185843804125 4.706753315850795 4.707025877479908
4.719897879295975 4.721236572699558 4.7216703154022275 4.722490385706623 4.727607429516198 4.736296749931009 4.748173872312995 4.763006752081506 4.778957786211413 4.791541423625458 4.793558050820162 4.777511581840072 4.741292978762081 4.692619407876006 4.6460019574737785 4.615353489650268 4.608902396033446 4.627256045144686 4.664727608467716 4.712988725181136 4.762997778305449 4.804306955095645 4.825872666924965 4.821025267881871 4.7936661424677744 4.758646627228272 4.734036835249979 4.73171788613082 4.749368127386817 4.762877287647613 4.751012108414147 4.73145499452753 4.728780547010934 4.746042972329272 4.772128180159347 4.789920342007826 4.785000254900965 4.754286256853471 4.706515656961566 4.654329960941223 4.607224299095058 4.571037790071502 4.55125415626721 4.552850362333525
4.6855605675281575 4.706126976826164 4.701218609166858 4.673954514335643 4.661008525492401 4.66690399985235 4.682705476087203 4.7028795736006535 4.723205705662985 4.737922456433196 4.73858212600082 4.716264091674488 4.668542922389369 4.606336554795511 4.550441849709025 4.5175207196548515 4.511684961898162 4.531452693424306 4.574056097257755 4.631432684866195 4.691520415260407 4.741319729361967 4.768467184733995 4.765302015549791 4.733987697175481 4.685819136872675 4.632907642818954 4.580871996888782 4.534396942863119 4.512327889846473 4.530659423817322 4.5748837646006795 4.623949437227703 4.671494204048123 4.712277758052461 4.7349728240132105 4.728313599204429 4.690496875262693 4.630951615073657 4.563609869762145 4.501326233629383 4.45548095218319 4.433266777560146 4.434756975041236
4.633251500006255 4.655528301152319 4.6451292234309545 4.61246489774084 4.598488776954326 4.603939222428381 4.621674825989902 4.645545773782416 4.669730244336172 4.687023566075093 4.687738165498187 4.662441762152562 4.610810605112104 4.548943106194117 4.500273254361763 4.476053779843316 4.472425364706111 4.486418353134757 4.520697719005011 4.5730963969430976 4.633068539678805 4.685678935829492 4.715890427065739 4.713835192965599 4.679608950868863 4.622368713280753 4.554566027237349 4.491220878059586 4.452825116358517 4.443793038513059 4.450930015298862 4.4855398474757155 4.544737839101515 4.607363964889124 4.657914570858964 4.6839527784839365 4.675729379099665 4.633302532204437 4.56884766895944 4.500240452603163 4.444034645629491 4.411042509782969 4.399852972865291 4.400425094393249
4.545825993215963 4.542568969419903 4.540745066534971 4.538049635301623 4.538478036566259 4.5488046387069305 4.569156316618598 4.595549359945706 4.62232240485151 4.641717905381118 4.643480463719781 4.618708127615117 4.570069489694429 4.516714832790128 4.479363905027892 4.462962962144694 4.460605823123674 4.4693400173084195 4.493748463224912 4.536021836948425 4.589414800415184 4.6395774623303545 4.669925974328358 4.669010472711933 4.636173763692567 4.581018128838919 4.518890548099267 4.468727097641792 4.445322314976185 4.44179186107858 4.444430444404029 4.464724411277237 4.510239553080117 4.5667160459383185 4.615183268457012 4.639901627581375 4.630279684072014 4.587321528226621 4.525688324780482 4.46551802996958 4.422124972806625 4.400988526053223 4.39603387631514 4.396193962142254
4.480271459879476 4.464289820218848 4.46416531309129 4.471478893227058 4.483303620721893 4.501708151112294 4.526223239133085 4.554659205262167 4.582711785710375 4.603172309604208 4.60605354281713 4.583262488758523 4.539017423584731 4.492412514401402 4.460899407651345 4.4471385963009356 4.444949828852117 4.451901058571804 4.472117107116733 4.508236697069739 4.555587160255376 4.601537644028948 4.630092008484695 4.630081636023331 4.6016062284532975 4.555402167793664 4.506637873566985 4.469157133204386 4.450077951552672 4.4452847072936725 4.449035835105412 4.465655344455622 4.498985274403664 4.542194273544921 4.581768842683662 4.6022839609659005 4.5920826237640355 4.551803832073785 4.496504727573348 4.445877121572625 4.412402633055571 4.397782940954351 4.395197565770947 4.395246307763799
4.45662245240838 4.440364814733897 4.418765331118056 4.416921128757439 4.438894388239116 4.465782791281295 4.494012643529925 4.523301434865767 4.551044742408699 4.571145331013664 4.574467043482606 4.553524330575456 4.511933534074161 4.4662671167468835 4.431798502748266 4.4131394670848705 4.410043417896225 4.421470940617399 4.446013502191515 4.48265605556159 4.527183325159042 4.569118046755289 4.594676932507341 4.594368086037295 4.569418614489786 4.531049739562259 4.493320806521853 4.466065668588753 4.451935983757321 4.44781489098644 4.450777284115718 4.462711750817104 4.486248887574127 4.518792611472276 4.550882936898178 4.568380506226406 4.559380925399387 4.523612171488803 4.474566080928678 4.429648823575042 4.398677613094738 4.381277105756168 4.373033266049241 4.373614415271949
4.444423639745839 4.41488313087097 4.391417203053322 4.391881332543088 4.416242633332261 4.4451897794552275 4.473195738750452 4.5007802739861855 4.526212957722585 4.544361425953951 4.547237736904643 4.528163743278976 4.489643639525504 4.445678824174514 4.411532288126754 4.393830435145255 4.391193058632545 4.401909082066541 4.426233270406258 4.461909430474142 4.503184097340181 4.540402471156996 4.56185464726672 4.559639439051916 4.535284963146023 4.499079417242154 4.463251757563034 4.435629182842254 4.4186417388855155 4.412494956989799 4.417183454377125 4.432137272998051 4.456503013716944 4.487661421454056 4.5181515381016055 4.535851958445003 4.530005043272277 4.499907819348522 4.456882724302627 4.415797973658132 4.385672074909607 4.36860022821098 4.3631636216493614 4.363383862047484
4.4401218154503646 4.414243542768463 4.391403434880748 4.3954066386344435 4.415143325615084 4.438187971201382 4.461375435669835 4.484509698095487 4.505795008966731 4.5206375158059355 4.522234766393881 4.505280933338543 4.472153759839335 4.434621921949426 4.405925508090361 4.391479596946116 4.389196367805487 4.397383019615244 4.416976771926241 4.4468957911779485 4.481908484999931 4.51310438309527 4.5299523465859135 4.525248120451485 4.500180370402598 4.4640551929813475 4.428533911235347 4.402269026095684 4.38862644045946 4.384940595109776 4.3878182546183195 4.399677359598152 4.422781062959348 4.453818816148883 4.484641917590326 4.503877608432154 4.501887544465175 4.477984085977596 4.441857053602109 4.406527492376738 4.3808328432386086 4.36741799040495 4.363436776739082 4.363620682682145
