src/interpolation/Data/testdata/2056-slice.grd
DSAA
151 151
126.8 138.00000000000088
0.0 1500.0
3.8032794063432105 24.530138958471813
[rows 120 to 139 of 151, columns 44 to 87 of 151]
4.00362997540289 4.011667126510832 4.027543329860438 4.052507458570085 4.087025482132105 4.131060186305067 4.1840397332142745 4.244854328437265 4.311946999891101 4.383456624395275 4.457371844613458 4.531673204399046 4.6044544630682696 4.674021316254127 4.738968947721625 4.798240503537057 4.851167420232865 4.8974902388683885 4.9373562460623495 4.971289449298745 5.000130132095558 5.024945635560948 5.0469198719149135 5.067234331562864 5.086956061939299 5.106947387606908 5.1278084374993975 5.149858098854724 5.1731531236699215 5.197539655428574 5.222726967513291 5.248370232422486 5.274148280339057 5.299823988834689 5.325279022500314 5.350520204606897 5.375660436612634 5.400881401792043 5.426387452202136 5.452359987580425 5.47891980804244 5.506102161374798 5.5338462759460425 5.561998618542867
4.007483230858122 4.015950357121798 4.031458375020353 4.055400455383279 4.0885446117969515 4.131093258935318 4.182652940046462 4.242249691723932 4.308429293682666 4.379410132753802 4.453247856613912 4.527985243830259 4.6017758578691526 4.672979757738742 4.740233968614934 4.8025013023993814 4.859099999289362 4.90971471291555 4.954387617560366 4.993487802270265 5.027658221451153 5.057742251220468 5.084695585864417 5.109492559044715 5.133037800268535 5.156093800738884 5.179232570891209 5.202815790672948 5.227003534540084 5.251787544921353 5.277041701719789 5.302580241473861 5.328213765638397 5.353794288049099 5.379243304841736 5.404560532582422 5.42981470572974 5.455120823369052 5.4806099380481506 5.50639784738027 5.532558113354467 5.559103142195136 5.585975095412682 5.613046570064703
4.004684162114034 4.014014001542689 4.030063908188167 4.054205309582172 4.087323070401428 4.129704941668953 4.181012590394227 4.240328692182543 4.306270025483039 4.3771393595563035 4.451084867289629 4.526244148935833 4.600861723148854 4.673377899422523 4.74249168818369 4.807201679906826 4.866828069463308 4.921017469047168 4.969730791657843 5.013213964303098 5.051951880276963 5.0866077369218505 5.117952219715681 5.146789113600457 5.173885102068862 5.199911312310074 5.225402574096898 5.250737745150032 5.276141367870347 5.301703922204863 5.327415499790814 5.353206202437891 5.378986186936773 5.404679085121258 5.430244347506014 5.455686496384858 5.481051802017482 5.506414996253839 5.531859947595679 5.557458609265804 5.583252112936843 5.609236864138152 5.635357205635067 5.66150493111351
3.987730516980851 4.000077315415715 4.019296735269073 4.046253596680794 4.081679647592348 4.125853012447399 4.178474661957255 4.2386988518969115 4.30524445322074 4.3765398941503655 4.450871315127465 4.526514916293415 4.601844272421959 4.675410771725536 4.745999483287637 4.812664102727738 4.874744219589481 4.931867036668941 4.983934642197215 5.031097492592449 5.073715118162934 5.112306134480211 5.147491086780835 5.179932981951939 5.210281096888423 5.239123494194682 5.266952588298547 5.294146291715065 5.320965087382427 5.347563215002028 5.37401038322634 5.400319294791237 5.426473953292165 5.452454226223428 5.478253338283632 5.503886599043592 5.529391390720232 5.554819922101039 5.580227247855637 5.605657449436282 5.631130706078564 5.656633389347883 5.682112481279393 5.7074747336469125
3.9729104345932447 3.984589890566508 4.00510450697395 4.03481711909911 4.073471588206704 4.120654970656187 4.17574698340527 4.237824804932251 4.30566833337201 4.3778393505712145 4.452789042460951 4.52896419300858 4.6048974272795755 4.67927656275848 4.750993312264026 4.819173657941223 4.88319246606312 4.942674359661111 4.997482225144845 5.047694424959665 5.093571991448759 5.1355177379056425 5.174030120136479 5.209655501637987 5.242942913149892 5.274405253454328 5.304490113409338 5.333562137784556 5.361897298003979 5.389687905483642 5.4170559056970795 5.444071154431025 5.470771101448488 5.497178604366693 5.523315376928053 5.549209666507531 5.5748979337933084 5.600421353798779 5.625818703186299 5.6511175579638255 5.676325700261049 5.70142429748089 5.726363887972055 5.751063610534269
3.967307383657533 3.9763421578165294 3.9955180011569573 4.025971360454456 4.066897074079753 4.116914535499706 4.1746832779957135 4.23892818228438 4.308346145359334 4.381571217995246 4.457201723623592 4.53385675554361 4.610237144374158 4.685178091074492 4.757688696246406 4.826977696593029 4.89246631218427 4.953789451576195 5.010786433618643 5.06348233245206 5.112061240325376 5.156833181975279 5.198196981287686 5.236601883964056 5.2725109877665135 5.306369395290883 5.338579452245673 5.369484538025808 5.399361782857454 5.428422981143734 5.4568220330599155 5.484666617115337 5.512031556597559 5.538971503241504 5.565531063182286 5.591751218052628 5.617671701307942 5.643329729735456 5.66875604572579 5.693969530661318 5.718971693669951 5.7437421618822535 5.768235969057477 5.792383041851418
3.9665488187527784 3.9746178298481105 3.9929260216445477 4.023431739335204 4.065579837880095 4.117567622223345 4.177453072747955 4.243531884274496 4.314313492549309 4.388426657097137 4.464569429826427 4.5415068862992065 4.618094423260419 4.693308308212757 4.76627319479053 4.836282030179848 4.902806879213823 4.965500611292142 5.024189987782943 5.078860988983204 5.129637505783857 5.176754876673501 5.220530137575382 5.261331168676052 5.299547057055303 5.33556186769381 5.369733608697608 5.402379534531026 5.433768150639063 5.464117488252969 5.4935985333682185 5.522342218803872 5.550448182215116 5.5779935665788765 5.605040455807513 5.631641021167141 5.657840006579938 5.68367470344315 5.709172976569886 5.734350151653809 5.759205647095854 5.783720148068832 5.807853920893557 5.831546604965481
3.968898526748679 3.9781145273290357 3.997249760892633 4.028430575964883 4.071460837584078 4.124621147692691 4.185770858325686 4.252951654105895 4.324514436756668 4.399053429451799 4.475325013345412 4.55220355836713 4.628670987611911 4.703824846276324 4.776892489441039 4.84724401455941 4.914400280796215 4.978034552730935 5.037967492019943 5.094155881704326 5.146675907934043 5.195702183565966 5.24148400504387 5.284320552966596 5.324536822650074 5.362461961740119 5.398411388996304 5.43267360307303 5.465502027508018 5.497111662329819 5.527679809167667 5.557349775834905 5.586236291297064 5.614431382803349 5.6420096609884665 5.669032276616855 5.695549189331376 5.721599756767472 5.747211954281598 5.7724007332610725 5.797166105057244 5.821491505985233 5.845342881631821 5.868668760453889
3.976142178179784 3.987685800879715 4.008858780397406 4.0414146087693315 4.08528943805422 4.139016611486162 4.200571869502511 4.267983326223595 4.339558605238046 4.413884392965718 4.4897592615998 4.56613632767158 4.642093049976718 4.7168223030256575 4.7896347511336455 4.859964735940451 4.9273749060030365 4.991557111134912 5.052328554858438 5.109623099855211 5.163478196730172 5.214018304701829 5.261435956909977 5.305971800312708 5.347894993811052 5.387485262259395 5.4250176792494385 5.460750912146329 5.4949192539916725 5.527728346375573 5.559354124389802 5.589944238852909 5.619621063671595 5.648485386519879 5.676619995488991 5.704092580982871 5.73095762751198 5.757257228056341 5.783020973872296 5.808265226595495 5.8329921541511265 5.85718890942272 5.880827265194605 5.903863912466509
3.990982457494989 4.005065649637556 4.028554466627464 4.062618043042861 4.107129035477373 4.160855590524769 4.222025631714451 4.288819533657335 4.359615983147083 4.43304396827389 4.507948877457961 4.583344286432047 4.658377309849985 4.7323109711175055 4.8045184574307775 4.8744831714392305 4.941799994732021 5.006174941382556 5.067421758720895 5.125454983196257 5.180279593606094 5.231977829884973 5.28069402775073 5.326618484273995 5.369971422003379 5.410988060073249 5.449905637299714 5.4869529849279495 5.522342948198992 5.556267646851386 5.588896286519227 5.620375020870693 5.6508282413357405 5.6803606452441375 5.709059496475483 5.736996624680508 5.764229880806165 5.790803946476631 5.816750554210495 5.842088293406857 5.8668222423833125 5.890943678645519 5.9144300858499355 5.937245610253526
4.014971752208018 4.031238200110578 4.056628047901118 4.091784210692001 4.1364537115647195 4.189582604093086 4.249668063381747 4.31511086579847 4.384429625338041 4.456337264867081 4.5297381739754545 4.60369847750371 4.677417278523111 4.750207736240726 4.821487452706541 4.890774676136357 4.957686829788826 5.021938822445294 5.083339617000041 5.141786357474856 5.197255954675234 5.249794447629278 5.299504733918944 5.346533423311567 5.391057629062436 5.433272478438275 5.473380009474514 5.511579942403996 5.548062596304552 5.583003993569516 5.616562986360152 5.648880075474891 5.680077490130535 5.710260063657776 5.739516471021805 5.767920476205101 5.795531951530123 5.822397555329747 5.848551068851732 5.874013482346181 5.8987929748276775 5.922884949860752 5.946272274851932 5.968925832105525
4.047534609882407 4.06555674043957 4.09222646549097 4.127860131803825 4.172124342759641 4.224110610505158 4.282558039746127 4.346093741978128 4.413401307522007 4.4833008190452155 4.554766699187549 4.626916204709509 4.6989908084535585 4.7703406780792985 4.840414694032128 4.908754896294696 4.974993268760049 5.038848966995675 5.100124670544756 5.158701336094501 5.214531120304784 5.267628609067893 5.318060743779629 5.36593598957058 5.41139335729269 5.454591880581073 5.495701073086057 5.534892764160623 5.5723345529952475 5.608184953007433 5.642590141687899 5.675682104465854 5.707577877252415 5.738379556762995 5.768174758666551 5.797037252750197 5.825027578795939 5.852193531937992 5.878570487696074 5.90418160322713 5.929037975343249 5.95313885491873 5.976472013168208 5.999014332897669
4.086189199476164 4.10584235614252 4.13339085249056 4.16904971041169 4.212501032126197 4.2629841393273775 4.319453240030512 4.380745761125142 4.445711670523849 4.513287664995981 4.5825262199287184 4.652598139012867 4.722784231461366 4.792465250287273 4.8611138082587555 4.928288806180763 4.993631536118311 5.056862315783061 5.117776696739523 5.176240636547895 5.232184375181405 5.28559504725795 5.336508276636872 5.384999138766687 5.431172944423681 5.475156303917533 5.517088883275695 5.5571161757022365 5.595383497504222 5.6320312938429336 5.66719172194485 5.700986381404546 5.733524992613732 5.764904789860322 5.7952103947407165 5.824513963083525 5.852875446122848 5.880342864063744 5.906952547448961 5.932729350495381 5.957686875137102 5.981827762341379 6.005144108806828 6.027618055263513
4.1276639726391275 4.149203469258357 4.177620911608866 4.213197085811843 4.255722339694177 4.304605316451771 4.359002419645014 4.4179460142167315 4.480447218094709 4.545562776850579 4.612429512555318 4.680276586128395 4.748425881644393 4.816287752606191 4.883355995785866 4.949203478902079 5.0134784958352565 5.0759013732775 5.136260770440332 5.194409250720797 5.25025791296643 5.303770074094973 5.354954160466751 5.403856080475401 5.45055141365036 5.495137765728464 5.537727611471982 5.5784418867862335 5.617404510071607 5.654737921807384 5.6905596428982035 5.724979776492719 5.758099322229979 5.790009140110859 5.8207893936736195 5.850509315802841 5.879227169774516 5.906990316144612 5.933835335796349 5.959788194775956 5.984864463082794 6.0090696150433835 6.0323994430830545 6.054840611151975
4.169103554806719 4.192984923575158 4.2225652844410035 4.258264548985724 4.300034611901839 4.347470860005136 4.399926411864899 4.456618227716968 4.516713522848757 4.579390742339883 4.643876504434819 4.709464304042821 4.775521678320563 4.841491259520856 4.9068891879447065 4.971302654823365 5.034387208329808 5.095863851339058 5.15551572984025 5.213184198959843 5.268764144305771 5.322198558300554 5.373472484960216 5.422606533033379 5.469650209149679 5.514675339044934 5.5577698295915114 5.599031983561445 5.638565520835785 5.6764753930322795 5.7128644119938565 5.747830653899353 5.781465555635633 5.813852591767008 5.845066409598619 5.875172304711503 5.904225936362834 5.932273206625352 5.959350254165977 5.985483538711809 6.010690012179022 6.034977385186453 6.058344502728119 6.080781840876554
4.208719616392093 4.235354226933265 4.266490831464072 4.302680519732289 4.34404086430397 4.390351605150531 4.441153067534088 4.4958367020259296 4.5537202340839995 4.614103851399959 4.676307993798724 4.739696138654426 4.803686961665598 4.8677598361402366 4.931456569653365 4.994381160381667 5.0561984861171245 5.116632286545329 5.175462515052247 5.232522035744131 5.2876926468389485 5.340900465936076 5.392110779072147 5.441322512685706 5.488562525014967 5.533879927312536 5.577340636315368 5.6190223312959455 5.659009947184194 5.697391786020893 5.734256278774694 5.7696893840189185 5.803772573503494 5.8365813299449405 5.868184070208097 5.898641406560813 5.928005667566581 5.956320615299829 5.983621313490922 6.009934118744911 6.035276781598664 6.05965865427365 6.083081006921618 6.105537454224834
4.245815178432111 4.275412457685036 4.308420332248268 4.3454687078713725 4.386808058678011 4.432378209951008 4.481886808829557 4.53488476681474 4.590831312509777 4.649145244665867 4.709242115938084 4.770559191505516 4.832570984617411 4.894798189337332 4.956812310956479 5.018237607946555 5.078751340751588 5.138082870261848 5.196011870003214 5.252365775822959 5.307016549526628 5.359876838182164 5.410895638741824 5.460053608563743 5.507358184870951 5.552838684688486 5.596541550060351 5.638525882915849 5.6788593831779695 5.717614766901855 5.754866702954312 5.7906892711823374 5.825153915496524 5.85832784396685 5.890272815735853 5.921044250900977 5.950690603084427 5.979252943099605 6.00676471355857 6.033251626149696 6.058731683758194 6.083215317302504 6.106705631496942 6.129198754739153
4.280469710001208 4.3129982616860385 4.34802500090577 4.38619670291113 4.427847425576235 4.473038678029268 4.521615943591843 4.5732681365095065 4.6275820239378325 4.684087578334705 4.742293047577117 4.801710385686357 4.8618726647638955 4.9223453668404025 4.982733283917668 5.0426843784529645 5.101891551059779 5.160092923399846 5.217071004864136 5.272650966461197 5.326698172513281 5.379115095292385 5.429837737985704 5.478831701308371 5.526088038131999 5.571619042722534 5.615454114146224 5.657635817206949 5.698216240709689 5.737253724672712 5.774809998477224 5.810947743858193 5.845728572588092 5.87921139038247 5.911451106748017 5.942497645095635 5.9723952075934195 6.001181753555604 6.028888657006294 6.05554051678412 6.08115509975635 6.1057434033621245 6.129309827235652 6.151852444954661
4.313171474197041 4.348399227449922 4.385415600172842 4.424833083992232 4.467020355546988 4.512118344883675 4.560076173096622 4.610694754262905 4.663670100387368 4.71863178298627 4.7751745299492665 4.832882646546512 4.8913479535653615 4.950182381216276 5.009026420074588 5.067554479057209 5.125477967939996 5.182546692792188 5.238548968437244 5.293310723864431 5.3466937986079355 5.398593587642132 5.448936175543284 5.4976750958390985 5.544787850024741 5.590272317192776 5.634143176795843 5.676428452990019 5.71716627001996 5.75640188584935 5.794185047793364 5.830567691381457 5.865601983886098 5.89933869820062 5.931825891720402 5.963107858625961 5.993224321984164 6.022209833467916 6.050093352117129 6.07689797825724 6.102640823414471 6.127333001019488 6.150979725381174 6.173580507661938
4.34453780541532 4.382101965736167 4.420937752636098 4.461589795936503 4.504422048104029 4.549616590610001 4.597192632427237 4.647035844452782 4.6989308678075306 4.75259240602367 4.807692396705249 4.863882272589755 4.920810300517208 4.978134522726088 5.035532037051961 5.092705359981026 5.14938651860192 5.205339384855199 5.2603606398713465 5.3142796566285 5.3669575196813 5.418285357238206 5.4681821361293315 5.5165920567220015 5.5634816763787605 5.608836882184318 5.65265982376629 5.694965904010341 5.735780909417194 5.77513834365236 5.813077008819406 5.8496388605807415 5.884867146753398 5.918804825406092 5.951493248337421 5.9829710892487125 6.0132734926570155 6.042431419038988 6.070471163083915 6.0974140244350465 6.123276113148103 6.148068274677098 6.171796121097678 6.194460156304691
