src/interpolation/Data/testdata/2056-slice.grd
DSAA
151 151
126.8 138.00000000000088
0.0 1500.0
3.8032794063432105 24.530138958471813
[rows 20 to 39 of 151, columns 88 to 131 of 151]
18.563011149090965 18.673280235088527 18.831670119081995 19.012216466656042 19.18630614233723 19.329893444089226 19.424793362065827 19.45961089744103 19.43041955566776 19.340711559016434 19.20179758461042 19.032715653060976 18.8598023752211 18.715573760121863 18.63060282449408 18.615932161392013 18.650484701238266 18.689681723088697 18.69153806308087 18.648800972312127 18.604853957869512 18.608320607413656 18.655316740428997 18.69379283357884 18.68615137197859 18.64780598150972 18.627174549132764 18.671644154491066 18.798156244242154 18.98400003758441 19.183801627642037 19.35432636156312 19.47008086910255 19.528163377191774 19.54115912324538 19.51593350990605 19.444616147074104 19.327084920418756 19.192121532392132 19.09189524122053 19.069338057814395 19.12672439632888 19.229857344305984 19.335334637883882
18.28424542402255 18.36474011621963 18.475802047334042 18.59568784318239 18.705354296090395 18.792613733545817 18.849586020353524 18.870569177191364 18.853162095461233 18.799722321878434 18.716416755989222 18.61232552090097 18.501718663711525 18.40674888253241 18.352846796617534 18.354003231764494 18.399623138321974 18.457798490626583 18.494850928597963 18.500332742388693 18.493455198410558 18.494144355333862 18.501015270108137 18.492808361066807 18.454338300237065 18.40343936701741 18.380662224707645 18.422231304205347 18.53851644043265 18.710533352509884 18.904397169052558 19.086790473409128 19.230957967252674 19.318563303807537 19.341545783006286 19.299927514955943 19.20130606755079 19.06774819152846 18.937379226359166 18.853663766821153 18.845150431999393 18.90921683954385 19.01735213283412 19.134690420105315
18.002687784181923 18.05750393746853 18.12481159328902 18.182380542018674 18.21692047132832 18.22843344922009 18.226836232374414 18.224309950133556 18.22670128546575 18.229348380375527 18.220900352349855 18.19210797984685 18.14398140457531 18.091444006694946 18.058679237817252 18.065565355143463 18.115140061925153 18.193332209437525 18.277357378533015 18.34395947464454 18.3779638404093 18.375795980578655 18.33773478268041 18.2692652768163 18.18890679630081 18.12388406162657 18.101562861301563 18.13976168773719 18.23690501053954 18.37275374836835 18.52113690130248 18.660823130315453 18.775896073705198 18.85125954137423 18.873832156005655 18.84147013408212 18.768144855688995 18.678674889215863 18.601625078214468 18.56434170488795 18.583989809324898 18.6581907168075 18.768313704721226 18.89316344226845
17.725993579728364 17.775153824803095 17.824934854931836 17.854042334175805 17.854906734518398 17.835996953386594 17.81426289302707 17.804566222773175 17.812834526679147 17.834248906723015 17.85493392260862 17.858556568482623 17.83688484009174 17.797499841931906 17.76142570056314 17.75019464601104 17.77327965405232 17.827055768196967 17.90043021204276 17.97494333939144 18.02258262147469 18.019403032932225 17.96765822809852 17.894116562017274 17.827634554286814 17.788228415468293 17.789550656884963 17.83676424172105 17.92011702353595 18.017010284020383 18.1040820851707 18.167554396086384 18.205325373633706 18.223825082666377 18.232391402637486 18.236557030918856 18.23628701427999 18.23219241913997 18.232119752599434 18.250493513644663 18.29934741984932 18.378533886011628 18.476604854171754 18.581297370931743
17.462066159484376 17.53145893131361 17.597218373356284 17.63966117687702 17.65391643148257 17.649757666198077 17.64113605565917 17.637134922101033 17.64050291627157 17.648996391656958 17.654271986509624 17.642917440811978 17.604872876563338 17.54373866939688 17.477324683328582 17.424998293237437 17.394016427660944 17.37819929630125 17.366827101776018 17.35430147218299 17.34470230755883 17.345965009155726 17.357752312547206 17.372777547726542 17.38933850972369 17.41547080799048 17.46269180936886 17.53524176878683 17.622346016260003 17.70223193358769 17.755909145669253 17.778117868658747 17.77812343592258 17.77212548064858 17.77357292892742 17.788874703423133 17.817813174936525 17.855504467916322 17.898554790879274 17.94992021432147 18.014302622300253 18.08918176097906 18.163461570492544 18.22430099015474
17.2166830737895 17.324758663928904 17.430904429042297 17.512719978251415 17.56172341808442 17.584500748148336 17.592769213552828 17.594747850705293 17.593082742303405 17.585519756323592 17.56425884504781 17.517541805732883 17.43763129283602 17.33072687958494 17.216959716705652 17.11636427850627 17.034787660300967 16.964278691440928 16.895618787372165 16.832472935686294 16.793823960391595 16.79702250732138 16.841173312105212 16.908381940509873 16.981708502715932 17.059654424316136 17.150371828901626 17.256764153246248 17.36738170698788 17.461741037663725 17.525926326340915 17.56284930294643 17.58669193462009 17.60540484721621 17.612906295780583 17.607330797681094 17.60333639209985 17.615367525989722 17.645717955379364 17.691985214961537 17.75106672945324 17.814708579472846 17.86872263829309 17.89835459158963
16.98756777789833 17.13852920315138 17.29437629209288 17.424705034430026 17.512735573566626 17.560739904903674 17.581415543601125 17.58694799869034 17.58233513696663 17.563257364527267 17.517724185921214 17.43219177431913 17.302111223774627 17.141173923894556 16.977993020418946 16.838939875192125 16.7345100064826 16.662280480525503 16.6171983779943 16.594590652785445 16.587017436140037 16.5876699915389 16.597524110650784 16.6248554085984 16.67743669172887 16.7591089170162 16.871470146592635 17.00969327176574 17.156429924886705 17.287120640030516 17.386346931889932 17.45860925803386 17.521026458390462 17.576695800308652 17.595650034688497 17.562848126334384 17.513095917195674 17.479531261389862 17.469143691196418 17.482604720659168 17.518797926860817 17.568427026545272 17.615670623609663 17.64715692969496
16.763063202496223 16.948105512877696 17.149471886000047 17.328158088865624 17.45738309004519 17.532971351025427 17.56744584475869 17.576920645839714 17.56902129466517 17.537107193495917 17.464981556045217 17.338451358337906 17.15851291131492 16.948640562422867 16.746973788068686 16.58645703701325 16.482116747780037 16.435582945808317 16.441489720041965 16.479205327551902 16.510190166843586 16.50804887105969 16.47490059545896 16.441309388091486 16.445776574277023 16.50599421422602 16.622726915840293 16.78589335452231 16.97120557206718 17.14479929947801 17.280927299311273 17.376614890670545 17.450879209197772 17.52291783296211 17.552519061407168 17.500721834503956 17.434438445236832 17.379552334086114 17.333288626163853 17.305716036187317 17.310401144190298 17.345402434299974 17.394845388711424 17.445023370296038
16.52786883279745 16.72953289724584 16.960341328582224 17.17903693119406 17.351286959751633 17.463072795651126 17.52041611351978 17.537855735781427 17.5231980713607 17.469514088909648 17.361717005107476 17.191482891995648 16.969543871922937 16.72772896324752 16.507618872196172 16.34152434379565 16.241482746579656 16.204967787030995 16.224927396089072 16.28461832776552 16.338765426210525 16.3346589696739 16.277223392050182 16.222935097588117 16.21463579164823 16.26774894890428 16.387160083255566 16.567813938738666 16.785422198054178 16.99859873486734 17.16773761002581 17.273217950495276 17.317259161757804 17.31479005087287 17.30547401207601 17.320488187897293 17.315107890659256 17.27178889856572 17.201146680879702 17.135117252017064 17.108583424133503 17.13004337382365 17.181916872499407 17.244107011847102
16.271740310520038 16.467652861129903 16.700151300876144 16.93531457186905 17.13942032780875 17.28946886802524 17.377644655502348 17.40735634802249 17.382107314412277 17.298434414803868 17.151755289626205 16.94763643667215 16.706827256924715 16.462118104329672 16.248960785677664 16.091523301227493 15.992691748548213 15.937474917224536 15.90555844560269 15.882444982653961 15.866837431969355 15.868333745867497 15.886296863078012 15.912705994113487 15.952729263543958 16.024481971966814 16.1494273684912 16.33764852399588 16.573670988206697 16.817086169403222 17.02053578607409 17.149645410831564 17.192635274427698 17.170256447155882 17.153970236166717 17.183034208230037 17.19447175260486 17.14276736600985 17.042606301372288 16.943103737294777 16.893390634407403 16.90652158198116 16.96026507294887 17.024067008578903
15.995203486815708 16.1619730740057 16.361118510861296 16.570163607557877 16.76519244687878 16.924172178327513 17.02865515558688 17.066634272361323 17.033818599134456 16.933226474190384 16.775449800499295 16.57763704375734 16.360988689669426 16.149710845520833 15.968688789085782 15.834546757051895 15.74484971815895 15.67771160679286 15.606068824378418 15.52321157677277 15.462896317904633 15.467672837336403 15.53457554257842 15.620005622733549 15.69732993396989 15.781002082281415 15.902451890183631 16.082650504719098 16.315845129791157 16.570440315524664 16.803615748822867 16.97744087323956 17.072492663806162 17.10145016250969 17.104197965315745 17.099108837178182 17.058659920837496 16.95949017015605 16.823089592327364 16.703275333319063 16.64692916548206 16.66252734795209 16.72416273511548 16.795846705869295
15.707352218138455 15.827537862783494 15.964370312797636 16.101597882962665 16.225866557873637 16.326949266954603 16.394778654940552 16.419717456751304 16.39706808748935 16.330146038195668 16.22754431385949 16.09851408449371 15.952660786764843 15.803717784161606 15.670684143986376 15.57029764793603 15.50513524815317 15.46026575529261 15.41570993890238 15.368649609222771 15.338594468746333 15.340937013993486 15.375273335907448 15.425947996031836 15.477833908897919 15.5410420319039 15.641309063159731 15.796163388872195 16.00162442723919 16.235160139402105 16.46721727774783 16.669192905190005 16.81749432661542 16.90048434389791 16.921227382520236 16.884343727807522 16.789836131628018 16.650942317722933 16.50434017266697 16.39594593256866 16.356655217583818 16.387260924384254 16.464582514978307 16.558414903403463
15.418374592395669 15.489296490963063 15.557562935049205 15.60730236995264 15.63171663076301 15.634702214137109 15.62750521746744 15.62232028640855 15.624567325316484 15.62881008385687 15.622095107555145 15.591627082099606 15.531849906412912 15.449113888808018 15.36163576611572 15.291435816242572 15.25192141910322 15.241713081909397 15.248699644679117 15.259042577164834 15.264863027099526 15.26478953716538 15.259405120453584 15.252154162207455 15.254374224304183 15.283907495667709 15.356815706729495 15.477933733533089 15.636736872408981 15.813357603295673 15.988974635938153 16.14964126843924 16.281977602000232 16.368977352943592 16.39473910756077 16.35643968875319 16.27038713743197 16.16556145122058 16.073195332898198 16.019644759050315 16.019695212076908 16.07172537317564 16.161984878967623 16.274536889879784
15.136066734800181 15.173089699446402 15.19431243741669 15.185560541445344 15.147193095035163 15.094243522923483 15.048876390445693 15.029727701630092 15.04392943085702 15.084364934392397 15.13167522465379 15.161756080238417 15.156911069700897 15.115060701522488 15.051617469581966 14.991190779338455 14.954167150365826 14.949038054123433 14.972589555135093 15.010338758761339 15.038230049255356 15.03662734732587 15.007567108759584 14.973555154735372 14.959642783291743 14.98114040804018 15.042609540726943 15.137108963576647 15.24650408439606 15.348923632307185 15.428951920493878 15.4818485942435 15.511368151850041 15.525851274407831 15.534236522845143 15.541874332913169 15.549649310139394 15.558239191553994 15.57228402509194 15.59991417211412 15.647866296829035 15.716789913191798 15.802416313394458 15.901206573145567
14.86772196064927 14.896891296171734 14.90752198947336 14.889543696504077 14.84864934297378 14.802157429184568 14.76744603011857 14.754009932469327 14.764014875582665 14.79444238677773 14.83459477698992 14.864772319498456 14.86410802932586 14.82386524920962 14.754302073902933 14.677597581034375 14.612974803115538 14.56796983886959 14.54049786718418 14.525316460692796 14.518747658971256 14.519739028317243 14.528686753202923 14.547613084619666 14.581180108655614 14.634792674649265 14.709101801466359 14.79408672715227 14.869234687000624 14.91310724151863 14.915279441164211 14.881659573596414 14.832244700504447 14.793506008878254 14.787428793675328 14.823292814481839 14.895967945234558 14.99009879431934 15.089306934763055 15.183294453404695 15.267955642156265 15.341811014512302 15.403583933467146 15.452000361655298
14.619168005186417 14.664114495099938 14.696605140328492 14.707092524546585 14.698890563993684 14.683714198554451 14.671712754210803 14.667062102192087 14.670250052016284 14.679713275841197 14.689442251986142 14.685876145950107 14.652230276308849 14.580668181126981 14.48055024937454 14.37221098098462 14.272101167777425 14.184864726236283 14.108201984886342 14.044599733134635 14.007446300731496 14.010442742118482 14.052741837372665 14.11999013197819 14.199476100104526 14.287858172900407 14.382871454107482 14.47310435904735 14.538192955818916 14.560978771028378 14.541382592579833 14.499458292592736 14.463348135023823 14.44801474758794 14.448012151357137 14.461406165338602 14.504514469618337 14.588248100435624 14.700033486393208 14.814716177570718 14.911041154052192 14.978357852524965 15.013806750158368 15.01626476247884
14.389041228306889 14.46202836447712 14.534528225120525 14.59085916733494 14.625065522453523 14.641260637122407 14.647004539631826 14.64811591179393 14.646780526534188 14.64005159449913 14.619867027052758 14.573934679943587 14.49113362128338 14.371330261493961 14.230236383343577 14.091594395272816 13.974004372572152 13.88578111480588 13.828178048234227 13.797796033066142 13.786647994882 13.787435490299488 13.80090359430696 13.83497812492088 13.896059091816857 13.983071488739174 14.086622447963407 14.188307442741985 14.264785593193523 14.30103356655865 14.303465499335195 14.299078084293802 14.316821229447129 14.355493061664363 14.371888186348379 14.346216975273643 14.32377641073471 14.34909238218874 14.421731575695427 14.514209953431877 14.595989191550933 14.649215695411502 14.670879401470069 14.66608007426351
14.1659596858604 14.266680817640463 14.382488921882075 14.488630361022524 14.567124267837949 14.61385174031793 14.635576351175935 14.641656032213826 14.636188000399649 14.61455132266117 14.564859331620132 14.474481213229081 14.3390424387871 14.169555857182596 13.991439536403501 13.833812707319336 13.718517031885199 13.65756816989952 13.652045389280756 13.682274291701047 13.709341079196593 13.707365668337982 13.678097924231695 13.650574291065155 13.661445160194585 13.72275962977712 13.8226446648154 13.936721566919362 14.037019477138163 14.104699569176432 14.141419698033367 14.16857802330404 14.215462400085139 14.291635789255974 14.326092237827018 14.266497091805794 14.20501594196007 14.192484205248824 14.221581125754547 14.272178488380327 14.321607986512355 14.35503436305417 14.371769949471524 14.383114900206976
13.932949944256519 14.051125621026028 14.200261145184285 14.350903565126172 14.474970066280637 14.557949672192064 14.60141473392431 14.614751665315593 14.602907460846087 14.560237115802256 14.474296448045664 14.336944787594994 14.153981506247748 13.94707880044793 13.747271417761173 13.583502337342956 13.474329019261285 13.428246342008139 13.44574839594542 13.509038079306483 13.565898343166348 13.561484744116978 13.500331462693087 13.440790275538232 13.430043257213471 13.478692422940192 13.576709854429758 13.703113372522997 13.830362889677662 13.933672482637164 14.001222131168083 14.035602800491944 14.046445275851841 14.042942229892086 14.039154688022329 14.046420095532127 14.051673537073887 14.053201435386308 14.055564780847346 14.062211166295326 14.07203545298199 14.080928376837596 14.08863126402971 14.103725874165733
13.675963663301493 13.793702836881273 13.952741172347206 14.12815630393884 14.289561136624368 14.412450635397466 14.48585487278412 14.510472161632956 14.488330199854701 14.415813285604141 14.288468522819755 14.110901614056251 13.900300293086199 13.682363535748477 13.48436713919139 13.327186037515638 13.218911559400455 13.154966812656696 13.124164991535013 13.114542187882723 13.114603211337553 13.114561385410465 13.115364391460648 13.12753337363544 13.162143206800835 13.22899277324939 13.333250367580437 13.46927475200367 13.618293192513054 13.754321229923441 13.853595273405382 13.899572669927352 13.8831867272381 13.817812184981547 13.786755080872537 13.843317803497097 13.902482730107444 13.91408707611955 13.889721809753619 13.85428261379144 13.826677184585611 13.811067729427872 13.802194469957808 13.79543046637846
