src/interpolation/Data/testdata/240-slice.grd
DSAA
2 151
126.8 138.0
20.56 27.8099999999998
15.826049561290183 18.369530541003936
17.421326241954315 17.43209530471303 

17.430254170727014 17.441094582218835 

17.461648825485213 17.4722802337169 

17.512541351902247 17.521919673480973 

17.5723627198427 17.579383562364296 

17.62651223397996 17.630728555018727 

17.6641203377282 17.66581349073116 

17.682610414594595 17.68246082671529 

17.687616366165738 17.686356259392824 

17.69005948731128 17.688246689581973 

17.701756077660555 17.699679374352723 

17.730833333435214 17.728542160737973 

17.77898206418739 17.776400938103514 

17.842030681239688 17.839073021707414 

17.913074379340827 17.90968437700541 

17.98581235522335 17.981931117236147 

18.05618371874368 18.051698149991722 

18.121376846810545 18.116192676663747 

18.175987375819805 18.17049340933598 

18.21015214185236 18.205760078760033 

18.221179531809522 18.218929184074863 

18.22154254424175 18.21950984192132 

18.212835119704565 18.208705241453966 

18.18183495541455 18.176343487535082 

18.128667833934614 18.12331894224099 

18.063009912819666 18.05831988131776 

17.99084984565745 17.986759879056763 

17.9151733040053 17.91158362194441 

17.84019489142541 17.837080620561963 

17.77293009274033 17.770292834524906 

17.721987373132656 17.719789525519957 

17.694316782020927 17.69245827783752 

17.691579081035524 17.689937607463477 

17.70856826067467 17.707075761347056 

17.735002183823624 17.733698167408264 

17.759685373087684 17.758701811455037 

17.774989461683266 17.77445193500967 

17.780178262122753 17.780017600702553 

17.782299063851262 17.781997464140154 

17.791505994394445 17.79010459233531 

17.806025267922767 17.803772364443986 

17.810653705714124 17.809423969757486 

17.80776580705634 17.80561350069635 

17.793992408930993 17.79230870834004 

17.78237174678081 17.781886841569694 

17.77766605554095 17.777433489875097 

17.76914070633375 17.768523229405805 

17.745879297774483 17.744708674260192 

17.702015307762725 17.70035873821713 

17.636136780119394 17.634132007454614 

17.54943000723729 17.54721030055301 

17.444248832163524 17.441920514952766 

17.323377315003125 17.321019342402032 

17.189770738414648 17.18744038160109 

17.046528020262638 17.044266404821215 

16.896935444144702 16.894771275025686 

16.744499089729363 16.74245061361654 

16.592930227780364 16.591005967299147 

16.44607338477082 16.444272224125935 

16.30778132463404 16.306092442398096 

16.181750767104344 16.180153794448465 

16.071339262005274 16.06980491438319 

15.979387113513758 15.977878406121555 

15.908067846747917 15.906541869669839 

15.858786179300928 15.857196294915337 

15.832134585215009 15.830432836629418 

15.827910065273183 15.826049561290183 

15.845183829455584 15.843120897519002 

15.882410116101637 15.880106076664692 

15.937557327226127 15.934979821057633 

16.008245042754208 16.00536891679497 

16.091873474935387 16.08868128769931 

16.185736335281558 16.18221857260703 

16.287112722227572 16.283267819669966 

16.393337566668585 16.389171825318694 

16.501852748915084 16.4973802276364 

16.610241709078103 16.605484222501076 

16.716248545583614 16.711236093846978 

16.81777710052578 16.812549631242547 

16.912854729539013 16.90746757979447 

16.999528446652207 16.994067119200146 

17.07564254828027 17.070259393781335 

17.138445884473768 17.133445054568075 

17.18402152592876 17.180050459004658 

17.206574006695224 17.205087392715892 

17.197553807164947 17.20210228426945 

17.147194136890803 17.166348622902895 

17.072894810022426 17.115862398931846 

17.068845648755882 17.11324678481607 

17.14199180791918 17.162766648218817 

17.195902068906072 17.201225713490942 

17.209166106645146 17.208199273012973 

17.19404450205383 17.190841595567043 

17.165724167816265 17.16215522041208 

17.140150463997998 17.13716337158734 

17.132426713522342 17.130421848106696 

17.1531779026607 17.152178228356647 

17.205223661821684 17.205048213738866 

17.282952965777696 17.28340079286221 

17.37473873893132 17.375726187738135 

17.466605005112758 17.468231191710842 

17.54525092195294 17.547816796887464 

17.599940083026326 17.603953369551746 

17.62398837099761 17.63014030432533 

17.616909302122558 17.62588763152746 

17.58780474486636 17.599481332426095 

17.559061555926817 17.569916760646628 

17.56138684738196 17.561171045758115 

17.587587576358636 17.57269074882891 

17.581836138296808 17.5690826915242 

17.554639092734536 17.557493108968952 

17.559620733451574 17.570807214009662 

17.589808636344554 17.600631507437996 

17.61516383436468 17.62310784360563 

17.619474662932916 17.624742950794246 

17.602716440306754 17.606188287057595 

17.57643016095522 17.57900690414931 

17.55776161990257 17.56021392348575 

17.562975198628575 17.5659143157679 

17.601833943382175 17.60568935447093 

17.674854659347023 17.679848957651615 

17.774276510659575 17.780417139903655 

17.887478368678018 17.894570100436027 

18.000628605098882 18.00828530600698 

18.101105874422938 18.108726351504725 

18.178627820730938 18.185307346607363 

18.226232554442852 18.230650194210913 

18.243005616201103 18.243575483236555 

18.238937328777403 18.234994905074693 

18.23396838106502 18.22816813033133 

18.23754320540858 18.234791884167606 

18.23318654355963 18.235405048826134 

18.19980462784301 18.205752641821626 

18.13231003800439 18.13982869375113 

18.043968182159176 18.051138912116706 

17.958880991619107 17.96459058535043 

17.898829333830466 17.902964668955658 

17.8726659667017 17.875883406213955 

17.876015915132754 17.87938703536087 

17.898589200305707 17.90351864175508 

17.931728345754905 17.940346894487863 

17.97280281381205 17.989265036124717 

18.024953013213977 18.060237639887283 

18.07947926825365 18.176029444220553 

18.050672846466107 18.369530541003936 

18.02748764972903 18.3419407329385 

18.00984462044728 18.083341573167512 

17.80354435371603 17.814573533211878 

17.682769559547573 17.67680452607457 

17.67181494197212 17.662701950400898 

17.65553961339705 17.650113880031906 

