src/interpolation/Data/testdata/2418-slice.grd
DSAA
151 151
126.8 138.00000000000088
0.0 1500.0
3.8001747831053523 24.723352553598264
[rows 120 to 139 of 151, columns 88 to 131 of 151]
5.584912522322721 5.613293651001492 5.64124685961629 5.668439095817871 5.694551744043065 5.7192967891615005 5.742426994281665 5.763740572274058 5.783081559678666 5.800337404739432 5.815435178187169 5.8283374144982885 5.839038053873535 5.847558450425721 5.853943076141981 5.858254457064699 5.860567028220089 5.860959920969665 5.8595090903500004 5.856279527564028 5.851318480507883 5.844650563941317 5.8362753784902095 5.826167827439033 5.814280817336681 5.800549567605969 5.784896444111485 5.767235148929664 5.747473269262426 5.725512578651895 5.701247005490631 5.674558716036898 5.645313178569429 5.613354290952103 5.57850063404585 5.540543698093764 5.499248623670236 5.454357748819607 5.4055972068291975 5.352687075906005 5.295356149511848 5.233363144229796 5.166526796751282 5.094767364568044
5.635185788103413 5.662181532146067 5.6886976982798725 5.714458568592705 5.739195297584379 5.762659190704514 5.784630915818763 5.804925742874328 5.823395446128643 5.8399277723898155 5.854444382186555 5.866897970866933 5.8772689718550675 5.885561941720399 5.8918015151990915 5.896027749077213 5.8982907519796415 5.898644684942301 5.897141448243701 5.893824566760445 5.888723883410002 5.8818516297518615 5.8732002624359785 5.862742167833119 5.850431006306425 5.836204166726066 5.8199856012823155 5.801688259809157 5.781215457752134 5.7584607703433575 5.733306391334972 5.705620251401277 5.675252482485815 5.642031984624488 5.605763883949706 5.566228593069863 5.523183066881628 5.476364780468674 5.425499029023981 5.370310411934049 5.310539788610168 5.245968449497721 5.176451471626141 5.101961841561655
5.683001757202936 5.7088125335529405 5.734091613652927 5.758609139360877 5.782137446775252 5.804461832434636 5.825388582970373 5.844750158386315 5.862407815094119 5.878252182232523 5.892202359826329 5.904204024275881 5.914226864805809 5.922261500809213 5.928315901953408 5.932411285452061 5.934577504396265 5.934848046592462 5.933254894900769 5.929823610494729 5.924569048707137 5.917492078916701 5.9085775538644025 5.897793581593471 5.885091934518003 5.870409233129116 5.853668411967329 5.834779944526114 5.813642382001789 5.790141934150329 5.764151053606396 5.735526230235069 5.70410541231202 5.669705613426211 5.63212132921825 5.591124396220674 5.546465920479372 5.49788094250157 5.445096635339097 5.387845068663223 5.325881867258853 5.259012316523912 5.187126391608687 5.110243495678406
5.728443911160714 5.753243415513849 5.777460346081429 5.800901696044017 5.823373828621157 5.8446911320727635 5.864682850036307 5.883197882622696 5.900107641785995 5.915307229718167 5.928715283744326 5.940272812979187 5.9499412757032575 5.957700053319644 5.963543403568089 5.967476945950926 5.969513752044571 5.969670171354951 5.967961596004001 5.964398426225978 5.958982518140781 5.951704360558484 5.942541138006265 5.931455706843589 5.918396365841259 5.903297173081273 5.886078476848797 5.866647309940043 5.844897351354532 5.820708278076976 5.793944490723599 5.764453370932595 5.732063386911085 5.696582486980773 5.657797305142553 5.615473760902803 5.569359695114124 5.519190276044425 5.464697056426645 5.405621754615262 5.341736013416986 5.272868434340738 5.19893989549666 5.120007284066615
5.771605730306154 5.795545424054628 5.818853647031468 5.84136722699582 5.862920696563785 5.883353220089136 5.902514312879813 5.920268118281434 5.9364962154938485 5.951099077564163 5.963996375939102 5.9751263430885935 5.984444377812068 5.991921033865657 5.997539494608097 6.001292620045604 6.003179662937456 6.0032027818082545 6.001363517135442 5.99765942559641 5.992081070814629 5.984609538553238 5.9752145797347715 5.963853395303118 5.950469979415778 5.934994851937455 5.917344956760325 5.8974234925899625 5.875119482271205 5.850306970527054 5.822843854929676 5.792570483300163 5.759308275430362 5.722858736699552 5.6830033239221756 5.639504707904949 5.592110068095358 5.540557167471082 5.484584094022054 5.423943696796254 5.3584238272969085 5.287874407368298 5.212241916433225 5.131610925255674
5.812586872742519 5.835799485433896 5.858333940106526 5.880051450912384 5.90080997592818 5.920469756456585 5.9388980606062916 5.955972902365053 5.971585654876897 5.985642589916957 5.998065445975247 6.008791157302544 6.017770876363175 6.024968407056963 6.0303581500679915 6.033922654895246 6.035649879352109 6.0355302738851435 6.033553827239381 6.029707221827094 6.023971242657508 6.016318557688272 6.0067119403658165 5.995102943189793 5.981430965272435 5.965622600237428 5.947591115892034 5.927235912867148 5.90444183932232 5.879078300226528 5.850998184904471 5.820036734982583 5.786010576505531 5.748717238274156 5.7079355723549785 5.663427586692553 5.6149423010036905 5.562222349798521 5.5050141730588065 5.443082726540514 5.376231648508427 5.304329638051409 5.227343296662861 5.145375710442884
5.851490663545944 5.8740928829395385 5.89597246783009 5.917010781102624 5.937085384442655 5.95607447846276 5.9738608185172355 5.990334900447937 6.00539731422312 6.018960249286228 6.0309481957412565 6.041297919817965 6.049957805585401 6.056886655901878 6.062052042665244 6.065428295970758 6.0669942265826124 6.066730685039688 6.064618069514207 6.06063389756166 6.054750549017222 6.046933265721358 6.0371384591563935 6.0253123337791274 6.0113897891022425 5.995293526106506 5.976933261630097 5.956204954046439 5.9329899674405695 5.907154148444378 5.878546855537522 5.847000058886093 5.812327713818972 5.77432569896742 5.732772700022105 5.687432513572191 5.638058344228091 5.584399769397616 5.52621313607871 5.463276201050879 5.395407773243307 5.322492880561914 5.24451345730092 5.161583627111726
5.888422375764529 5.91051691160648 5.931846482429376 5.952309281900356 5.971799396636571 5.990210382994832 6.007438496151328 6.0233853952455085 6.037960220483661 6.051081002119559 6.062675410715231 6.072680891293012 6.081044243007975 6.087720715199153 6.0926726950617205 6.095868065659898 6.097278317492334 6.09687650195408 6.094635118586503 6.09052402685935 6.08450846460543 6.076547237780545 6.0665911207410765 6.054581475810975 6.04044907047097 6.024113045888845 6.0054799772980685 5.984442969132218 5.960880747893875 5.934656753163952 5.9056182796248775 5.8735957870592665 5.838402567581415 5.799835037430747 5.757674003381756 5.7116873407062645 5.661634608721921 5.607274214431236 5.548373798174044 5.484724526551398 5.4161598875920625 5.342579323161766 5.26397652523293 5.180471397383694
5.923487980625293 5.9451651695745245 5.966037160613781 5.986016351358568 6.005010862269814 6.022927437960621 6.039674114506492 6.055162506505877 6.069309617271822 6.0820391226448764 6.093282118336389 6.102977350263969 6.11107096742985 6.117515849605706 6.122270570122955 6.1252980597367825 6.126564042091646 6.126035314728546 6.123677950732307 6.119455493407226 6.113327208388495 6.105246443844314 6.095159130729581 6.083002433684374 6.068703542551588 6.052178578618093 6.033331582407932 6.012053554167936 5.988221535735869 5.961697753427024 5.9323288847983475 5.899945565763004 5.864362316496561 5.825378133164137 5.782778066263566 5.736336183413686 5.685820390659573 5.630999652979189 5.571654194763109 5.507589246420859 5.438652792670818 5.364757518927145 5.285906689153903 5.202222982318433
5.956793176439327 5.978132264127754 5.998628019073901 6.018204932252181 6.036783125595567 6.0542807245141015 6.070616069156075 6.085709645514677 6.0994856513325235 6.111873146060531 6.122806764869643 6.132227001744053 6.140080085564478 6.146317486587903 6.1508951001777135 6.15377216130702 6.1549099480161145 6.154270334732783 6.15181425666284 6.1475001435561865 6.141282374448343 6.1331097944342305 6.1229243209600055 6.110659652229255 6.096240076552832 6.07957937162884 6.060579779537632 6.039131048857019 6.015109551083585 5.988377504873519 5.958782378032701 5.92615658265935 5.890317632067473 5.851068987674834 5.808201888190105 5.761498519421119 5.710736945720706 5.655698274084937 5.596176543329966 5.531991799380383 5.463006700564912 5.389146755093772 5.310423890072044 5.226962469213395
5.988442590222671 6.009512793261163 6.029703679643242 6.04895010859901 6.067182526915275 6.084328925552221 6.100316681553649 6.11507418983025 6.1285322123195165 6.140624896818411 6.151290441402966 6.160471400885615 6.168114648423862 6.174171018239537 6.178594664966381 6.181342182039825 6.182371526201135 6.181640797710954 6.179106926061 6.174724308537402 6.168443443753188 6.160209594444656 6.149961504161798 6.137630182301883 6.123137763016204 6.106396437881853 6.087307461833767 6.065760238323588 6.041631504100009 6.0147846568519885 5.9850693001021 5.952321118595249 5.9163622430617 5.877002314343336 5.834040511532588 5.787268863802725 5.736477215553783 5.681460250293792 5.622026986256053 5.558013116179546 5.489296449621972 5.415815501072997 5.337590928448915 5.2547490593377715
6.018539097302059 6.039400518495082 6.059348884454019 6.078327987151632 6.096277197365101 6.11313309139633 6.1288309932344145 6.143306356096401 6.156495922745919 6.168338621832342 6.178776175458951 6.187753409689122 6.195218273856456 6.201121586067619 6.205416531258245 6.208057944817739 6.2090014193398755 6.208202274556652 6.2056144309355465 6.201189225700087 6.194874206231039 6.1866119302358875 6.176338795409238 6.163983914584735 6.14946804693314 6.132702593076409 6.113588663512813 6.092016236717315 6.067863436573828 6.040995978866258 6.011266863426737 5.978516421840284 5.942572869568693 5.903253554734686 5.860367141589752 5.813717011594258 5.763106203766163 5.708344240283877 5.649256181340535 5.585694209041882 5.517551934794737 5.444781439172615 5.367412774553801 5.285575290871406
6.047183233327679 6.067887679432017 6.087647696531064 6.106414794217453 6.1241360813408185 6.140755628001458 6.156215763075897 6.170458246733262 6.1834252678386 6.1950602289768355 6.205308295423065 6.214116697467292 6.221434787244838 6.2272138611984795 6.231406767360468 6.233967322805898 6.234849570951442 6.23400691090033 6.231391131786599 6.22695138410579 6.220633117494266 6.212377010682971 6.202117914990509 6.189783828559865 6.175294915601826 6.158562584300967 6.139488639858888 6.117964536339837 6.093870763248599 6.067076420511279 6.037439058805665 6.0048048907170894 5.969009511281821 5.929879302912204 5.8872337374783035 5.840888824281707 5.790661981917693 5.736378627438928 5.677880767983639 5.615037835722793 5.547759912693968 5.476013334920395 5.399838437714309 5.319368910505041
6.074472688300313 6.095064421550602 6.114682844377075 6.133286139955613 6.150828138785863 6.167259465307922 6.182528634094982 6.196583047289283 6.2093698520442056 6.220836626008987 6.230931869166422 6.239605290628863 6.246807888596199 6.252491830127083 6.2566101444288105 6.259116248930297 6.25996333144392 6.25910361425879 6.25648752708445 6.252062815482499 6.245773609978271 6.237559478773134 6.227354484381198 6.215086262253476 6.200675138320141 6.184033303224991 6.165064064683077 6.143661206586809 6.1197084947765195 6.093079385098134 6.063637009545823 6.031234540661467 5.995716062281853 5.956918105010413 5.914672035540312 5.868807517229884 5.819157280803567 5.765563452662781 5.707885676099004 5.646011218133522 5.5798671715316175 5.509434728840569 5.434765318591339 5.3559981569538975
6.100501879032137 6.1210183207000055 6.1405351837567945 6.159016417175716 6.176421692612284 6.192707373181981 6.207827442280923 6.2217343535923835 6.234379768323996 6.245715152480924 6.255692214772759 6.26426317383429 6.2713808512225055 6.276998593714902 6.281070034506215 6.283548707834629 6.284387535295799 6.28353820461651 6.280950463006628 6.276571347498687 6.270344374115995 6.262208706586428 6.252098324063025 6.2399412064554385 6.225658556140087 6.209164076655042 6.1903633331421695 6.169153226331854 6.145421622205837 6.119047193361706 6.089899545551272 6.057839723600499 6.02272121430272 5.984391588790739 5.942694951561824 5.897475385108678 5.848581594239426 5.795872957593908 5.739227179199499 5.6785496927440855 5.613784897933411 5.544929195397143 5.472045630912758 5.395279763561539
6.125361598584484 6.145833994068336 6.165283258824498 6.183678311531394 6.200983895799863 6.2171613999501245 6.2321696451864135 6.245965610611814 6.258505066999922 6.269743096243388 6.279634479354493 6.288133942251773 6.2951962548604286 6.300776184919361 6.304828313070128 6.307306720139923 6.308164560937148 6.3073535413361554 6.304823316974878 6.300520832632459 6.294389621472983 6.286369083099466 6.276393759111519 6.26439262502892 6.250288418519502 6.233997026363647 6.21542695699172 6.19447893217608 6.171045640863865 6.1450117103712305 6.116253965187244 6.084642061169023 6.050039602328146 6.0123058676579 5.97129829491267 5.926875884579914 5.8789036972585045 5.827258617076053 5.77183653750063 5.712561088116789 5.64939395576603 5.582346755936766 5.511494277671061 5.436988758267272
6.149138740972263 6.169592790347388 6.189002949959195 6.207342406372187 6.224580299158056 6.240682414166701 6.2556118522700634 6.2693296476289 6.281795312086525 6.292967286071067 6.30280328099321 6.311260503159389 6.318295754319148 6.323865408829747 6.327925271828211 6.330430326596041 6.331334382399859 6.330589636464815 6.3281461654196836 6.323951362635694 6.317949338520612 6.310080301249583 6.300279935902762 6.288478800881466 6.274601762174031 6.258567488934628 6.240288038304294 6.219668563762692 6.196607189788547 6.170995106319207 6.1427169493664 6.111651548853696 6.077673140697373 6.040653156373185 6.0004627182343135 5.956975980615664 5.910074462522204 5.859652513967362 5.805624040623322 5.747930575732243 5.686550729544634 5.621510960867558 5.55289750003489 5.480869107339949
6.171916098183854 6.192372552900573 6.21176719857766 6.230076869538059 6.24727450512478 6.2633297343658745 6.278209442350636 6.291878296687318 6.304299214373221 6.315433752330581 6.325242408477673 6.3336848242264825 6.340719883450728 6.34630570701341 6.350399545692394 6.352957577662026 6.353934619498357 6.3532837619466065 6.350955943448566 6.3468994757508925 6.341059536935516 6.33337764811394 6.323791151044066 6.312232705335522 6.298629826009088 6.282904485274225 6.264972806773019 6.2447448864476875 6.222124781779018 6.197010720457006 6.169295590469557 6.1388677858128915 6.105612494964082 6.069413532005434 6.030155821542342 5.987728656512312 5.942029850295941 5.892970898297652 5.84048324593969 5.784525726044333 5.725093175084012 5.662226161395347 5.596021656781411 5.526644355026128
6.193772225112626 6.214247449902613 6.233645800735659 6.251947211876686 6.2691278959365295 6.285160834506589 6.30001625612203 6.313662083278573 6.326064331803167 6.337187448200432 6.34699457348705 6.3554477252792525 6.362507893308237 6.3681350469215365 6.372288056329566 6.374924532266828 6.37600059128247 6.375470556032798 6.373286601736459 6.3693983614337775 6.363752503975955 6.356292299905514 6.346957191766712 6.335682387119644 6.322398494862031 6.307031228619331 6.289501205163347 6.269723871231564 6.247609598836822 6.223063997180779 6.195988498465451 6.166281284916454 6.13383863464105 6.098556773711019 6.060334329916764 6.019075488414055 5.974693948976884 5.927117776333442 5.876295216267007 5.822201517729125 5.764846752038386 5.70428455153559 5.64062159975102 5.574027592263875
6.214781366729587 6.235287865216019 6.254705262114351 6.273016108810526 6.29019942649733 6.306231114938061 6.321084353643999 6.334729979831277 6.347136828839918 6.358272024592386 6.368101210023077 6.376588710076714 6.38369762270388 6.389389836131323 6.393625973435497 6.396365268006914 6.397565375802201 6.3971821323174805 6.395169263996747 6.391478065360011 6.386057054589668 6.3788516217672235 6.369803685557265 6.358851376061865 6.345928763996388 6.330965659443978 6.313887507385403 6.294615412087398 6.273066328313351 6.2491534641528395 6.222786947884969 6.193874819373246 6.162324414518189 6.1280442185105315 6.09094626898866 6.05094919234701 6.007981953651093 5.961988390839856 5.912932584790383 5.860805085859889 5.805629972186071 5.747472653068277 5.686448250525228 5.622730293005501
