src/interpolation/Data/testdata/2418-slice.grd
DSAA
151 151
126.8 138.00000000000088
0.0 1500.0
3.8001747831053523 24.723352553598264
[rows 0 to 19 of 151, columns 44 to 87 of 151]
22.496525727218536 22.413008830146158 22.326174960039502 22.295307276671092 22.38896569147158 22.64043253397082 23.009929100385268 23.4049212924707 23.738990454457003 23.96765231577235 24.088341664191407 24.11945386989917 24.071281023243174 23.935103628543754 23.702789377282265 23.391059293626704 23.04968075725266 22.752963188076926 22.570937359643757 22.530037145635205 22.60061296662799 22.724595182998993 22.849629139196132 22.942882182979584 22.988830577178994 22.98238786880949 22.923730734330746 22.819485322842954 22.690187976126005 22.579435634546613 22.555458334918313 22.687488100189288 22.995663168481148 23.419785538025618 23.847976000941543 24.178241992800615 24.366598819828003 24.43801834326035 24.44676222205157 24.40635930361056 24.26909352406591 23.983890111962374 23.550606984492283 23.027744805404964
22.618565737028366 22.516210504656392 22.398313275871317 22.3344229048362 22.411661868093674 22.6768255760198 23.081347141072648 23.511326409378345 23.867388530237903 24.10078018808371 24.21279606559701 24.238066155721715 24.19535332463216 24.062030497111692 23.818350517038326 23.483517911547466 23.113948390584607 22.793870619506954 22.606629340972408 22.58279518949581 22.681839842248213 22.832417622974162 22.97645374610539 23.08060385478613 23.130764782287727 23.12413612618196 23.060142028426164 22.941897243835303 22.786478587034807 22.634866844396598 22.55881211232591 22.641100459632767 22.91730323192021 23.33519653420781 23.7839660645074 24.151475472566883 24.36950481636159 24.448795095282275 24.457292988491815 24.414998354918858 24.256973696797246 23.93328465312356 23.466114937959812 22.928317336560394
22.69646722349526 22.57709134793749 22.430218582458544 22.335797064542742 22.39279754262821 22.657819090830728 23.07602698533197 23.52192101749518 23.89656248944439 24.14773079405015 24.261992120582793 24.28332164463733 24.24429488803359 24.101971083441804 23.83747613863045 23.48652145399612 23.107143042965916 22.782450399242027 22.602622090764765 22.600363929406754 22.725053107321916 22.896438007742304 23.056466268955216 23.172035574743017 23.226322109117213 23.21969819477585 23.150605182586823 23.019404966801645 22.843801175211937 22.6590422529143 22.53159938730607 22.54951456644173 22.7606709638109 23.12655362343558 23.55620950595667 23.95650696993899 24.245776275979843 24.384141900468066 24.40371673104442 24.31941036302578 24.087081713041886 23.706627857294908 23.231418598520065 22.72398721286091
22.722440697657728 22.57552077676502 22.403710568981055 22.29130970037111 22.332004151613756 22.583236564517808 22.986128701505812 23.413520378359706 23.78533201334393 24.071701105978118 24.233637206496283 24.268911966990373 24.20551722063304 24.01321089153979 23.72353860541677 23.382055236903067 23.02343769112749 22.71796009391926 22.55834396738486 22.578684084515828 22.721087949195567 22.902200730353403 23.073138715358752 23.20752353360261 23.272137379783974 23.26486563317844 23.182586270312758 23.033652470420684 22.846433471180806 22.642004417583415 22.472162185015964 22.422022666863867 22.544471508933665 22.807903990527638 23.13612879259141 23.469125949196602 23.76390904411717 23.960896381197188 23.99709074434046 23.858022549676413 23.587233496158913 23.242623095478724 22.85340602613912 22.443232261654785
22.64494234479727 22.45982320130811 22.294617094914372 22.194031962813398 22.231345588028994 22.461665671296586 22.82494444233834 23.190603310876128 23.484796681856775 23.713286207324398 23.8896080067237 23.951451489728854 23.851870865055027 23.666647485404077 23.445027525467353 23.176928801405072 22.87367876655885 22.606442524086457 22.474814141981295 22.51502353724523 22.66446131697686 22.836657134258793 22.99233379990491 23.136774874558185 23.23956347149776 23.225748432139724 23.105807217953668 22.95519803827146 22.782069332772373 22.576411691515766 22.377614372926285 22.268022834007493 22.301529045708246 22.44517434268367 22.615763175883124 22.746311383986527 22.81084473841276 22.82352760689036 22.822011119483545 22.815737705384155 22.766841813284827 22.63842416981349 22.422294791072755 22.14506466838973
22.228682879295505 22.17765236509697 22.105691006745374 22.050998602473946 22.09729693896724 22.30744456435702 22.62745750202469 22.922929532368155 23.0979497775206 23.1299606277664 23.06469307434026 23.027524967529295 23.087313213948903 23.142712546286827 23.094459102882343 22.92808936565271 22.685183413853814 22.457796484780037 22.35329958614774 22.408860138257005 22.55951808859766 22.71022179143841 22.804428174415243 22.829019763516477 22.804756598493594 22.810501321205805 22.8280942970987 22.78415210686117 22.65989607690903 22.46338969187427 22.245790272825676 22.093543802409027 22.062265166653823 22.121164680934253 22.18680505391108 22.19236493890649 22.13095113275402 22.061508372766497 22.046599852710838 22.096117208961562 22.16199404999969 22.163906542993303 22.0628446972591 21.88344948350031
21.810024275127006 21.895095445191224 21.904643402969807 21.886431081398193 21.93883526399244 22.13124361044218 22.422179282744 22.68904534210356 22.83498993410692 22.847269523141996 22.80521035550532 22.791018765393467 22.816362642263968 22.86021737296416 22.836568356555162 22.697870005532558 22.480737380667794 22.278555241104804 22.193044694696017 22.258635664854086 22.414267655622503 22.562279271725536 22.632478162905603 22.60948210070395 22.56280755777808 22.569258754481528 22.618937138027572 22.618614892114085 22.509308257310273 22.306666359125458 22.07396752928107 21.89967311171728 21.838576218230433 21.86760976734725 21.918962545813727 21.94230658034631 21.934271500097015 21.922021755622502 21.919839975404415 21.927220578419867 21.93449148123901 21.906127096156688 21.81348184565434 21.671583435536775
21.722045294143438 21.7510056807876 21.739290906000644 21.71437826357529 21.75916281291653 21.933028694300457 22.205155075147246 22.478017926635026 22.66870803177824 22.75487207932537 22.77445176890566 22.775927312690484 22.773400428752776 22.747550540605463 22.655403901228137 22.480205329096485 22.258442297738412 22.067615703253182 21.990358242409453 22.056481443500555 22.218342548926994 22.39103675073403 22.506088065134342 22.544850342468035 22.545112826069413 22.545472634684813 22.539515004415723 22.477956000213403 22.32378683225596 22.095585257740918 21.85611124109731 21.683520810089693 21.62317724430789 21.65710741428627 21.733564109546304 21.81299063397652 21.87465634194933 21.904776073728016 21.90859508784511 21.890398781778146 21.835972545862692 21.745007811529227 21.62302586535022 21.48758020608309
21.675190870900995 21.633582173946532 21.56676550959281 21.51807163997031 21.55202961763604 21.707011092659627 21.955387248256365 22.224879949959327 22.45462139887426 22.614963105149247 22.69895039156418 22.719212708464514 22.685995459279383 22.590120933757724 22.430376862234997 22.223579132603035 22.00247792638172 21.821797275146505 21.742801587263543 21.791974524671833 21.940417229669027 22.128114021369203 22.29706328835441 22.409430097287537 22.457441143842505 22.450984441192723 22.385984941108045 22.248322655057812 22.044205299967373 21.806592531438238 21.587257565405242 21.44274999117543 21.40295550805023 21.449250688504957 21.53803777590396 21.639732055656424 21.742491074259576 21.81999342619794 21.83468053193476 21.778685978399295 21.676850870760084 21.559529544820005 21.43149174543971 21.30434631194953
21.49151173584298 21.403240385467203 21.316452801392945 21.27239110396585 21.3125015795591 21.45544069315225 21.67180837097475 21.90229651401783 22.102428772106208 22.256827303355816 22.357775324744498 22.388526555527818 22.341706686265933 22.23426859947409 22.085750824065435 21.906171347353304 21.713467386295786 21.547685850247504 21.457896587219363 21.46875210922146 21.56455458088482 21.70762675306615 21.86065195946992 21.98955204027895 22.060129291600944 22.048736737280333 21.956180143424973 21.804856420447287 21.6224268400983 21.435047558181857 21.27538830527021 21.18158378154844 21.173333117346584 21.230500393487766 21.307795620854137 21.367864969153473 21.396513117231773 21.400130300783456 21.398844536769694 21.39857020024593 21.378089670099797 21.31980487058138 21.222777374526295 21.110886202523062
21.03629251053861 21.005544766796888 20.979542017075133 20.984438700269166 21.052234005803825 21.196489199475103 21.388697504236934 21.572585255076852 21.702768121375836 21.76541473921441 21.77856658077228 21.778380031185637 21.781751418970245 21.76618802822601 21.7018243016464 21.58104315121494 21.42252105015167 21.266415900516133 21.157662808919717 21.11820033922697 21.13489361109548 21.17633260967443 21.215608815633193 21.2399029095723 21.248512534936054 21.244326524686425 21.224677719259514 21.18197681547027 21.112791800601475 21.026152568288545 20.947567682259184 20.911958762413143 20.93971295326664 21.014793888491948 21.09294912334169 21.131098344920147 21.11558239373948 21.08096725133498 21.07324197693047 21.09971038330543 21.126915857925823 21.103680266632892 21.02075027214942 20.911063455360694
20.578371602287863 20.616571489763107 20.65262307734103 20.702849917794993 20.798131284428234 20.953589369503348 21.145070751422935 21.32228131730317 21.444511287556633 21.50204388086905 21.51654239418554 21.517881632411637 21.516638077176395 21.499038506998318 21.438466159716082 21.322650747660184 21.165625117020586 21.001902898253757 20.870097472203355 20.788277858148412 20.743437945140393 20.707690769755374 20.662417102698697 20.611825572117304 20.5784474677375 20.580691206007728 20.6138202300336 20.651693438687403 20.668064188237267 20.657418241015634 20.639233447496697 20.647267763183255 20.705463282843716 20.806585389510396 20.9164798702127 20.99746080699685 21.032966103997342 21.039428984628184 21.039623039077437 21.037202147552772 21.015180626252956 20.947020974331267 20.833106105806234 20.705400773039912
20.40476912721576 20.410097040899608 20.427024732122447 20.47261759602365 20.571764816590967 20.73604281684895 20.94292007335367 21.14878991904931 21.31913896735328 21.434772089801964 21.489037109509546 21.49962956182168 21.4806141476986 21.414281213100438 21.29399268085869 21.132699533637552 20.947306313127562 20.76366902041426 20.613325675607907 20.512679078058053 20.452383254995834 20.412762498530892 20.383929434827653 20.36708802064412 20.361248575935583 20.36102653922394 20.365384999614548 20.37467108694119 20.381418423247087 20.378197566241372 20.374195176475137 20.39557979852175 20.465168327320722 20.582299057038178 20.72508045226359 20.863656359132698 20.96627388250398 21.014679219667563 21.021275103761642 20.99230327256262 20.910168934184856 20.778651757168344 20.625746599418605 20.48257487649189
20.37416926177195 20.324140258228013 20.28617821153617 20.294460111465803 20.37450402083255 20.535193843521256 20.751313065251527 20.9796788187954 21.19209043372173 21.36875181791892 21.471252320318495 21.492931092146204 21.453469891603138 21.330842123835303 21.151586929173767 20.9512106407524 20.742273634044068 20.544281424629 20.388285597561048 20.29344714830275 20.253274394938774 20.250462008746382 20.274721004835403 20.31432946269543 20.340409012712268 20.33702509448181 20.30383947179672 20.257645658018422 20.21659926567587 20.18019181523357 20.153823727097272 20.158569039738257 20.213514391330346 20.317153861079536 20.452250086107973 20.600638828902557 20.741128382182303 20.837275021229352 20.85503049710038 20.78803855289351 20.659655191187035 20.508779296341164 20.36131188316205 20.23414722691379
20.33254617750487 20.23374481087337 20.15985868260074 20.137909931627593 20.1928899944002 20.337505248899227 20.54342038847796 20.75778495143936 20.94953088233465 21.12163914559621 21.26603487393504 21.315914841335438 21.234192083235328 21.08126056173861 20.913070114611823 20.728812102067664 20.526285703283197 20.330806694892097 20.18383267345574 20.110266988993857 20.10095193885819 20.130903514339455 20.186339287218388 20.264291315487363 20.32550645946651 20.317387682953854 20.24511676754797 20.16413518954649 20.093470131851294 20.02383841594731 19.962307780592802 19.93349220680194 19.95564622927342 20.020772262281522 20.1018552926773 20.173074196446933 20.221018075063732 20.24452497050217 20.248165325914513 20.233254529087827 20.19545124351779 20.132273268521953 20.05107645697055 19.971922688096587
20.10220563826537 20.04919013454327 20.002100869990148 19.976825708824702 20.012193427208953 20.135042747307544 20.319205330260495 20.497365722790065 20.611303228866575 20.6381403258758 20.59806758594657 20.57247491919814 20.612368957510828 20.642234003826815 20.59832189411315 20.4743145742714 20.295971346874804 20.11369766164229 19.984678118288468 19.938140038364992 19.95742323360915 20.001618566952843 20.038599070573373 20.057416516524945 20.061985347306212 20.061498948711694 20.053185724482837 20.02398361522715 19.96363930487404 19.874117904888337 19.778710249526988 19.714236560207787 19.703407470856664 19.734891152717733 19.77338052486014 19.784483479319295 19.75797938776419 19.72119009306943 19.712996003359983 19.741796706427746 19.778231632330634 19.78488590497851 19.756958782578312 19.721036624028354
19.78770965713237 19.83735603727648 19.831571598522554 19.806344812221607 19.8226193188373 19.922957717746208 20.09016113881886 20.25533170835684 20.348828675690367 20.347404265278612 20.303925784833513 20.288946544672136 20.314781576874 20.357046691738603 20.339703072304378 20.229475797563033 20.057307953707408 19.88500562829227 19.77489114670095 19.755181672368803 19.802887690305568 19.864372796266252 19.889743157488113 19.85822256263763 19.813571049150895 19.819772614826764 19.86730636763759 19.88045750131429 19.822637755211883 19.710058998081475 19.583559067973642 19.491374274249416 19.46153770681316 19.486034439927757 19.53442422599227 19.5774965892526 19.60103544314082 19.60838185910054 19.60914600116192 19.605667020143063 19.591166476948235 19.559238932770242 19.518268774791338 19.493524031583156
19.705979983001747 19.711943646235135 19.676539329345395 19.62406285192516 19.614186973990446 19.69144434959482 19.84794735504981 20.029221541683857 20.173419116107933 20.247576584558917 20.26733188426194 20.269229461430864 20.265272018205074 20.23602549587099 20.146071137874188 19.98984282037334 19.801048461936798 19.633142217138857 19.53822054592877 19.539506684258747 19.61533288855004 19.713306041285172 19.78141976259923 19.799663319012726 19.794695575013268 19.795504670856843 19.796953732549664 19.760288077185333 19.658430263691308 19.50926920737714 19.358119568170757 19.253071287597365 19.220723944914575 19.256485615080766 19.3392740843983 19.446406582012873 19.544567590600273 19.594918268251543 19.601300358815358 19.57239217465917 19.49243695049603 19.389882648533312 19.308228730647127 19.276261132130983
19.657926038275168 19.594173752684334 19.49666176707619 19.40598375148787 19.37189697976112 19.42621745211296 19.56375233299594 19.749491429730362 19.941918261074665 20.100588441364355 20.19205499873882 20.214276521135265 20.1754330161015 20.06546908339995 19.89516030196303 19.697199006878428 19.50277750943543 19.34549280139991 19.261111143852567 19.268790769494828 19.356195196713085 19.485738075027964 19.61171193091116 19.698025870883736 19.734611308525263 19.729606258651444 19.679149740309583 19.57116361715832 19.41425523899033 19.23947032520982 19.086075754622932 18.989215987982682 18.965865292825825 19.008879714938978 19.10098619858583 19.231641517991832 19.384454056235764 19.5007778999724 19.522137951063254 19.44194745051125 19.29732404380907 19.16223840132191 19.073155481784294 19.04567866912798
19.461853350327527 19.34139088002845 19.215095115846392 19.120575069539083 19.084931677995193 19.121617314375357 19.221748633953524 19.36046697309496 19.51581806660435 19.670826482548826 19.79250436575446 19.83117853149273 19.766436774760166 19.63081745232989 19.470653647756325 19.307849862033716 19.15164561046116 19.020347640426735 18.941251477819616 18.933229934412896 18.993843192888487 19.103362874749493 19.233796672107562 19.35051748243869 19.415876024085875 19.40533077156691 19.319734779903495 19.18319157450574 19.027736519289157 18.88017626694843 18.763583858771923 18.69821068101208 18.691548936991815 18.7298163100319 18.78637711247041 18.839569370214146 18.881438247822164 18.910400811873597 18.91670448551325 18.896606780569577 18.863396019052427 18.825232528715162 18.79288702236634 18.791337681794914
