src/interpolation/Data/testdata/2418-slice.grd
DSAA
151 151
126.8 138.00000000000088
0.0 1500.0
3.8001747831053523 24.723352553598264
[rows 80 to 99 of 151, columns 44 to 87 of 151]
5.3051734185886525 5.3314971552533486 5.3799228048381655 5.445579262698258 5.5125620139242075 5.560772279777693 5.578991404504731 5.572335786303547 5.555539234648246 5.541350739520543 5.534492875890142 5.533315953120755 5.536858433620313 5.548559720865132 5.571810767127246 5.604356199386333 5.637399530113856 5.658806421129001 5.660109915776671 5.643402626034442 5.620589376941603 5.605042904616419 5.603393683810705 5.612012330823682 5.619988655851595 5.618592402332456 5.6086862892392215 5.599621787078465 5.600294934698769 5.610392693780062 5.619064277641929 5.610739335266869 5.576403647621243 5.5221686650946635 5.46518156476931 5.421309484994185 5.397104937676676 5.38932914041735 5.388901669796334 5.393487777068735 5.4129540912052505 5.456753686048865 5.526934889033802 5.614645797252823
5.2256844049036175 5.254206704617198 5.304387370594986 5.370987240352048 5.439009827659439 5.4895347437485 5.511620723481847 5.509241196777443 5.495033540082835 5.480020318009056 5.469953732711008 5.467406638423174 5.473506707032261 5.488300092242372 5.51127309646448 5.539562505457124 5.5653602548682 5.5771032321078104 5.566068344968071 5.533470604963181 5.490111048765336 5.448938787241156 5.418512762458601 5.401152011723025 5.394341280653006 5.394726000787485 5.402560480651769 5.420895204954099 5.450525290544615 5.48629703535429 5.516266909483252 5.525374575452376 5.504708441012016 5.459015366956085 5.402698883621128 5.348662569592304 5.303674257632147 5.274676823883688 5.269553098235907 5.290099561536295 5.332553141013938 5.39200408035367 5.467467619868662 5.553182772429993
5.057814225191653 5.115646428517762 5.191047545055431 5.275742365191518 5.35590174589061 5.414366051243552 5.44145916224609 5.441955059654459 5.429046292352145 5.414455515389531 5.404776867714308 5.402288931870003 5.407526857942484 5.4213070319225745 5.443036905448258 5.468767322371838 5.489512177701776 5.492255762847006 5.466560128137232 5.4121233537127456 5.338729959587443 5.259108718379596 5.18405518809808 5.1240949804709865 5.091546175503582 5.095403696063799 5.134241221601835 5.1971680754364815 5.271329335186017 5.345187158971369 5.405690925052566 5.438504676329283 5.43552408318504 5.4017408703156935 5.3518107414469025 5.3013072284808 5.263498743024345 5.2462666338371635 5.244173516500982 5.25437868301404 5.286765775425504 5.342734263922435 5.41557088157342 5.495403783786273
4.933391616457904 4.99320915350707 5.0795495383785 5.178615123438288 5.271972614634079 5.340446542902165 5.374971838275702 5.383476028067516 5.382779273047184 5.384054075169286 5.386880618439973 5.387804891828966 5.386555658549448 5.385410947582257 5.390899732896154 5.404774002130733 5.416927375507355 5.410108948630155 5.370314014562189 5.296294407603453 5.200101748718651 5.099359090069898 5.011023091652546 4.949145883040097 4.920483735861284 4.923772256279387 4.9593344265136 5.027021394021263 5.117422831303931 5.214564696944254 5.299683340318052 5.354566459279441 5.369784032581782 5.351091722685092 5.314997029113932 5.2788375149644 5.254491478585502 5.244526621934006 5.2433596014907105 5.249474604744433 5.2707783773426 5.313291501706487 5.374010975555913 5.442229945335509
4.88877007732116 4.928004436393293 5.00133261791968 5.098098743958519 5.196052011385161 5.2708791532619195 5.311604819873887 5.32886584399554 5.3435300177405 5.36521224214724 5.382430393253352 5.386370806001184 5.379357778337593 5.360772544410122 5.345860207503996 5.345322278382852 5.348545225759398 5.333941770989939 5.284348893968828 5.199373663526367 5.09616736791061 4.998495038581538 4.925384898201021 4.884904301920638 4.871139809560456 4.872500010105819 4.890799188340362 4.937815776921864 5.01600724393452 5.1136487699368995 5.2088282366169 5.277481148712658 5.306229684920971 5.300279086513888 5.277389249825213 5.255309130802604 5.243284690995288 5.2400216692708765 5.240029205988204 5.242716553294979 5.254878062846105 5.28481130087796 5.333076735526131 5.389807758818153
4.877107118220972 4.898623766579502 4.9535657393648425 5.038138248650287 5.131486961881495 5.205754187191701 5.246183872735729 5.262526103062901 5.277771899787642 5.308108493304506 5.344532457905158 5.357395082122365 5.336306672407975 5.300331474290546 5.279308511224675 5.27791273675162 5.280439799281534 5.26391365075716 5.211424560399297 5.125281279541101 5.027116836276217 4.943061000849812 4.889190789912417 4.866808254593453 4.863126057193821 4.8632745458816045 4.86935310421581 4.8976008222367575 4.957699255066469 5.044317746240814 5.137386387648163 5.209825189901103 5.244124500475642 5.243094452818325 5.223453215482433 5.202133794927042 5.188500570932434 5.183545358331864 5.183633474890178 5.188362328885663 5.203471944430066 5.234480023946958 5.281023489617433 5.333892541791056
4.856569191983255 4.872145135060681 4.917850473573338 4.9918184452663725 5.076672135675695 5.144591520213767 5.177517671825018 5.179822878698607 5.1674053559363005 5.151794137238607 5.137712484996578 5.132388846857827 5.14145122993007 5.1576834011321155 5.17734751924625 5.198328487232186 5.2111498031475225 5.199373539273671 5.150686699239262 5.07059453354739 4.982152631288336 4.909857635233881 4.86554285151605 4.847429347866186 4.845695258246881 4.845449754948481 4.849469813112021 4.8724653942988265 4.9225178744813975 4.998284928277124 5.083647128183743 5.152370001495135 5.185092565465778 5.181946701309364 5.157048906550673 5.125205957138948 5.096108077300107 5.076935375960989 5.073827387806673 5.088893470291805 5.119919214209631 5.164042774716457 5.2185610348334635 5.275387031258873
4.800374567244032 4.833603315560989 4.883331236041975 4.952441748740822 5.028621663437207 5.087557251070324 5.1110583103746015 5.098998262256526 5.0611801368000435 5.009067109618438 4.964674698108317 4.95187239933616 4.974170672187823 5.024503219929201 5.0780523173479 5.12038993001886 5.144480656254559 5.1399370221084055 5.09921292336733 5.029380602534938 4.9516042015401665 4.886600743318059 4.84250151751331 4.815345624972476 4.801223286356077 4.802989282264313 4.82008298752742 4.850279706577022 4.898716557898549 4.96700376327116 5.042988220543887 5.103802748968618 5.131281498315467 5.124863314404533 5.098030483229397 5.066637096187267 5.04245487495335 5.030620178266562 5.029029473634813 5.037110202493037 5.060467182191133 5.102101810063401 5.158477238397307 5.219319327246686
4.775139989502466 4.806006141203609 4.8548395587571305 4.9182781397283755 4.984664678063322 5.033893084029015 5.05104832822354 5.036413274412114 5.001067415345411 4.962024050240952 4.93861795875536 4.933911877249927 4.942805351333134 4.972524279749645 5.016165920762728 5.057287094803175 5.083584335889073 5.084222731368774 5.052785023826896 4.995384497804086 4.9294919792296055 4.872154423693704 4.831064449002493 4.806377884320974 4.796613716394241 4.797633058971667 4.810383581863696 4.838654148940192 4.883770953948129 4.944371083282558 5.009788567776076 5.060890735381057 5.0824237177219365 5.07502940478521 5.053242373268256 5.033687063955212 5.024596355900972 5.022827459046838 5.0227778875720235 5.023922320881879 5.032599463854107 5.059660845381508 5.108236386894042 5.168686150908038
4.772834047440581 4.794858228538676 4.833977085035795 4.886568811663302 4.9409651108790085 4.98020236212199 4.993427960672527 4.983878897719428 4.963933499470079 4.945924701766108 4.936324058125294 4.934251685410016 4.9382504185275415 4.95138290457881 4.974726232967461 5.002756959020071 5.024931385166844 5.028704690000239 5.006169285014255 4.961274168581917 4.9081779996534864 4.861301168061027 4.8280102565276835 4.808899276219064 4.801276103806628 4.802150386815787 4.812076688973097 4.8345218096608855 4.872004519382859 4.922838449174375 4.9773708962897185 5.019218112524987 5.035464058273097 5.027663583490733 5.010789002237627 5.001677241906376 5.006586415613217 5.015488554983922 5.017330215474714 5.011423333632802 5.0066649345039504 5.021223492503688 5.06228266081352 5.121390639994926
4.766577641900776 4.779018457688895 4.806771524362872 4.848174553465767 4.891737141487103 4.9216250479439205 4.929161259840208 4.919881408383494 4.907710798298986 4.903228145084768 4.905916868002418 4.9077881594144515 4.905578695821875 4.905691786297967 4.9167369198088995 4.938471198494531 4.9606529288062715 4.969079663090057 4.954309294020045 4.918813331320907 4.875197809032041 4.83701261398612 4.811648513914098 4.799127190391545 4.795017655510334 4.7955650062454716 4.80144601140088 4.817346060663615 4.847592593192743 4.891070849117263 4.938539828457695 4.974682743719476 4.987194145095507 4.976761707246598 4.9562469203851425 4.940455880948091 4.937674044423337 4.944970706281656 4.947714730826742 4.941605795972755 4.943188072455771 4.965442912470248 5.010973731156429 5.0733258429589965
4.70982045583188 4.72298031314852 4.751770840352092 4.7924979684383535 4.832553105345573 4.855916230999648 4.854072415827496 4.8323663507971775 4.803985740655911 4.780111668033828 4.765916030276666 4.762308981514456 4.76936242281934 4.787801215451262 4.817353531287268 4.853725710610511 4.886963213476422 4.903773790985404 4.894943229483317 4.862689175506432 4.819301669028952 4.778432526095926 4.748489429050749 4.731493975016365 4.724990099420614 4.726004389908834 4.735200736466629 4.756330014252032 4.791803177389749 4.839033225906496 4.888507020327951 4.925343817120963 4.937214866024652 4.923269320478143 4.892972430705364 4.856427237324434 4.8194145040264305 4.790425711916121 4.78468916085355 4.806903837063851 4.846117770294904 4.894782522678798 4.954423191956445 5.023749228603684
4.574925584896505 4.614323510948008 4.66482910319593 4.719393273796427 4.76530340544222 4.786764508713284 4.7753770136673905 4.736644004583253 4.6842973256343425 4.632910092277404 4.5966791699100416 4.586202521765001 4.604349944733387 4.646781052777201 4.702869651131791 4.761153498147237 4.810015774626672 4.836311023270377 4.830733506398675 4.79539942365813 4.74283259814558 4.687142783602846 4.638014411651879 4.601458467806167 4.582627322168243 4.585304999995221 4.609248644802355 4.650748578490792 4.705448087094956 4.767917631488575 4.828319186145887 4.872223324355449 4.88772681709948 4.8739663515695675 4.840221999678235 4.798499029929642 4.761667606814673 4.742202645238479 4.739586307889941 4.751766674361663 4.785859751657726 4.838577795494449 4.903664922627184 4.976238573574617
4.459325202536492 4.508944633455534 4.574625412369116 4.643324845814772 4.69830188284171 4.7217545642690775 4.7057329715557 4.659437877054891 4.602852597770345 4.556498488917356 4.532174451713088 4.526868659613916 4.536534359811426 4.5674715557828 4.6205911092952014 4.684179478025825 4.741113575162459 4.773287526284866 4.768105187872501 4.726891301961266 4.663878486254571 4.596188388265826 4.536997905738631 4.495250071795219 4.475501608529373 4.478039981745412 4.503287168893876 4.551076043422262 4.616889384137929 4.692400139457633 4.76496593009428 4.818335694649395 4.840339343703011 4.8315625641117705 4.803854921809166 4.7719830592640715 4.748271024161176 4.737964689328311 4.736748668937064 4.743069804330643 4.764683560590355 4.806032918738576 4.864446236861224 4.933278759273234
4.413212766038725 4.449879703174039 4.510082290953632 4.580591241074099 4.64016826601476 4.666579818863692 4.651405392646213 4.60836355013338 4.562180584457406 4.531742429164798 4.520250504380284 4.51855071088569 4.521957697012794 4.538287705070425 4.576099928503478 4.63111504388295 4.686555188461193 4.719723153158423 4.713315626370306 4.667777443971737 4.6006039904788745 4.53308643508773 4.480154477264998 4.448410998161996 4.436209887623301 4.437574037263704 4.453809934529583 4.4916300293000315 4.552227620078864 4.628984821733507 4.70723375507956 4.767142739076667 4.794512222229716 4.7909831380421855 4.771086569591269 4.750833992685017 4.739178818217289 4.735538342805869 4.735371402447789 4.738285884987561 4.7504841039431875 4.780066003377441 4.8291952329632535 4.892055138387398
4.402167162358862 4.426272366725778 4.473644416932602 4.53654877815023 4.594529731801874 4.622286175485166 4.609728045041519 4.572551618581404 4.536662635157802 4.518000542341831 4.514932818085454 4.515446207383926 4.515012883926148 4.521709682691768 4.5478198886664405 4.593673203263924 4.644799115245918 4.676862478382294 4.669550439870631 4.623290121830372 4.558691348444673 4.49906495809861 4.457332623006962 4.435371788847931 4.428358833183316 4.429025684538718 4.4388144043397855 4.465870375326511 4.515161741987557 4.584660985579684 4.660910437984015 4.721572155856401 4.749505944793647 4.745683442084718 4.725385416945996 4.705029893956655 4.693776298367573 4.691405950762338 4.6919996178674666 4.6945235009131805 4.706715286250516 4.736326736215984 4.7850383378767445 4.847292408643522
4.398597187770628 4.41561997186045 4.452788501428692 4.506766916596087 4.560162388689316 4.587188335330585 4.5755524008775 4.539437739602339 4.502787471850322 4.479266361492936 4.469728716443999 4.468197950463748 4.4713694330928 4.484843677345667 4.514804394168068 4.560964368361629 4.611566486690263 4.643623717824863 4.636916335928234 4.5929834965723675 4.534044965474573 4.48305977480314 4.450349529735547 4.43449406725504 4.429211889231725 4.429780924587486 4.437003758514472 4.45692924421627 4.496612187679653 4.557215849053822 4.62716670913655 4.6834161676400266 4.706600310171573 4.695944724568523 4.665324789535806 4.629461000970326 4.597678655271045 4.576725372296493 4.5732144659753216 4.589428354407822 4.622186589559273 4.66887118065328 4.728786285153773 4.797938561186131
4.382580184870087 4.401889519274307 4.436208501653642 4.484965188691071 4.534122814458503 4.559583849294259 4.547314434864097 4.507979824961435 4.462753716769021 4.424683521462195 4.3999205482804955 4.393145839063296 4.404978316531174 4.4344178554223905 4.477617819866162 4.531350632490319 4.585336883778411 4.618824642293738 4.613892853761772 4.573796603296121 4.5205820005958754 4.475447682655689 4.447111590424637 4.433770020936648 4.4296216448720305 4.430045768156878 4.43586305839198 4.452861604891193 4.487583436696395 4.541512882784166 4.604101358456194 4.652979082953575 4.668550523473902 4.64951439795672 4.609700128520372 4.565337159454071 4.5296254378316965 4.510625960171411 4.507801638046199 4.520501429387993 4.55309608163854 4.605396771415149 4.673007005288501 4.749513061045284
4.369717218177226 4.388891953982966 4.422454985381642 4.468155404076701 4.5139207675634605 4.53841702422075 4.5268756857665124 4.486602701646278 4.438869226267141 4.4019029633986 4.384142174916465 4.380915813625812 4.387102849350455 4.410610746912939 4.454522987643541 4.511796798794021 4.567895905621834 4.601866267799734 4.598399142708637 4.562345786120009 4.514216965371927 4.4727801288082025 4.445948506246132 4.432925404614649 4.42904300767054 4.4294115911349445 4.434971364923238 4.451585207473802 4.484339773162707 4.533470491302051 4.588656849312488 4.6291246418192085 4.637147970047781 4.613012553992161 4.572256785245948 4.532772951254022 4.506956607135769 4.496970403352358 4.495872314763269 4.501600600378989 4.522817980467604 4.566299761342207 4.630603175960241 4.708584041446881
4.3683146290678865 4.383865873266555 4.4134596864016515 4.454720733862217 4.497087185197385 4.522185976238082 4.515133206554919 4.479574900585548 4.43543695971197 4.402026143779657 4.386230552909799 4.38307621436057 4.389017602766012 4.410194364243043 4.451495917524386 4.507125982892935 4.5608810480896675 4.591960422407274 4.587907910992409 4.554909747107968 4.511390168034443 4.473517561155313 4.4484075930407405 4.435694299172387 4.431375989455761 4.431878851319357 4.437930002103131 4.454150753512759 4.484806683827774 4.52917593623797 4.577062841043523 4.609606243410108 4.611764519701783 4.586061109887271 4.549206401551396 4.5180511504196925 4.50087559137885 4.495480161365429 4.494988883171219 4.498044804343533 4.511840555583588 4.545487226887822 4.601982567673628 4.676870863959301
