src/interpolation/Data/testdata/2418-slice.grd
DSAA
151 151
126.8 138.00000000000088
0.0 1500.0
3.8001747831053523 24.723352553598264
[rows 100 to 119 of 151, columns 0 to 43 of 151]
4.4487580479483215 4.437929429292526 4.427645964251389 4.424435801695639 4.4299094057123325 4.4405830763617145 4.454494487242917 4.47032470911093 4.485417803465673 4.494750606620145 4.491721639058594 4.472251188889788 4.440577293799108 4.409060202978232 4.3885445730419965 4.380049220054856 4.378686277473651 4.382534508603396 4.394359472152582 4.416587101083518 4.446337869911511 4.475208298153049 4.492271909290134 4.489502244494285 4.467378573818544 4.435374441420392 4.40622955831343 4.388660417017401 4.382522214780673 4.381591777551952 4.382274328248504 4.387207135049283 4.401874570368126 4.426826196144558 4.454586413202618 4.473335202124696 4.473429085176306 4.454087929554856 4.424141980930188 4.395480830438718 4.376029720075867 4.36692499384787 4.3642649734005445 4.364461206910383
4.425671543936505 4.41699201804608 4.414129108879108 4.415840286110703 4.420220672311468 4.427478295231184 4.4378068418158465 4.450277867135616 4.462097327957801 4.468190955110243 4.462315245038261 4.4411245475104435 4.409141177096638 4.377713371480131 4.3565148832684 4.346970162454579 4.344833985807288 4.3483240532284615 4.360355635807804 4.382824574776994 4.412466095940019 4.441025498365027 4.45796496153831 4.455754833155339 4.435607364853329 4.4080732659764585 4.386664899083305 4.378777682119515 4.379793486893498 4.380856667969435 4.379923272603622 4.378201165004922 4.383396498533444 4.400701850064089 4.424204949010486 4.441506740921972 4.442027752641217 4.424201208125235 4.396099689336388 4.369059636135398 4.351052233548361 4.343671363676415 4.342608790482512 4.34282881478431
4.384525940030807 4.375432785054973 4.3748566851953585 4.37887681332342 4.385737904311351 4.395455753939591 4.407646952211394 4.4210175290397515 4.432581297367547 4.437016607930627 4.427675969816127 4.400542596595934 4.359060449235377 4.313607085782867 4.275186864580712 4.25149346019235 4.24679304676973 4.260835980760351 4.289147116311911 4.3261452798004045 4.365978932178062 4.400877269053956 4.421515536965524 4.421462960826584 4.40279812063168 4.376517029238536 4.3560658393077984 4.349762716948529 4.355632732725656 4.360810230840625 4.3562271486216435 4.349265424146794 4.3527524775167405 4.369463785275298 4.392223539765704 4.408637128234244 4.407767441297038 4.3872200116271705 4.3539713145682715 4.31819357244502 4.287357279963955 4.265167850987883 4.253697095199297 4.254616491492237
4.366874962252872 4.370044761730017 4.368823540469584 4.3506178346465125 4.338932122864096 4.347852609324803 4.364670667918828 4.382565390355926 4.396994237898313 4.401888533012667 4.389757672738904 4.355716582914188 4.303281422312626 4.245570690172458 4.19916606156441 4.174354371890027 4.170631251629338 4.185954873473049 4.220062120355865 4.266988215197016 4.3168064197120515 4.359366481131124 4.384902435515513 4.387199954016877 4.368286192175965 4.3380249821718415 4.307242921576588 4.281432968643486 4.261791217563915 4.252878269155371 4.2602025862312995 4.278586553212208 4.3024864360388 4.330476578106888 4.357983426473699 4.375220333706301 4.372343989017467 4.3469039743865014 4.305478599249852 4.2582515350617856 4.214205993406809 4.1809546887044515 4.164133105384956 4.165208474174467
4.350376975331911 4.364267313464474 4.351091415736249 4.295665662149668 4.283624527766006 4.29555904360681 4.3164674207166165 4.339396699484943 4.35821342916425 4.365423882634082 4.352597780556302 4.315120714089982 4.259257660597662 4.202792543124205 4.164380096692735 4.148953313186762 4.147346581532804 4.156281001889475 4.182534653088952 4.225926030756225 4.276700569685413 4.32232664215741 4.350854476839823 4.354775489276805 4.335227893079669 4.300952790039719 4.262129485631229 4.226996501868382 4.204111490777073 4.197213435108233 4.202789871838618 4.2237391327217795 4.256752479354771 4.293107417799439 4.325095502305678 4.34328711791738 4.33868642494819 4.3095004699294055 4.263476186782879 4.212992224469888 4.169896307507232 4.142967651425302 4.132948003654101 4.133472914337708
4.2926536363798755 4.274352359015674 4.232836073165022 4.227930933497514 4.235462182971494 4.248808100680213 4.2707529716134385 4.297032633155905 4.320054507472316 4.330623894116857 4.319585087101843 4.283670975746165 4.232511943160142 4.185106741604801 4.155773986335856 4.145317026365512 4.144419238108296 4.150198022328523 4.169598542956289 4.204669126101367 4.2494970799046135 4.2927303003141795 4.321111574407511 4.325655346463717 4.3068134350947 4.273432851694749 4.237186747256526 4.208931926821812 4.195362125052945 4.192757602951485 4.194778420867885 4.2066738618492385 4.232462782373147 4.265994507801376 4.297103917913326 4.314603710990422 4.309086931036875 4.279309878139477 4.234597473611817 4.188858464116669 4.1532485576557185 4.133602361910892 4.128261877018381 4.128442379650758
4.224184981401048 4.210769380111041 4.208501416685026 4.20403934156226 4.198890335183056 4.208243105059522 4.230612123630194 4.259217412707728 4.285547356019622 4.29953166075141 4.291820582433438 4.260489240268777 4.217055605540289 4.179409613543708 4.157028024721184 4.148059591908326 4.146990405450283 4.152203227005437 4.167005722562329 4.194262537702102 4.231688923324597 4.269890845016075 4.295655571244875 4.2995815670236235 4.2822254050909185 4.253067784575541 4.224140545477871 4.204284620772101 4.19553913995817 4.193597828530307 4.195095401227299 4.202583886806303 4.220136148487426 4.246273545222348 4.273089931482372 4.289042251293819 4.2840176756581165 4.256753190512599 4.217240509273834 4.179371908020378 4.15177105338116 4.135719313602703 4.129494458465392 4.129815280279407
4.170149005182155 4.151557500731379 4.1438976951063635 4.144996209126419 4.154109665486265 4.171864958441982 4.197714604996805 4.228232344652396 4.256492072875148 4.272965997688404 4.268741053946337 4.2424217160118785 4.205132956731983 4.1729798188917 4.153869886773403 4.145934936268776 4.144931007281989 4.149674722306121 4.162486833733404 4.185939986944966 4.218403284058806 4.251590148238504 4.273341444727405 4.27500743354095 4.25761084523593 4.230800875465537 4.206172553071046 4.191173356384304 4.18613586900097 4.185620219179136 4.185795745866042 4.18960971375697 4.202367489991714 4.224314440967458 4.248897046595481 4.265015419523305 4.262475696539378 4.239759044184585 4.2064453687706305 4.175734633820268 4.155425990271722 4.145923490805854 4.1434758631132675 4.143565278589709
4.14224469791337 4.127006018935458 4.124977985353927 4.124443162985988 4.131331762986398 4.149419316768207 4.175435242870228 4.205518290680934 4.233471532553686 4.250733434345746 4.24927898296664 4.227659655254029 4.195081356730852 4.1656485559785965 4.147925894013938 4.141592899931961 4.141036471375316 4.144589285439233 4.156438482892976 4.178446856692519 4.207640787833309 4.236036586549377 4.252879959444806 4.250642961659639 4.230358782523123 4.200597048684813 4.171186752582317 4.148148771764869 4.133427837016593 4.127881132337606 4.132233079497304 4.145564202168175 4.166703492900965 4.193871303982075 4.221791677518871 4.241170260443777 4.243014744627321 4.225917581699322 4.198468781326186 4.172705290334327 4.156168538964993 4.149658020825204 4.1487169481104775 4.148732923196083
4.133844232535888 4.121247466152331 4.11620801675756 4.117764290122772 4.12548442999435 4.140853854554126 4.16356552170197 4.1903227388703765 4.215506993617742 4.231666021658529 4.231968001269658 4.215045875205922 4.1880786660494875 4.1628109312514745 4.14741165364959 4.1418756268762085 4.141344703722722 4.14445444373976 4.1546864356883715 4.17385882114268 4.1987304875531635 4.221707543609873 4.233211187850049 4.226460940286926 4.202050879335062 4.1673141417545665 4.131232918780126 4.10100758140648 4.081931162501071 4.075592729631795 4.080707100681001 4.098135975680387 4.126390933045566 4.1604017801356505 4.193598031854417 4.21750123644983 4.224371325832962 4.213146258476301 4.191422898551602 4.169935088544394 4.155788984527504 4.149959529257227 4.14880273079432 4.148842001280024
4.133362499866715 4.122923581049024 4.118470381015249 4.119748198951868 4.1264835947631004 4.138970135700356 4.15718758878406 4.179001034864837 4.199918120725438 4.213683274400741 4.214616542413505 4.201704642705293 4.18079259753732 4.161102542766809 4.1487913324347945 4.1438231090391096 4.14316226264774 4.145869255634385 4.153938592764908 4.168960460117543 4.188651006223073 4.206400382575024 4.213423786223313 4.203290086496686 4.17645755929793 4.140281505327782 4.104851651004044 4.079212514824828 4.067385681218977 4.064932034604309 4.066856265165484 4.077236823193631 4.100656266584789 4.133774773829071 4.168383038567316 4.19490236040099 4.205518459097446 4.199101413401176 4.182496659427356 4.165409756022151 4.1542949714384685 4.149855002514798 4.14891750621797 4.14898554469607
4.130845382340443 4.123305673687246 4.120263747067562 4.120996961494425 4.125562207041337 4.134653672467303 4.148588322552134 4.165956239095982 4.183055000441824 4.194379831657231 4.194860282244512 4.1835845633296795 4.1655991226065066 4.148702984284832 4.1380561514765635 4.133713826092042 4.132959954041314 4.134948732314748 4.141781879486585 4.154976814806408 4.172374470057337 4.1877702200020845 4.192854076561105 4.181653413930589 4.15520701106767 4.121702741494228 4.091694358857718 4.072761165866496 4.065549452124616 4.064361369178756 4.0652681761234595 4.071402620096003 4.088284373850676 4.1159178501533225 4.147751227052999 4.173885317849906 4.185691951195384 4.18131736550055 4.166893330497618 4.1515631617591495 4.141759398261842 4.138627099349512 4.1388421262902515 4.138920214161631
4.1111194263401645 4.102794814599802 4.099183943477217 4.100133424498468 4.1055684253701115 4.1154413387251045 4.12941589048555 4.146052369618878 4.16203127519779 4.172234026790192 4.17166730915129 4.158982914636822 4.138297540744053 4.116488143544259 4.098989209795054 4.088649395097715 4.08682513780652 4.093508188103572 4.107381681804882 4.12653948637505 4.147762540637503 4.165248625701883 4.171469316900398 4.161297799302731 4.136697495426553 4.106591769363216 4.0813075534363925 4.066930632857507 4.062705044038563 4.06252253257208 4.062552682331919 4.065829926252127 4.078332344226208 4.101383750357192 4.129851835243872 4.154092441095267 4.1647264409479545 4.158839020498135 4.14154105139211 4.121123629371274 4.103794627638458 4.09221228627658 4.086737508411551 4.0871517684246506
4.069582652081253 4.0537788817018034 4.045629322385623 4.048312572972708 4.060610067906255 4.07828376510635 4.098231476253562 4.118653344399659 4.136735526806531 4.147696205049961 4.146405364672207 4.131074830384627 4.1056527067613136 4.077890768591954 4.055452595052578 4.04301412008931 4.041198644152765 4.04954840976592 4.067681733049063 4.0926876264158345 4.119380041837686 4.141025191104261 4.150105325697265 4.1419076893244595 4.118802161035526 4.089601172931053 4.063638367727931 4.0456569176883415 4.035584888096199 4.032075943484424 4.034884319635301 4.0440033519997405 4.06047453208292 4.084582138025448 4.112387415290112 4.135150801962661 4.143440150183528 4.133676169710437 4.110266918309364 4.0811390073747775 4.053068920312937 4.031190756405415 4.0196147494637255 4.020287611205519
4.031106230117164 4.0147753897650125 4.007554726637149 4.009848610454427 4.021826409380885 4.041559916931517 4.064971471976396 4.088978488775881 4.110074873070716 4.122943722229788 4.12195771104836 4.1053983976889725 4.078598059759588 4.0517128404616765 4.033602360388875 4.026174820964624 4.025381871278323 4.029984286803036 4.043509399018079 4.066649435753555 4.0943803491441 4.11846814397445 4.1300969841928366 4.123866214469624 4.10169472026945 4.07170334914792 4.042554834750638 4.019599077436219 4.00573329237136 4.001423811072458 4.004921465471853 4.017623817574139 4.039156466266235 4.066745350987844 4.095651990422692 4.117572397998568 4.123446051237742 4.10984543611417 4.081734331848223 4.048430664204933 4.018859361227215 3.999567448293539 3.9918397101662504 3.992243146856486
4.011076324423074 4.001025575558041 3.9979082178134333 3.9987542746966467 4.00502048134058 4.019039835917192 4.039386940571065 4.063136923913151 4.085672860253234 4.100342594120505 4.100590446393499 4.085009260461453 4.0606395997023315 4.038768747152773 4.026672028532735 4.023182897901357 4.022939819730654 4.024790168463255 4.033005793913742 4.050947413979237 4.075821818226166 4.099602444494107 4.112432591885447 4.107862219199613 4.0871137809202684 4.057883772978723 4.029306032438832 4.008644338076333 3.9992024654431297 3.9974243613574894 3.998808712044612 4.0071282912859205 4.026201071221709 4.053265335351737 4.081650031512181 4.102293171145584 4.106229991869403 4.090599782778503 4.061636664450041 4.030037361550663 4.0047807843728656 3.9907375290822555 3.9867967865486236 3.986941311943977
4.00150210473623 3.9967829596320263 3.99640322159718 3.9963811190686203 3.9983683603159093 4.00666112011399 4.022261750073216 4.043462058265765 4.065601608843257 4.081216256806155 4.082908767625587 4.069275428159722 4.048042882032969 4.030240395649038 4.021785800342566 4.020748817599999 4.020877275581731 4.020801152893404 4.025870183930955 4.040196577649003 4.062062784983189 4.084350996793164 4.09722918045859 4.093910310888594 4.0753972440099355 4.049256842673954 4.024417793074289 4.007311549998827 3.999632086706557 3.997955608428607 3.9992789785036362 4.006044773072448 4.021744943909628 4.045259407737324 4.070822222239736 4.08948968883612 4.092308597517288 4.0767719060770435 4.049939096200969 4.022758389891767 4.002457539628054 3.9908711429806356 3.98696346879253 3.9871321915089415
3.9935726024773417 3.9893594083929647 3.988321880815483 3.9885902258145034 3.990940302381458 3.997724655263048 4.010660919203033 4.029405719490202 4.050192717977537 4.065780230916906 4.068497318229277 4.0564529570979175 4.036547058252674 4.018338529115988 4.0062717193727835 3.999753122623697 3.998764949244649 4.003547530101455 4.013310207566637 4.029242923140186 4.050593547449667 4.071746871405632 4.08397103170253 4.081139916585032 4.064569606893237 4.041772388228689 4.021011187831094 4.0072159539768375 4.000840684282322 3.999216237741872 4.000475191633162 4.006088584229705 4.018742804960795 4.038485136580173 4.061070825011265 4.078263369485213 4.081215150598139 4.067346213671526 4.043656924945822 4.020778854256785 4.005121459997864 3.9971140959298257 3.9941402868028697 3.9943094182191388
3.9881468255413353 3.9843251853450505 3.983882023249526 3.9838067758806788 3.9857126559544485 3.9918183667608798 4.003238797152575 4.01993149366982 4.038866019392265 4.0535746298359285 4.056778914314249 4.046016882325448 4.0265938062682265 4.006829213672822 3.992132775318684 3.9849216428669125 3.9841364545681017 3.988965171253694 4.001121690392503 4.019355887104112 4.0411415495366185 4.061212115066274 4.072049861762052 4.068546324235938 4.052278139738429 4.030325204383252 4.010115883656951 3.995748553176922 3.9878013014118774 3.98520557853647 3.987261104721512 3.9944857179439914 4.0079629749578585 4.027533719003109 4.04980222126895 4.067442669774335 4.072082958301237 4.060928754005911 4.040222630554205 4.019921510208176 4.006416250638086 4.000665958179425 3.999640917041041 3.9996636761274584
3.9861911886775965 3.9827572756164753 3.9815829287234292 3.981961339627186 3.984067479942212 3.989375017116609 3.9993193497809423 4.013896618376519 4.0305238208857235 4.043683297379202 4.0470339429201205 4.038011202740287 4.020547819629143 4.002168385238675 3.989251318367043 3.983927640539591 3.9834198286076252 3.9867812198240205 3.997024374336831 4.014141668101577 4.034512330700538 4.052391568457233 4.060970750766874 4.055809459976116 4.038325296577789 4.014834784442395 3.9920962456532827 3.9743673684664245 3.963572619863363 3.959932930302683 3.962899575908809 3.9728874895166393 3.989829142818737 4.012265285034571 4.036702285431377 4.056553688474596 4.064139155396626 4.056502579246768 4.0388253165581505 4.020148618494946 4.0069813102512954 4.000988458306844 3.9996843819390406 3.999724949641165
