src/interpolation/Data/testdata/2781-slice.grd
DSAA
151 151
126.8 138.00000000000088
0.0 1500.0
3.79982198707709 24.857891625192185
[rows 80 to 99 of 151, columns 88 to 131 of 151]
5.695967991549918 5.763091868404287 5.801375995613464 5.81794472587066 5.824187581365731 5.82674891276475 5.8273859834953665 5.827163899544563 5.827149753240917 5.826038528120869 5.821979178949424 5.812153366976227 5.788651420849823 5.738634260524785 5.654151726184919 5.544410136934973 5.433760362198158 5.344743453073617 5.284754050752017 5.246518855676832 5.222502280630963 5.224408533379638 5.250213542930181 5.289556434367309 5.349964245517994 5.434986775118776 5.532160819234625 5.616064449856373 5.665274107851608 5.678590736785091 5.672176030967194 5.663832722979575 5.663355554189397 5.670708885425281 5.673902001988964 5.667964282425146 5.662666086927478 5.667026675894201 5.677032664889365 5.679800814366292 5.661868742252875 5.6224708317795375 5.57391125502027 5.530462513479046
5.629822070594637 5.693547509114359 5.7322164916154925 5.752786399629548 5.765421886222401 5.77553216155459 5.783001015257527 5.785825332799839 5.7829668815327295 5.774887000013794 5.762911984463633 5.746433804098592 5.719182272250682 5.669917222962172 5.590966994176945 5.488601958161656 5.381699863774628 5.287718359137538 5.21288283434774 5.160080912685251 5.139278642082763 5.140203621049895 5.164938491710439 5.220155891980594 5.294685992132509 5.384446313698158 5.480096458516119 5.562816606107413 5.6166945931103145 5.641275123020167 5.648972087514419 5.652812057859819 5.658735180330765 5.665230682246545 5.667326376172442 5.663202020945897 5.656134194938208 5.650419951608865 5.644991988341403 5.632446817866609 5.605024090331894 5.56329824811592 5.516234013056267 5.473427925921378
5.562968613580442 5.61553839163854 5.642281372453946 5.650349526175102 5.650525521632502 5.650019520129255 5.65066613660169 5.651074198959944 5.650019685156184 5.648167008835565 5.646447193919002 5.642562363756783 5.628648411884827 5.593067419569293 5.528100150392041 5.438705168149447 5.341444905253321 5.2535004616394945 5.186185746518574 5.147798647036092 5.137376390828643 5.13770653884209 5.1507141003262005 5.192178387543812 5.2598605393895035 5.34391509758178 5.4318761667199835 5.507474658115977 5.558602379845442 5.5859963799662085 5.6004399980210255 5.612451007176832 5.625435793487736 5.6359568469920225 5.6388859037963295 5.632446097438585 5.619506656284754 5.604997975187487 5.5904142064894975 5.571274888680734 5.541730643354448 5.501841112235014 5.458228489594705 5.418005976893364
5.497009649114817 5.533376220931008 5.539832659308344 5.523040501815648 5.494876988259054 5.466086596928284 5.444698860940771 5.4361988349188035 5.442697517587485 5.462064700779081 5.488542438560793 5.513548008662812 5.525580323711606 5.511902668904936 5.4652754533502605 5.391654301494828 5.308577278690544 5.234507781741724 5.181157584008792 5.15211750691742 5.142160130975405 5.142662557561156 5.154210233866561 5.185068728384796 5.2384161043947035 5.308767602461098 5.383769501416382 5.447329744198285 5.487960519985422 5.506239766587101 5.512269410561362 5.516674944306255 5.524055596709917 5.531811595997518 5.534109012161971 5.528673949524292 5.519397460398169 5.5113508099043464 5.504498905356321 5.492865730982524 5.470009417572188 5.4358450752672995 5.397131406860851 5.361539191575986
5.4326203917446865 5.453460808569551 5.4401844606306815 5.400855338123665 5.350978185403612 5.305259182958395 5.273908375348329 5.262212674457511 5.271655423254906 5.300692404229654 5.343928538680856 5.390826263107758 5.42597953454812 5.432836033048648 5.402325525949499 5.341071369431418 5.268552733992634 5.204899750063827 5.1619334050876855 5.140996678660938 5.13468999842659 5.134845759473349 5.1418560710408725 5.1637540241116 5.206222503222016 5.265805894368119 5.329911285287519 5.381191588659733 5.406761930517321 5.405884712371428 5.387832851470707 5.36382687485296 5.342089185322041 5.32779388820558 5.324194370731107 5.332187908967864 5.34968327787239 5.372084899992728 5.392251770017601 5.400964483542091 5.391262394235872 5.364208548837038 5.3285349167283185 5.2942367968016875
5.370701610430807 5.382234970422549 5.357509084311659 5.3086980600755265 5.255803599700332 5.21400939665355 5.188904420996547 5.180209750993599 5.187359062571331 5.210607518512549 5.249981421211886 5.299826796928214 5.34455112431205 5.36291539691997 5.34096932539943 5.2835332305485565 5.210460102907437 5.141967565379501 5.08935651948271 5.055467082833307 5.039367651561734 5.040166037736341 5.057635298504353 5.092066913624395 5.143109955648996 5.205923081412568 5.267998755355711 5.311455924025584 5.322544687166953 5.300580377733182 5.256496596471701 5.204766616488841 5.158367035514672 5.127823841753984 5.120160575333226 5.137387719690224 5.1758139862456 5.2260662299443625 5.274497653868753 5.306088797860867 5.310659562675364 5.289335311575178 5.252694106276133 5.212141235151171
5.313350509850519 5.323847106481561 5.297965785751651 5.251851075151522 5.2073857834855275 5.17668249998711 5.1589622653534075 5.151137671445233 5.157808765635147 5.174510617464633 5.203292577918782 5.244978527517648 5.287255265003245 5.306783183462612 5.284755313095433 5.223053077801819 5.141146326166931 5.059476039134762 4.990630165433264 4.942026239169101 4.9183137564618855 4.919731114367725 4.94608016708762 4.995833512162212 5.062473067480378 5.136428274409794 5.2033114690218065 5.2442169727685926 5.245372591247313 5.208881867296284 5.151308411679582 5.092859990829171 5.048534227861671 5.024420496960574 5.019029470339273 5.03110127202901 5.063639216828211 5.115683147995468 5.175024008513725 5.220736560265271 5.2354025846624515 5.217306189123979 5.178177246470151 5.130882043197286
5.262363615611697 5.278501799352789 5.259322997136351 5.222137422619217 5.188275375042432 5.167409183441748 5.154085108529025 5.124973561913468 5.152526322514656 5.166083316580764 5.185538542614013 5.217232754621687 5.251358357849982 5.264781291971775 5.236621212390708 5.167684549179026 5.078843273277348 4.993404418376077 4.927745198321132 4.890584615021678 4.8782215219192695 4.8788274754085075 4.89334956022296 4.932809429209843 4.997304610596455 5.0744344227570135 5.144858169381151 5.185837250947683 5.18262244708337 5.14093217269661 5.08339615579469 5.033498357627763 5.003894999573196 4.993782685520604 4.9926658666258605 4.995778929136103 5.012395414916755 5.050917551466832 5.105073584880928 5.152963646523634 5.170994617734599 5.153760185515887 5.114338227107361 5.068871923052417
5.2172416499320615 5.242783189447591 5.234874432351386 5.208700413472411 5.1839344045252576 5.170548372824442 5.171093718049541 5.20773598611945 5.172195708745402 5.169981906598122 5.182148213365327 5.20557926712737 5.2300465916096845 5.233706237749569 5.197036651761727 5.1226792388044275 5.033969466457048 4.955732758442473 4.902841098176205 4.878702630300001 4.873795759128868 4.873908176739555 4.880202173294927 4.906547804621525 4.958979476490564 5.029420242986309 5.098207368675393 5.139396859653535 5.136239862244653 5.096250042726329 5.044867899014124 5.0051169134720706 4.986790180865238 4.988101959350927 4.991180042324459 4.986188698039312 4.990844016000575 5.017379347156483 5.061562080315679 5.103703839058683 5.118744781946377 5.09991215770618 5.062044192271981 5.024539280941687
5.175121697256021 5.211386514274874 5.2168248686669365 5.202435312585425 5.185289281390414 5.175530895250118 5.17549689298046 5.179743717366005 5.175908479830391 5.175226587480154 5.184347882389702 5.201367904291979 5.216022460630889 5.208888678248856 5.164283730622706 5.0878563897267695 5.003899122418402 4.9356870868517575 4.893815092740266 4.876787338285883 4.873843702168069 4.873904353614843 4.877650703993044 4.896240255421758 4.937724934643734 4.998912124896158 5.063154669385997 5.104228517033889 5.103950983626163 5.0691801614860115 5.02432168695079 4.98955316352886 4.970475132297152 4.961031511380755 4.956214215264306 4.963839617923308 4.975467826776148 4.999418312677295 5.035872980654386 5.068963465036272 5.076358265260685 5.052995859458913 5.014904277140396 4.982180207829598
5.132601308449202 5.178984531696988 5.197598455697132 5.1953025050508685 5.185890632235678 5.178779977625569 5.1764000076178895 5.176437135283343 5.176481940777375 5.178832837660391 5.186355096862527 5.197380245210525 5.202573969695957 5.185873460932046 5.135935260590864 5.060124382494946 4.980979901504034 4.918427378264399 4.879508051625584 4.860542290067013 4.85389604416242 4.8542343299957835 4.861768464409862 4.881732932832863 4.9200125847321186 4.9760393156512 5.036531601899794 5.077646321844848 5.081705558537966 5.053750394742783 5.01482564333866 4.982077530784202 4.9595830995066175 4.944202542101678 4.939969792856746 4.94854892599532 4.966085797590536 4.9904927681743105 5.020694895211152 5.043144243897134 5.040070647010563 5.009546641085202 4.967096555559669 4.930030875324179
5.0880251887084285 5.14176186949609 5.1703938571082215 5.17828885090949 5.1765011582315354 5.173451160864545 5.172078286367267 5.171972978017325 5.172554511806357 5.174746447661571 5.179653699488144 5.185281414121117 5.183486841978573 5.161244604585414 5.110185420007813 5.037347969316115 4.961855576219266 4.900291563248347 4.858370369713603 4.834254496443342 4.825360699397284 4.825792292660911 4.836194515861317 4.861396382248868 4.902383742955622 4.957551048749118 5.015711247687714 5.0566380091109835 5.065033597032352 5.044445121086595 5.0120243897471735 4.982586475962657 4.961593355516804 4.949338100670096 4.946254004268688 4.952355381286917 4.966867905773772 4.987826528248626 5.010031127054958 5.020622421156371 5.006387792596982 4.967922145240277 4.918660289742141 4.8717302151610795
5.042179406759935 5.098339054369744 5.130464861971529 5.141687132764753 5.141834941784198 5.139331298391141 5.137889894283356 5.137890185172233 5.139179202324932 5.142547341725358 5.148593626889133 5.154835843840975 5.153405360142189 5.132788337914365 5.08602368118867 5.019208623863305 4.948628995835457 4.889265674100332 4.848662244209354 4.8284352783355216 4.823708222647324 4.82382826445435 4.829800854036234 4.851556732110441 4.891428305709824 4.944604792327404 4.9993977607782325 5.038469531460756 5.049323607052438 5.034805859309815 5.008934562003329 4.984494522385485 4.9671617406969215 4.957590072550188 4.9551269472860655 4.959271327193908 4.969479947377426 4.983904727372653 4.996581536963256 4.996170603921659 4.972878705733848 4.928327222839937 4.873596516554371 4.818632610688013
4.996440198480918 5.0496469420674055 5.077163296116075 5.08041975508656 5.06893604243391 5.053100063391904 5.04057970860135 5.036143504311182 5.041818707029938 5.056805362127298 5.077747710751932 5.098528629750236 5.109521939254115 5.099422922795554 5.062326453374262 5.00455929828655 4.941521040427774 4.887592019894824 4.8505734241001175 4.831655511401048 4.825758502002098 4.826033153685327 4.8329081635335465 4.852846600013101 4.888844595591905 4.936807406223078 4.985781498627572 5.020443908487827 5.030062399435931 5.0170351608229105 4.99355116964202 4.971333677002935 4.956100115005443 4.94824821070545 4.945993138717188 4.948177068964772 4.954795998226902 4.964609804652482 4.971760412578172 4.965742921317519 4.9382394344694065 4.8911345504306665 4.834422517058794 4.776829981744619
4.950795101860675 4.99818878462239 5.015374022960429 5.00178854486225 4.96838173444294 4.930335540503193 4.901312417346357 4.890409177937851 4.90116466468514 4.931851070276383 4.975598543472094 5.021104918033456 5.054265987930278 5.061626150806846 5.037516734020267 4.989633765412226 4.934491534570529 4.886895665110481 4.854256729931171 4.836915009974794 4.830572019496693 4.830826938564434 4.837791686130626 4.855507460683311 4.8867404406612565 4.928660191708729 4.971293986109335 4.999942860805212 5.003892417913604 4.984615879760441 4.953234211982097 4.921449820163049 4.8964735790093865 4.881369976128167 4.876941995278274 4.882787174054108 4.897135354693989 4.915609755436153 4.929685187532189 4.927812949435186 4.902180976426877 4.855734112580205 4.799501606329115 4.74343357379049
4.904601686093304 4.947588912722472 4.9544021957494415 4.92485550235016 4.875794246881143 4.829217775993442 4.799312477491154 4.789240243013936 4.798422552639947 4.8286465672866035 4.879767522714547 4.942084768901657 4.996339566287368 5.02233219801201 5.010938583938987 4.970238073942309 4.918546158840655 4.871946779580955 4.838297260068156 4.818485898942263 4.809993816323583 4.810318732347626 4.819431185578668 4.839410121746421 4.871490752144516 4.912533584081859 4.952396201823886 4.975686664589771 4.970558524951203 4.9375588093960685 4.888023574078467 4.835612097928691 4.791344842970868 4.763126956934301 4.755549232316779 4.769303132960286 4.800536990042685 4.839912288870132 4.873106056651786 4.8845721278121665 4.865741496867031 4.821430685979724 4.765294977206977 4.709724774171921
4.858878787590064 4.901942398962867 4.903560555657535 4.866820356549077 4.816227542541389 4.7768536957328465 4.757097556603995 4.751788663495016 4.756398396337933 4.775755435711556 4.8180813944518865 4.881503484081387 4.946891720102384 4.98667030363071 4.98447208840225 4.946205094623027 4.8915295503217715 4.838445934000928 4.796500597182419 4.768808456836137 4.755700644018046 4.7564431896125186 4.77090703251917 4.799183461674241 4.8396196077656635 4.886899761349042 4.929195088865413 4.9493307259700146 4.934169299971477 4.885089953631752 4.817541142927281 4.7514498985706775 4.702194570760331 4.675559685335615 4.669356959116856 4.681770998794601 4.714590267684952 4.764430943255188 4.814710553244584 4.8417903940186635 4.831632468902466 4.78941842336991 4.7317673764528125 4.6736129988907145
4.816599292189981 4.864244012888459 4.867520637996476 4.832429959199255 4.787891835609555 4.758060530121278 4.7465957228712155 4.744745867527908 4.746243374924412 4.757145108401906 4.789173350737176 4.846321729718427 4.9134129682593315 4.959744144938122 4.962042378807907 4.922709031122131 4.862864449692415 4.804513326931866 4.761415549866303 4.737977555485592 4.729962596896712 4.730372257252384 4.73969650106316 4.764634045128512 4.8072514935039266 4.860035865241545 4.906451264875318 4.925173650604067 4.901605090628368 4.840304914334547 4.763987226815744 4.6987588270846965 4.658952664885059 4.642539047465212 4.6395631933299875 4.645989487358303 4.6685900048734155 4.713279324771539 4.768773143874834 4.806316021796876 4.803459821877481 4.762983769855115 4.7039208158434755 4.644285885199571
4.780468055488722 4.835120431370655 4.845584492825008 4.817416879008834 4.779516628240761 4.7546539489560855 4.745666378851351 4.744519568628037 4.74541745970314 4.754020999014858 4.781507268242089 4.833393371654423 4.897692840979305 4.9444945973717305 4.9474430188020575 4.906372536279866 4.843758502706032 4.785265556255736 4.746532982112369 4.729554582600819 4.725937753973774 4.726039374626333 4.7306289134610715 4.74935881173901 4.7884127610668505 4.841837131709655 4.890152044175824 4.907789406542098 4.878943699260955 4.811909941244098 4.735089124212311 4.676167498791412 4.645353609202499 4.635673431649981 4.634599514156593 4.637355394499203 4.652264789029702 4.689022349938341 4.741851990905832 4.782736903607499 4.78405442575751 4.7453413673673355 4.686794505799026 4.629060225998019
4.751068241965603 4.813197586931799 4.834258084034045 4.815999454375401 4.783855880848109 4.759914716719369 4.749115691529194 4.746577198222913 4.748829934642387 4.7598954930867485 4.788283326971877 4.838014334393285 4.898150373036805 4.941496081476651 4.942883642375152 4.901320631872173 4.838996673866411 4.782083308412829 4.745534756483097 4.729746397618484 4.726123948820202 4.726250458780589 4.73074468795803 4.748097556285026 4.784925446262912 4.836719218078994 4.884014017572086 4.900059032636321 4.869267670969543 4.802077891327532 4.728115650559286 4.673272989317801 4.6450757095473465 4.63599018795509 4.634846927535267 4.637610739442898 4.651221040601195 4.684390171542 4.733053796257527 4.772212419615037 4.774541025854282 4.737870610302784 4.681803879680021 4.627558861819721
