src/interpolation/Data/testdata/2781-slice.grd
DSAA
151 151
126.8 138.00000000000088
0.0 1500.0
3.79982198707709 24.857891625192185
[rows 80 to 99 of 151, columns 44 to 87 of 151]
5.3158255337877796 5.345212366453556 5.395037656356909 5.459503230138844 5.522868978899682 5.5661728325947495 5.579859729246902 5.570222060455851 5.552256015534541 5.538354116845158 5.53236655758215 5.531479350663609 5.534237906437344 5.544668648003535 5.567068936210355 5.599500501287109 5.632952006094655 5.654841522187796 5.656365060678474 5.6397686187167455 5.617539700059427 5.603583649614925 5.604569091449977 5.61605557890486 5.625759660846098 5.624184751844389 5.6122800409926725 5.6003570890319905 5.598629178005261 5.607330439821295 5.615307569860582 5.606287477312464 5.570831422325555 5.515442834246506 5.4581049193627855 5.415173163163648 5.393166601083784 5.388206706525639 5.388495519658623 5.390493212560926 5.407062086537218 5.449023437374876 5.518838218646633 5.60771433896921
5.2371288814752806 5.268384985079692 5.3196092174995995 5.384899686337786 5.449408119803749 5.495234208476168 5.512960898458258 5.50759599405056 5.4918303045859655 5.476123140142527 5.465666867623082 5.462917208232965 5.469024772504532 5.483805945986896 5.506727519927989 5.535134387077787 5.561239491248851 5.573177899296375 5.561902245073581 5.528706765996049 5.484841489761758 5.443656666548517 5.413826522713787 5.397455159036202 5.391422607522223 5.3917277902650875 5.398726765751353 5.416175740460281 5.445377252974785 5.481258906723861 5.5115790357994126 5.520699704718865 5.4993081614218395 5.452375743543363 5.3947597879138725 5.339229123143784 5.292153112643649 5.262001644742811 5.256900789986099 5.277573778760518 5.321701432301836 5.382499174297256 5.459054893784856 5.546346467452501
5.084313017792195 5.1390505639838615 5.211259918057417 5.292210210668358 5.36759722757192 5.420747449789056 5.443193471902232 5.440561842339868 5.4260093858388085 5.4107746522788185 5.401048395677709 5.398582418483028 5.403529429092826 5.417034179505892 5.4387064009341985 5.464585802803654 5.48556765244608 5.488241987725804 5.46173059821326 5.405677549978954 5.330137076999331 5.2479695836082385 5.169923422348873 5.1069335073369615 5.072513392535987 5.076639851608086 5.117761772701003 5.183852416140679 5.260970995464259 5.33728237712953 5.399676995545467 5.433500407219359 5.430370314501919 5.395525701277075 5.344205636052697 5.29267730490691 5.255685429840757 5.241863195206823 5.240943353723743 5.247542142224322 5.277432594224621 5.3334089605759285 5.407367492091163 5.488817923604408
4.9599114001610465 5.019692015361962 5.10318348905343 5.197633803454309 5.285238794747757 5.347722746334366 5.377439326535829 5.383387719223961 5.3824912160206715 5.384784229965073 5.388028765875224 5.38881430475284 5.387534739547367 5.3852752407973865 5.38895555927706 5.401682664814873 5.4134225934753575 5.406101303238142 5.364917361225521 5.288489157275255 5.189358977899646 5.085788804847851 4.995494014988882 4.933387450142659 4.905618149450566 4.908759381678022 4.9435331059049235 5.0119159108428155 5.104607306705492 5.204674102993189 5.292545933285856 5.34927104777208 5.364996042735176 5.345799737440989 5.309013043581034 5.272849813558473 5.249841213094451 5.241913335064984 5.241237751486884 5.245408858860329 5.264391839978179 5.305882911832425 5.36691522203863 5.436231458829579
4.904550894504265 4.949007310562519 5.0234923551733095 5.117519069424594 5.210110849179493 5.278790242444036 5.314780054079079 5.330345844694002 5.346734846670526 5.371268447790096 5.387454361202278 5.389295551940781 5.385015088035595 5.365718139993903 5.346894455275855 5.343539956775642 5.345552530859686 5.330038049413364 5.278685712127733 5.1910582203674736 5.085300884052428 4.986368793008528 4.914139203420523 4.876752642036437 4.866041389020856 4.866963175748656 4.881900472448902 4.926264907642756 5.004144812159601 5.103435738509326 5.201184290869747 5.2720207717193475 5.301737965329613 5.295810733304182 5.2729508432620635 5.251710456489842 5.24133976444311 5.239433936630483 5.239588145404606 5.24106247171085 5.251087424045414 5.279363365184593 5.3271736959208305 5.384413314132897
4.884387827927127 4.913055516882306 4.971973947528193 5.056107053158352 5.145244705862229 5.213628802723283 5.249268765630255 5.263912761783759 5.2816553999853735 5.3190188316862965 5.361944537735503 5.375269553646501 5.352476021463951 5.30851499667852 5.280727100773088 5.2761521478667675 5.277505922332654 5.260072967496302 5.20580003222644 5.11721191435138 5.017309234898422 4.933449300828465 4.882104988437449 4.864124752480058 4.86317312860819 4.863106985866396 4.865695235986923 4.889834858179902 4.947956290711569 5.034879094432506 5.129861889455618 5.2043799843141985 5.239736727206932 5.238786372567234 5.219071654161477 5.198196936577605 5.185688155591085 5.182017937076271 5.182313707874623 5.185755165676811 5.19919619938648 5.229086773716526 5.275372751371225 5.328714963937729
4.860967919862225 4.883835880260525 4.93362624142878 5.0079787072731925 5.089416829019582 5.151760857321599 5.179529121584116 5.178561287881643 5.164459182383797 5.147284815217488 5.130059825179576 5.1226708467854545 5.134665195642761 5.153258662154364 5.173565291741894 5.194742239015012 5.207703117081252 5.195513005432308 5.145318265926453 5.063156073892781 4.9735161497406395 4.901830895670142 4.859803421242102 4.845574850845694 4.849907059811175 4.848428891596449 4.846601835138891 4.8661442975338725 4.914263397860883 4.989846912916937 5.076625379315201 5.14713809730456 5.180736633072722 5.17736564831712 5.151664519176329 5.118720514259301 5.088240059226081 5.0679006307353145 5.0644635571249434 5.080063934618174 5.112073849080126 5.15702103003139 5.212303956318844 5.270069351497118
4.815873502061295 4.848113425028338 4.89863713874517 4.967215942793675 5.040073854803123 5.093719024711349 5.111871320164882 5.095192138669666 5.052394229468275 4.9941285498743415 4.947549809718257 4.936624616933659 4.956723185051655 5.010838939081542 5.069668558916336 5.115026162983849 5.140496452692473 5.1360788382510485 5.094235730307812 5.02270832802247 4.943889844330435 4.879063595433137 4.835575038699574 4.807742252857799 4.793730986189437 4.795109580553919 4.812770635598485 4.843273064993825 4.8910741245774645 4.9594402932825865 5.036643570515438 5.098946342679632 5.127077274304253 5.1203089696667465 5.0927215010253954 5.060861541592014 5.037169027673215 5.0266587710891 5.025383349099997 5.0319756048990545 5.053843206385105 5.0950898085412355 5.151990158921429 5.213899114295114
4.788651687396783 4.820621756903854 4.8693835528390075 4.931546211137927 4.994634726617736 5.039074946514576 5.051380883164146 5.032576901640801 4.993673207367606 4.953049193012308 4.9326113395477025 4.930510428952689 4.93556356002525 4.963273656833944 5.008632490507664 5.051928232861131 5.079547357136836 5.080469312946775 5.048259015104608 4.989551999041465 4.922725707523278 4.865250147261079 4.824495606142386 4.800678093824797 4.793017300928662 4.793597798854857 4.804374227444425 4.831963504234651 4.876806022053449 4.937718760768598 5.004203779587146 5.056481905462152 5.078504865984511 5.070973580663901 5.049271827152635 5.030808577383014 5.0234861054560715 5.022692665650198 5.0226994519847805 5.0230841136833275 5.029563531081241 5.054485727810128 5.102350228667643 5.163408829904104
4.782017597496645 4.80619544666384 4.846078542224439 4.89774002246606 4.9493080476252365 4.984488447182043 4.993796639595275 4.981467861822136 4.960137833038093 4.942148059004151 4.933534174819197 4.931946824307756 4.935063993020283 4.947081446976732 4.970109648590681 4.9984809411244955 5.021146202671464 5.025064511590967 5.002029523135949 4.956249751166685 4.902520541633799 4.855634652052012 4.82286024655182 4.804568294765683 4.797694120022602 4.7984442495752875 4.807516952284938 4.829160656531898 4.866205253707489 4.917206436857725 4.97250824942671 5.015195119565166 5.03178136796495 5.024038524474967 5.00793769015086 5.001276924983791 5.009632056647236 5.019604291058632 5.021118951273383 5.015027015883219 5.0068584385686625 5.017712441403836 5.057055245125301 5.11629320059912
4.771173493997576 4.786488514157817 4.81616841930947 4.857435562180481 4.898711697322578 4.925035854634207 4.929218680178765 4.9180419751569975 4.905988624262009 4.9033909923643035 4.908223630031577 4.910743972885842 4.907238171190344 4.904785709834729 4.913714846322352 4.93459685866238 4.956791167367245 4.965347694614301 4.95031462393292 4.914264436016115 4.8703336810634035 4.8324769383549695 4.808079057696504 4.796732597347787 4.793352940580903 4.793786656424125 4.798755110528263 4.813435110640059 4.842816673277161 4.886153464595601 4.934114957889436 4.970852644987688 4.983523117330667 4.972936641090239 4.952699435337417 4.93844427911728 4.939227885080755 4.951640111406687 4.955722344252242 4.944915069204991 4.941596163336718 4.961019348534364 5.005451803362952 5.068107493865422
4.7145302983368 4.730887058152347 4.7613506422599325 4.801562618034815 4.839014447618227 4.858535815171474 4.852967550806893 4.8286606294680405 4.798993755839486 4.774790882139333 4.7606839489081825 4.757109758296467 4.7639567936747556 4.782118802191119 4.811643467539567 4.848412510891381 4.882322407121359 4.899634856069113 4.890746274745698 4.857981220984343 4.814134308137185 4.773269671505904 4.743890732461819 4.727799524608914 4.721978758861315 4.722876770644294 4.731244080827356 4.75147132650093 4.786483775023619 4.833879686013785 4.8840041293463825 4.921468350151385 4.933382916400096 4.918810388061509 4.887417249601751 4.8489863505299935 4.808421317035941 4.775501222390278 4.76892685221615 4.793763159004712 4.836653391489179 4.887232429995906 4.9477757327004035 5.018116410777982
4.593264887737408 4.630448566747842 4.678699854094733 4.730382455945701 4.772264407870801 4.788883573837498 4.772825833682331 4.730210834433558 4.674575789260602 4.6203352114429626 4.582428569658607 4.571624387628618 4.590320912163202 4.634645551284223 4.693238325495739 4.753730630982462 4.8043053196338725 4.831614312161948 4.826090141199081 4.789983638897676 4.736295506332619 4.6794425830924675 4.6291011446286285 4.591322572225017 4.571681628605765 4.574437647217724 4.5992782542545925 4.641978719401159 4.6978659364052575 4.761568537064769 4.823258825542319 4.868134628215191 4.883785406844293 4.869236947475927 4.833995056682615 4.790453606944072 4.75313461523965 4.736483560816122 4.735036152262123 4.743768626753055 4.776440691970749 4.830083641771058 4.896433527480659 4.970318825438824
4.4821240357778205 4.530073528001769 4.592331835983927 4.656597346500555 4.706204676138912 4.72378034856094 4.702420593083293 4.652130645674129 4.59329099671463 4.547133525186597 4.525200974618986 4.52113593615199 4.528823138045311 4.557623268203441 4.610837774070874 4.676014902257882 4.734787560834639 4.768182886550745 4.763030861450192 4.720726274068586 4.6561072512759285 4.586838093370811 4.5264711424180275 4.484362097203726 4.464876659500924 4.467316557621665 4.49227842000474 4.540551148961201 4.6076330537068655 4.684838891734598 4.759215222014285 4.813979556980497 4.836428050801456 4.827172240478641 4.798606402829312 4.766276882187035 4.743489566145072 4.735315167244119 4.734702625854737 4.738839111945366 4.758277587672465 4.798935569604381 4.8577134878752455 4.927472386163712
4.428820306785428 4.468237201629361 4.527686378588628 4.594642035517881 4.648693658658713 4.668780565611175 4.648199743959427 4.601956058124478 4.555239287738414 4.526785494646881 4.518126264504723 4.5175026457900564 4.5191247728269675 4.532465639136347 4.568494137857984 4.623622634952221 4.680259521134757 4.714494928217535 4.708022744963588 4.66127371768514 4.592628733038006 4.524245249681258 4.471542101200552 4.441334626184788 4.430947024913832 4.431998793858815 4.446196782058606 4.482632560890312 4.543189637897727 4.621036802084939 4.7010483638152305 4.762555167437278 4.79062428065996 4.787010446481362 4.767031979419462 4.747428765568975 4.737171414730862 4.734674955511294 4.734620395343596 4.736465114859315 4.746716944532025 4.774717768947894 4.823300830607628 4.886525943008898
4.411742985952151 4.439961352930532 4.4887067033942625 4.549802238757127 4.603056235034141 4.624654500942152 4.606923185764818 4.567250821600897 4.53183166873787 4.515990897116333 4.515715090114794 4.516727890904845 4.515220506904902 4.5186301181595345 4.542039357145914 4.587061507551355 4.638785185428584 4.6716975746529865 4.664272331387069 4.616913355081391 4.551333741349533 4.491717221980744 4.451059273090144 4.4310805411550716 4.426403957687616 4.426652065394618 4.4339308640521224 4.4590789128058 4.50739583913478 4.577122234617928 4.654694482055461 4.716853465357397 4.7454808631696075 4.741572638511656 4.721207441559057 4.7015296544025835 4.691929180243264 4.6914406962406305 4.692377600568169 4.693147758588705 4.70303276231409 4.731068777123187 4.779203945136862 4.84173635706336
4.405061339253789 4.425959820847983 4.46530449080563 4.518687218343516 4.5682730812799095 4.589551089794067 4.572865729750898 4.534198337488368 4.497413443127652 4.475257916040224 4.46774611889527 4.467183311618825 4.468789630347094 4.480196084058059 4.508713609822007 4.55444150231472 4.605655644802782 4.6385554952963375 4.631799370674077 4.586986627233671 4.527509205840614 4.477062108391537 4.44572684158116 4.431370433562271 4.427099007037745 4.427497162678699 4.433509998168358 4.451794511136573 4.4901091953462435 4.550384186463683 4.621219971398441 4.678699345507411 4.702321746925148 4.691139082463761 4.659545511962276 4.622501351579137 4.5892025937632255 4.566746075385327 4.562810330795551 4.579932024099649 4.613915105882852 4.661409932434863 4.721946852534906 4.791914419029358
4.390979411562332 4.411742496516826 4.44750558849282 4.495847192240702 4.541731037376036 4.561837406989362 4.544465298961712 4.501974357325143 4.455198729195372 4.4159436937529835 4.3908241362047375 4.384634354518576 4.395738127764284 4.425814902072698 4.469805536865477 4.5242269614904 4.579300808935424 4.613829235161059 4.608994578776445 4.5682268836812625 4.51468778789465 4.470183366625284 4.443165027184675 4.431260858071822 4.4282209984083405 4.428454669876482 4.432985898305389 4.44843009942763 4.481825356722215 4.535314189751338 4.598555192520123 4.6483847333253765 4.664082412049264 4.6441373851760535 4.6029277710565175 4.557334650589514 4.521491564305981 4.5037474348566935 4.501302332574173 4.512509651835323 4.544129975173527 4.596764703423967 4.665286977353221 4.742968339375739
4.377896342990488 4.39875547443325 4.433181214774655 4.478261098404172 4.521082928492286 4.540668856584627 4.524055880697559 4.480286464815748 4.4310660784807805 4.394784744619334 4.3800527016724065 4.3787030559353 4.382035746452857 4.402875036381411 4.446257603112534 4.504286289492735 4.56177265234445 4.596960447301649 4.593729677963113 4.557175607928812 4.508786151799871 4.4678418211733435 4.442107087746259 4.430523141033767 4.427977375457376 4.428118973277852 4.432158482282331 4.447288361872725 4.47896656686535 4.52779579882861 4.5835468498353125 4.624724983633155 4.632661734882796 4.607624760363435 4.565942534567581 4.526445155235096 4.502231580337532 4.494667546525804 4.494194337843977 4.497705028125117 4.516326130342316 4.558584468453514 4.622974951757274 4.701862503806537
4.374678306559203 4.392390660733387 4.423085621914293 4.463926783438696 4.503882811856175 4.524727609069335 4.51288246338562 4.473747260144681 4.4282376851532765 4.395733096936395 4.382104186667403 4.379924122658199 4.384245472782794 4.403193522377711 4.443548865948849 4.499744079694167 4.5549092754867875 4.587209451759735 4.5834481500170705 4.550094832819945 4.506387047043737 4.468920143839034 4.444729329528843 4.4331319242466884 4.429597750533484 4.429967563828276 4.435035776445113 4.4500583693246485 4.479840973678593 4.524012166787696 4.572365514680373 4.605400247005413 4.607371236849142 4.5810039826652655 4.543870172777794 4.513497536950892 4.498157360981076 4.49441778696611 4.494204151292734 4.495937858226102 4.507389818514549 4.539216720481846 4.595020529932067 4.670279859544983
