src/interpolation/Data/testdata/2781-slice.grd
DSAA
151 151
126.8 138.00000000000088
0.0 1500.0
3.79982198707709 24.857891625192185
[rows 40 to 59 of 151, columns 88 to 131 of 151]
13.40382090034161 13.512123987261353 13.667702435628062 13.852627103614081 14.03970460384853 14.198572923686084 14.303709951353408 14.341409547723746 14.30774495323433 14.203936787474076 14.039344942472713 13.833551527788904 13.610448476112238 13.392908650364825 13.201596597742373 13.050177266642587 12.935042245115898 12.829836688875666 12.69481698292855 12.521551851361044 12.408395112839173 12.415347446855773 12.542911953104552 12.714949052860607 12.845267562471433 12.949945578662037 13.065683634369131 13.211072536343996 13.379857975300835 13.548196769859748 13.685891570445246 13.764249602821613 13.766939532513085 13.72006182110973 13.699985331801829 13.738193750258189 13.780156388466917 13.766678970625843 13.703461234829316 13.62786486799724 13.570193694373401 13.535451067683182 13.508993672544266 13.469201383866299
13.09123289928073 13.148199968217321 13.234247954256901 13.341045068595946 13.456837179684635 13.565841277038938 13.646699307314705 13.677628484416578 13.647930401366072 13.56458403240785 13.445836535962927 13.30899894527925 13.164897491034475 13.021524727160692 12.889384854074995 12.77906501274342 12.690083054699784 12.604108418948073 12.50175233048311 12.40776338492411 12.374981032006136 12.375932262658713 12.416842759097321 12.516130846280491 12.618902301465768 12.70901183320143 12.809332696840785 12.937721606741038 13.092730080186337 13.259415788665635 13.417786869542 13.545972186786614 13.62567758942045 13.657316969513861 13.662766907409061 13.653310505853364 13.613331949112863 13.533186387563935 13.432538703576933 13.343062864700244 13.283445124215797 13.250475550374052 13.226363301546389 13.188578511962685
12.763210968139013 12.758139973851259 12.75354656545247 12.741141352531015 12.718155684061161 12.688611938638083 12.662132441731021 12.649688528721743 12.656094325064124 12.675219726918304 12.693366626583005 12.696324165512245 12.674331903138345 12.625747053421867 12.559988250476245 12.494828089249657 12.44565616362867 12.415519093902574 12.396638153799847 12.383154918675146 12.376913607860857 12.377295055805932 12.384748571242492 12.400141505991499 12.423648796511525 12.464599734281824 12.534121573775876 12.63354541819366 12.753479791249216 12.881593270522888 13.009042982330325 13.12887007360213 13.23027614976601 13.297417946012377 13.316609099908378 13.285258725906859 13.215269592111145 13.129345964437162 13.050895891225755 12.994771064686407 12.963561886632565 12.94988907592364 12.942743278569353 12.932124142935734
12.428083824434632 12.374729674851705 12.296423597194943 12.188207965534794 12.059833461584207 11.93445478262414 11.841467040923332 11.804668314440308 11.83281335324733 11.916500861110025 12.029902389212394 12.139117236381527 12.214588935582148 12.241118281716362 12.223302021841995 12.183452034784139 12.150334878392313 12.146598288795243 12.180351273672054 12.235586304615847 12.274921432005069 12.27219585662117 12.229440505578125 12.176758025793692 12.151830684074353 12.169892382396156 12.225207798019973 12.30119428433338 12.377809178402634 12.440052520240517 12.48300226230829 12.509595752571943 12.525340720330776 12.53475718898375 12.54069464247269 12.54555312319132 12.552227331199449 12.56337485911201 12.579845994159655 12.599422008353526 12.61729203104827 12.62929058661676 12.635563705645781 12.641406137896091
12.0984652596397 12.02958081252741 11.922365152137424 11.784123339401324 11.640085936582615 11.520815460510354 11.446211932483331 11.42019282467579 11.440747300405528 11.508004263837039 11.61603170661765 11.741279836913655 11.847068360016149 11.901992189947723 11.89711121237565 11.848948251301822 11.786016723778964 11.732331480370082 11.700566064512225 11.69170232136462 11.694654445574944 11.69453678206797 11.692977532103576 11.706177143779763 11.74490647713623 11.808493242128373 11.88601429116822 11.957589623279201 12.00062355419263 12.000670402163616 11.957957035723034 11.886061628026193 11.807973558998802 11.751349121293028 11.739620644942491 11.78202236283973 11.870290917637456 11.984010376097597 12.099966085614426 12.198098586778434 12.264947924153823 12.297232548737194 12.301612823173427 12.289557441302733
11.7911549330494 11.741167966722793 11.651259051881741 11.539073004054183 11.434734258701457 11.361638860914566 11.32383055437201 11.31222843832738 11.321558638801411 11.35517013013932 11.419679673857141 11.507304993351708 11.588471054694892 11.626379183422612 11.601137903677108 11.52030082978348 11.405906475703711 11.275375026552211 11.138177443345288 11.012106316997102 10.935383303632001 10.94104284751154 11.026875989899507 11.15751473748376 11.297020490016461 11.429930164852358 11.546734118720831 11.630258596632299 11.660546901427486 11.630098919054413 11.553262934900603 11.462301595237161 11.39224835848518 11.359246107840026 11.35469838970466 11.374690469057631 11.437126245205969 11.552112226111074 11.69854349794174 11.836952255878998 11.933742317609276 11.976664751365695 11.972546188276347 11.933591689361638
11.515665495036151 11.506710169040828 11.46387792532651 11.403637981289624 11.349589400792983 11.31585069508851 11.299929236266017 11.289864918742746 11.298848915555595 11.313133700904261 11.341312553293987 11.382079378778371 11.414718082520158 11.408434083369375 11.344041413245698 11.227892393080172 11.083403102407297 10.93543502069529 10.807483409601709 10.723522280030272 10.69035292285586 10.692272739972454 10.73132289802935 10.82259851352131 10.955640795125948 11.10431803869666 11.242186834463546 11.341341724838324 11.378942718453557 11.35352258924088 11.292746766339109 11.242357067463365 11.240398895445647 11.278796681811759 11.29604513991032 11.26711085446149 11.246935717127943 11.295788449252433 11.409730750960488 11.542362937703855 11.643205859363999 11.6884625707704 11.684156116333112 11.6483761482752
11.265152956204256 11.304749189050483 11.32082269703069 11.31888419651489 11.31090422976517 11.305198312528953 11.304348941177057 11.332113844274451 11.304601707311406 11.304403905456367 11.306810711938908 11.304891570095492 11.283727757441598 11.224348533022185 11.11825710888001 10.978766303330026 10.836326442785731 10.72543236312958 10.670894050586567 10.665312880264114 10.669917895338072 10.669685312571053 10.664753761237495 10.674959913636776 10.737417672616512 10.851519755286049 10.984454939723799 11.0950212059724 11.152178358837846 11.15260076048051 11.124401069739173 11.112640130796713 11.163608247661559 11.286565974614968 11.335272950481963 11.243316614543497 11.142878137443033 11.138752833926192 11.209725148157448 11.311582469664133 11.395479436586939 11.435445740714728 11.438527929414791 11.429686682250873
11.020493793153076 11.105384857181729 11.178424974475586 11.233750540506298 11.271244480559577 11.29309487472393 11.304439854093326 11.310156306979305 11.305101121528372 11.293709736019066 11.270171440982757 11.225436641022668 11.15178725197828 11.044165654854671 10.906386795172915 10.75739830015566 10.628504677544713 10.553651676211315 10.557078323499317 10.62178094882298 10.664900208338556 10.662744800979716 10.61306738928182 10.552658012181086 10.559530864230634 10.640021846851836 10.761034807087109 10.879508567365328 10.960360437476623 10.992731528211795 10.991371482172363 10.98126799685215 10.984403379162243 11.03023189910435 11.089004268588079 11.00721685673523 10.984946573887232 11.00496982969475 11.05634201435314 11.123096650234139 11.178130958490998 11.204707077720723 11.209938604120762 11.217403578954785
10.763131410351841 10.881480094718787 10.996217150150136 11.099216909828703 11.18309554234544 11.2413364645195 11.273201745548201 11.283382401672583 11.274604611316615 11.243891804106495 11.185029849240747 11.095746107816703 10.979406930892786 10.841682990592128 10.691352330017429 10.544286678168646 10.421340233402097 10.340073735604648 10.310042969193084 10.333967885839257 10.387623119991021 10.382186359531973 10.32842807016587 10.311345456020181 10.348462208584573 10.434175073659368 10.552651123825134 10.677034621866717 10.779158123642054 10.843100889267165 10.866944089421347 10.850269209814629 10.776336940682771 10.625662708090832 10.561716495337686 10.681631055326008 10.81443406112648 10.880170913611579 10.919285595125194 10.950541295573139 10.972851702380765 10.980807400243403 10.976707953986981 10.970224045720554
10.487219379460122 10.618311874802997 10.744713587513898 10.866166309455554 10.978576820861605 11.071062377561237 11.131414212032595 11.153000044284173 11.134276961704613 11.07586606105438 10.982922818803713 10.866358650870078 10.73707295356971 10.601192406150737 10.463213014058464 10.331069800935548 10.212824498722927 10.106146116920975 9.993240828210869 9.8610911694377 9.764910872020554 9.771610746750765 9.877760757106424 10.009103113082801 10.1210859298405 10.229481939681426 10.347840623694168 10.471603042954849 10.585587555385445 10.675816449281491 10.73232157448961 10.74402585067762 10.701139784870522 10.627545546095334 10.60090945646664 10.652491300548844 10.727510498818084 10.766443160930319 10.772570279277694 10.767373457970258 10.761756738754695 10.754131249632588 10.738843564795808 10.709253784746362
10.201784491706038 10.31925145767716 10.41886040642388 10.508169759214807 10.59298358762406 10.670479800681393 10.728155010386 10.750747031204165 10.73085096816496 10.674352378189784 10.595878141903247 10.508603412643364 10.41756863171343 10.321329130676311 10.219326116863988 10.116869541279284 10.020135444198463 9.926236221629816 9.82764471617942 9.743861416742952 9.71520065424201 9.716006217706074 9.75183727365651 9.840696367912562 9.940654546923783 10.037885029849628 10.140941566997764 10.251160968088874 10.360532256946762 10.460475965896412 10.544099531995725 10.601947967053121 10.62494151560276 10.620795117668388 10.616934450793503 10.626171495385668 10.629796569100856 10.610553742459116 10.57724234851541 10.548035909078784 10.530349729047456 10.519000535111406 10.504131713134724 10.474651427136287
9.920574898536751 10.003547433745451 10.047845915471726 10.061150588359228 10.055678743217772 10.042680887376049 10.030662855221738 10.025374775236111 10.029038751255241 10.039593083012955 10.051521244183068 10.057146391749807 10.047581121605848 10.015464503022889 9.960688593037409 9.894033089835988 9.831464368487831 9.782764318345862 9.747803096048806 9.72542225040391 9.716902116671141 9.717346428237633 9.727571692126736 9.752355600450453 9.791092357102842 9.846829298174473 9.92124531050345 10.007266093921697 10.093669366219553 10.174156469763515 10.249015137964644 10.318554506109125 10.377186240720986 10.415281451327974 10.426385107880776 10.4103263068101 10.373471495915792 10.329766521542219 10.29479728321171 10.27605734799914 10.27010038699919 10.26853415459889 10.26525474864598 10.257233125433938
9.652070654742955 9.697569041390375 9.68566802393562 9.623504806379357 9.530927117970503 9.433880686178613 9.359609101790273 9.330131107600737 9.35444784882675 9.4248070092729 9.52005774229158 9.613779198845652 9.681929327017054 9.708582208480625 9.692102808737662 9.64848069416676 9.604787989191468 9.58573912549995 9.601444447623141 9.637841969543352 9.664113924986493 9.662284282959108 9.633519036014691 9.598883297554716 9.589457853315192 9.61758371052071 9.673776477206278 9.737856323016812 9.790684228581068 9.823714770531044 9.840138857127204 9.848317160791222 9.854853286104095 9.86144316796555 9.86644594341667 9.8703309440534 9.87832044512216 9.896029550246181 9.92403043185582 9.956117193884124 9.982462205336358 9.996853493239554 10.001838751471396 10.00712228961153
9.400798460936452 9.42528189800829 9.382850670009699 9.286855622495631 9.168793730681262 9.062360074316592 8.990795889257532 8.964526591297586 8.98635075071669 9.053767390533041 9.157132665972144 9.274777355206236 9.375137014972092 9.429272534537262 9.425860195398519 9.377943078539612 9.314187197613677 9.262543287527231 9.239704169769713 9.24599001760385 9.261481114963594 9.260183131730669 9.244496550336036 9.241769298716783 9.26984767316056 9.326751917063929 9.396026999674072 9.45321917389803 9.476051247051146 9.45513731822842 9.396137745640193 9.314396494387568 9.230887144730668 9.170919173195498 9.15795510405741 9.201214637052564 9.290367440983943 9.404029653422596 9.519891114299618 9.617752124650233 9.682270009120012 9.709142750331566 9.706929225740069 9.691229245606051
9.172285433048298 9.200245321902832 9.161094375099958 9.075854095879201 8.98135991870506 8.905849923192413 8.85714572676461 8.837177065090843 8.85403003869399 8.900192015503185 8.972760632763176 9.065313876179586 9.151855161663237 9.196988340773062 9.178883615496662 9.102929831892595 8.992435436889872 8.868887364514677 8.744178212080467 8.632088902103428 8.563067099216997 8.568103398946327 8.644700115014293 8.759779926454915 8.884496155363268 9.005523528674276 9.109640179969174 9.17567735590033 9.183543896795477 9.128819305388914 9.027473384409817 8.90913634400464 8.806545074417448 8.743906259429865 8.7302332605309 8.768406254401492 8.861952033595472 9.002310044227466 9.161728910073426 9.302610158791298 9.394100779389905 9.425890855334696 9.407114300775648 9.352720345911314
8.970562556016073 9.020758639569037 9.009978235721636 8.960197292381325 8.904380365038966 8.86135981493766 8.82187623150883 8.774542155035684 8.817425493801986 8.857977231380508 8.899303875901165 8.95293491535076 9.001690612444037 9.01279754446859 8.961972876386538 8.851818894458432 8.705804081639322 8.55047121138477 8.410260068083748 8.311849728035344 8.269094580063147 8.271669304386233 8.321054305888998 8.425701233790921 8.567445894217535 8.717004382740642 8.846584785105682 8.9273235333906 8.937810730556071 8.879977377186284 8.782487960272698 8.686619371016889 8.625220882619251 8.604044733154971 8.602192915629477 8.610565528040317 8.653469340488563 8.753339432208264 8.897325032711139 9.041740943424848 9.13961707816199 9.170243489243022 9.142059257829617 9.073958911796625
8.792073950203438 8.871454768308281 8.900633666100529 8.894505158316548 8.877451774567415 8.865270836638775 8.861298569847392 8.92491218703855 8.861298778228333 8.864509150219284 8.875409225379382 8.890677294528318 8.894472796122031 8.861136985964672 8.77290632247397 8.637387028824532 8.484874497570713 8.352138903564255 8.268252548409109 8.23760561385851 8.233445956088786 8.233527879183981 8.239231614351702 8.275013489300493 8.363398742537754 8.491913252963862 8.623697716974268 8.71676984501445 8.742920199238808 8.705122856678967 8.636361858963202 8.578548825321999 8.56147568622942 8.58506863184453 8.597304148571247 8.57567592413915 8.567644549657405 8.618567833708068 8.722460916463778 8.841465044728885 8.926057990594858 8.950864682246843 8.925277896649586 8.874889384306996
8.625101731963102 8.73009617125787 8.799204396967811 8.837202399911588 8.85774367653625 8.873705145427845 8.901420288089248 8.94493668718713 8.905315705393857 8.875189482211699 8.858303213650087 8.836436679944311 8.795197017767933 8.718737107747108 8.599551440278693 8.451500871829143 8.308480551273874 8.209535532072076 8.181293391701466 8.209977926950918 8.231829846873254 8.230885666943017 8.205339631899632 8.180166720033032 8.214906653818371 8.31211480895804 8.435185991061315 8.537452696183317 8.585745280529709 8.578591394362524 8.54234099951687 8.508614591462857 8.498258960067306 8.52896259964376 8.56424175022784 8.512921760909652 8.50194573613953 8.535289474963061 8.604749703454795 8.687189935330226 8.745573870771224 8.75951147633559 8.739227163502393 8.711408325172608
8.455561565394241 8.575168775007413 8.673386038810682 8.749189039572128 8.806455486297484 8.848528346987731 8.878738443265881 8.893064105539093 8.88075887999509 8.851258903224622 8.809334298571953 8.750782768586866 8.670720820799968 8.563402631126458 8.42793258557638 8.278098724811217 8.141560989897652 8.046709403692319 8.01208516961681 8.042989293235264 8.103382017862032 8.097637566637706 8.035907534656578 8.012005856790188 8.05221209279944 8.145456394560243 8.265219766552079 8.375093306679158 8.445731784602895 8.47137795973025 8.466585419269217 8.447401696213582 8.415433023310982 8.357587145263032 8.329478200575911 8.380094326323306 8.431672208658252 8.46925281656093 8.51153230694457 8.555227407238577 8.582187032751342 8.58130920000497 8.56025636563409 8.537388946665267
