src/interpolation/Data/testdata/2781-slice.grd
DSAA
151 151
126.8 138.00000000000088
0.0 1500.0
3.79982198707709 24.857891625192185
[rows 40 to 59 of 151, columns 44 to 87 of 151]
14.300098538697329 14.194876409254793 14.069684001703964 13.932083578119885 13.790116705054988 13.660124432919284 13.560559555802556 13.499870237143348 13.473505180262123 13.47018903486358 13.476486843128802 13.47778194979267 13.465830497420216 13.443344853063847 13.412495229524682 13.369857454980352 13.311868035805922 13.241060533382988 13.168508244788207 13.109649034830815 13.07637899184204 13.07277022547327 13.095238934775582 13.131206902029916 13.157457441264388 13.152631471735397 13.119014079271352 13.078852177176934 13.051969436855426 13.048113942157688 13.070730549861217 13.117784314472429 13.17899638219178 13.235510547174385 13.263777419214602 13.240314586154597 13.153050467828711 13.043542639903503 13.017970036521753 13.106630297426312 13.21880970698019 13.28567158554766 13.316011728071063 13.344498926406796
13.658446570592378 13.6573258628885 13.624762169493321 13.5530191204079 13.446456052775414 13.319429040716466 13.188054329975262 13.057432151900704 12.91997360262105 12.775871806492347 12.660209169012816 12.623170978920081 12.678814039200176 12.791253992398817 12.8959191464855 12.952802296450082 12.955272816096812 12.911266859010794 12.834673014475594 12.741369299309401 12.643205752324622 12.544766853171314 12.447788998005104 12.361750063357869 12.31026845000222 12.315906135968936 12.374647498055309 12.460001920594015 12.550052651764181 12.63838109399795 12.726961295713386 12.81705637422483 12.903356762727306 12.971762023639828 13.000993876644175 12.972734216260713 12.903356508464052 12.857664285586072 12.852851428687 12.878797424750562 12.950841398596536 13.017189305673707 13.047932635163043 13.063018904847633
13.212335439379462 13.242740353513422 13.249703461579323 13.212976240232058 13.127707136785821 13.004414762568345 12.862473243377705 12.718557701983668 12.585004583062435 12.481811581530021 12.429846601921845 12.419503902495077 12.436829416364949 12.492209495658999 12.570073962943205 12.629777579616643 12.644219295440994 12.605449134883791 12.518561275513715 12.396961762896082 12.256160329464668 12.110376767312065 11.976258935461473 11.876186086823806 11.827575842664732 11.832933934590178 11.891733989974622 11.997391767149965 12.128865995634397 12.265412105057917 12.396169283456615 12.516898946347569 12.625128422337154 12.717683037840649 12.789340396474095 12.833283334177567 12.849083771746802 12.850669549188016 12.850625672059241 12.850816524810355 12.846931052908912 12.829835244427713 12.802411801061094 12.777397997365252
13.05084453743296 13.025912166971565 12.99403960743681 12.941283961701057 12.852396255384482 12.730408393500491 12.598729373351876 12.487738690638928 12.421428388935745 12.404095019663137 12.408317844196235 12.409388369819748 12.406628654744113 12.396997700956847 12.394378746599791 12.398817851697506 12.386711665786107 12.33566113555593 12.23937287892792 12.109339586184037 11.96857976773768 11.84428761422263 11.761363346218985 11.728019272137853 11.722975095706923 11.723092071425507 11.730882389478396 11.771068766171146 11.85747672529845 11.97625189426657 12.105116131112048 12.227632900654708 12.337287217234534 12.437548533863263 12.53863545690431 12.647666824610637 12.749881101230613 12.810350164899512 12.819853840588321 12.7824019834237 12.698173787389592 12.601876810768568 12.5255935765253 12.472168415426692
12.975492868625912 12.8851991467162 12.800701664542375 12.716520475310672 12.612423071271957 12.488492005359284 12.370461955448903 12.291814654528036 12.276664299340968 12.32549933726167 12.38633715193463 12.40172345954768 12.372724846987278 12.299226044519383 12.235354075373156 12.197170760053424 12.159258644615507 12.095714677613747 11.998290993373336 11.879751329284884 11.766624962619852 11.688133032349576 11.66673322749523 11.698140661835101 11.722760013032703 11.720801840672756 11.68889961368318 11.663014019132001 11.690292528925676 11.76366424496162 11.859164313620996 11.954603554001212 12.037542390193714 12.107991041989148 12.175586638009996 12.253376265592895 12.345905591491388 12.427606540268282 12.445633382311295 12.386069843834166 12.29766441733468 12.22487795897285 12.176258745733659 12.140505833460207
12.781047928018745 12.679047656037714 12.59276048330556 12.501484481407442 12.388271052812136 12.261415618896438 12.148770430607083 12.073557970338513 12.040691635816172 12.043852460639819 12.07162799968343 12.08724226942476 12.060636405899022 12.028368313805084 12.005252377570697 11.980176230376715 11.938976087712618 11.87266363529049 11.783979005454375 11.688851335724587 11.60869179975429 11.56051024055308 11.55564072688442 11.607816223901375 11.69143232422703 11.678077068166619 11.590724743334368 11.549363807763513 11.556178392583599 11.593461174493473 11.646053170785631 11.698104056085366 11.736696762519617 11.754743781188857 11.747841131786465 11.710313326765865 11.6423745760801 11.57290853716059 11.557777719907255 11.613031623353676 11.691863496476484 11.75279218895008 11.788901953812909 11.803365747756512
12.35097804936026 12.375263854227669 12.352785104434632 12.279572754442905 12.165023718745063 12.036598657382042 11.926780998141984 11.846679204533395 11.77705733916787 11.690322152576853 11.60243540471437 11.574851389944586 11.620740971571259 11.705848129137225 11.757929507204302 11.758576572952922 11.719220315834795 11.65439276334275 11.580073007589126 11.513193360510261 11.464276554423293 11.430161232214774 11.393480324177299 11.325345444054001 11.237861753561592 11.251458922278475 11.343424769958053 11.399386797988022 11.423675537823039 11.436755467515038 11.446829529094305 11.452715825461226 11.448508181477687 11.428637328394553 11.388788815518529 11.327522403405498 11.258890356012664 11.21476621567819 11.207799804022333 11.236989074433145 11.302470731279735 11.37861883035602 11.443484106453223 11.49131410689445
12.05573999950282 12.122602671524929 12.125283718884038 12.054062045350845 11.933392183196013 11.804336624334713 11.70479267215276 11.645577028639147 11.607172441513061 11.56950432199357 11.545445570029287 11.542611110164284 11.548782036390435 11.57207897189681 11.581150534559757 11.552389926198613 11.495120255794173 11.427861052122582 11.368298284585453 11.330082151986083 11.315213055719756 11.308501492109531 11.28417195620008 11.234497244262714 11.206229811642416 11.20835423182308 11.24500595633898 11.287690953371387 11.294296512340143 11.273004730431728 11.24113024794599 11.207384703478986 11.173786087162274 11.14456884853064 11.130615574108434 11.141799186928463 11.168159349966736 11.182958911510841 11.184195962085932 11.176882013499263 11.154913447583183 11.142763451333899 11.163433765030211 11.21119392910365
11.955166679715575 11.96161112668028 11.917908288155056 11.816667702308116 11.680993554059967 11.54996458667611 11.46248650753319 11.438029028149645 11.466189923495472 11.51065474245064 11.535875354781233 11.540260034371157 11.530818148191049 11.49079221853108 11.416257458946845 11.32830109355958 11.24535737072993 11.176444845086493 11.129622969042988 11.113786677809085 11.130839485935383 11.167787829299536 11.199858856785005 11.210292544535188 11.208678128990526 11.20895219098623 11.208420020213804 11.188060980718468 11.138223094921042 11.072536128206371 11.007085000726432 10.948197488114806 10.898166106682806 10.867939786238837 10.882835396645602 10.967479184327518 11.095725621701694 11.172605317411765 11.180604118329978 11.138509767396545 11.022291380082107 10.91984047502827 10.896158853652823 10.940960135185184
11.836152395136857 11.769959667545805 11.668246214080412 11.53778220112611 11.392238660200821 11.256618453985828 11.163870781208962 11.141317303469016 11.19729517074885 11.306118869968403 11.402524240954415 11.430962079545933 11.378518141191993 11.259687157056268 11.126035016631315 11.018570240966694 10.941515386697723 10.88600043019347 10.84959527613869 10.83930748896726 10.863846133220415 10.923547295231735 11.00386305156759 11.07641524157463 11.114736029638081 11.109354091157886 11.059675641966416 10.97555802507601 10.88114401348497 10.7966253764572 10.726807834926971 10.665509607982836 10.607299437154456 10.559022704535327 10.543261040982735 10.592004464111149 10.72573231633561 10.88848846764042 10.926890687147479 10.7978714468511 10.640973887111503 10.566677231606306 10.580354454054296 10.655241145305567
11.49877683589785 11.414226623339433 11.313875430950299 11.197555993554618 11.06336163867373 10.921736032952056 10.79591457800186 10.708902019458524 10.671954930874945 10.681330664408073 10.713568309102435 10.726153450165109 10.696938494087721 10.650964436934315 10.616150060522873 10.595934567512277 10.580075187007026 10.558293561879998 10.528730189617807 10.500215537080095 10.486922884446376 10.500016918288583 10.541150597542588 10.59638457949132 10.63480502099983 10.628048082580863 10.578899464058102 10.516311129313282 10.464510928425977 10.428658236495343 10.399542899332817 10.362155380281939 10.304776786160776 10.224823188904685 10.124440416212174 9.999095873450322 9.837280382088258 9.669943149542023 9.63007682368702 9.764516242062918 9.941546408775976 10.090699399729063 10.222809867494853 10.354005761007155
10.897824610399855 10.901039513954641 10.880589886712523 10.821617450186332 10.71625642776787 10.569722541274624 10.399564277318696 10.222004192730902 10.041028702632877 9.8610935083842 9.71784814383459 9.671053382039737 9.74186712546508 9.8844895676045 10.029144652970626 10.138006435523467 10.20149227979281 10.217541983843553 10.18842409137108 10.124367546200858 10.04068486810071 9.950293234212655 9.861436131196637 9.784329934632055 9.738535169801004 9.742913489334784 9.793528868025216 9.867000928395344 9.94253955022863 10.00731530545488 10.049158165658802 10.05397227985178 10.01087346699759 9.915813956594866 9.766510741850471 9.563618809306611 9.349549834696921 9.22906487179553 9.214970349932514 9.284064511963608 9.4748668633401 9.702214650981158 9.899072868424584 10.062738562637291
10.392949928980032 10.450028401675375 10.486054133393207 10.471244485740748 10.388719488248467 10.239234537575062 10.042181264387738 9.824441099247917 9.612331764680837 9.441820451871033 9.349998152977737 9.32991239884931 9.363943895370735 9.466960236101166 9.617874782071464 9.762271109059844 9.861844197275955 9.897141806399059 9.861481320903668 9.762873500044098 9.621193688571632 9.460122476378055 9.304693366312064 9.183878160275684 9.122568975410552 9.12930405920552 9.202361836733958 9.327371762704159 9.47416600497278 9.611471719657215 9.713456560903573 9.759870136342194 9.741039148341576 9.661027287423716 9.532768918755863 9.38025154222542 9.255519965210985 9.206934730906498 9.203853344412368 9.226346382611263 9.324664903264058 9.484091190842282 9.651574463258804 9.80056817629766
10.17985962007042 10.194544329878157 10.207103685411068 10.187829252864873 10.106258186730885 9.954217534622082 9.756248941714782 9.55787339793585 9.4049323503738 9.32467924946279 9.303356244777113 9.301857992865626 9.3050570799245 9.330807070700377 9.400518603402388 9.49925031094682 9.585168584193159 9.61745435346865 9.573020990012957 9.456491673065145 9.298269723934911 9.141508972907081 9.026860292254439 8.972579151001922 8.95936225501913 8.960267387370338 8.9784114223136 9.041207162680921 9.15736114817773 9.298716272010719 9.422217504784156 9.491690474981288 9.492975500808837 9.438313122900034 9.35627095814296 9.278404487329889 9.22866666454812 9.210007155667718 9.207940115908787 9.2186189349226 9.257925646564447 9.33722931676902 9.445797770988568 9.55997834821967
10.100094339758146 10.050826227087038 10.01116870387491 9.962508512421897 9.867591155564089 9.712143011333355 9.524479451636802 9.359760829516208 9.267651326274313 9.262032379704756 9.291943753084336 9.299728769466196 9.284450322677328 9.24881014613823 9.247390757029711 9.295885022160137 9.356235822755153 9.378447726842555 9.330051289100213 9.214683472171307 9.071325300240208 8.954018272829972 8.906472219751794 8.929169910511176 8.9537607586911 8.95146650562341 8.920679890663402 8.906285889928496 8.962221989409255 9.071130104376351 9.183689594773455 9.252532017180911 9.256793825240171 9.209907518202337 9.14576496468127 9.098757656997165 9.087414682621594 9.100039970002943 9.104638797134173 9.093353120268377 9.096037803292475 9.14039347494703 9.224253927501211 9.322861027211495
9.962255720170834 9.882121617720836 9.824071268471213 9.760916017626572 9.65558308711191 9.496971541242342 9.314738994587326 9.158347064237235 9.064365322295798 9.04507279626818 9.084585251502007 9.109873106358979 9.069076815447314 9.03260610592807 9.04509662951002 9.095326475705804 9.150296929907261 9.16962968859529 9.12552696858191 9.023397749378296 8.901760685194946 8.809265561279616 8.784277188448153 8.849970321020264 8.94099670742091 8.929273593746204 8.828097715989532 8.779552531713723 8.813603571285675 8.897931057548623 8.988463134199662 9.040188755058079 9.030137365861059 8.967425245620563 8.878451646680244 8.786656979184311 8.705881665416992 8.649706048414206 8.639122166055337 8.680889169223423 8.758279419468709 8.857773133237936 8.9722325602097 9.086449828614356
9.611512920022328 9.623166050035604 9.611994914293916 9.561175606818876 9.454608057740916 9.295552771369408 9.114395671015243 8.9463824171439 8.802986399935694 8.671134629279093 8.556269186894584 8.517843963351032 8.580675163071724 8.696409523316888 8.804039345862087 8.89291963601207 8.95772542153761 8.980820560857362 8.94711700692339 8.863642471848923 8.759706070328912 8.664875571850754 8.58637883068642 8.49874430468396 8.384302093529488 8.405292821398161 8.520127578744631 8.599695638752344 8.67284968173006 8.752673497822627 8.821738860994612 8.849829661530997 8.819358275354329 8.737802222015674 8.62690254482737 8.5087430868717 8.40753259208468 8.349588783347674 8.340493181818267 8.378452883633463 8.468072087411896 8.593077512134963 8.731717501782969 8.865705911818104
9.308167310504365 9.382689278072858 9.405899158596304 9.362774761839649 9.255450403924605 9.10044886611204 8.928555474022408 8.767125796095597 8.625189825663483 8.510501134474236 8.45288824898177 8.446096169570255 8.461024153816766 8.530383296413072 8.629710475796013 8.718049560374023 8.779580972570933 8.803501519242394 8.781715756908675 8.7198745129547 8.636274876471306 8.54485814221012 8.442428415944917 8.331038865834822 8.27816444021181 8.281665407719315 8.3528558708541 8.462808787288022 8.55353644766436 8.624219841983708 8.669950264294139 8.674421913029018 8.628656584411777 8.544089647358884 8.446857248079992 8.364977595077407 8.317727458397293 8.303107950146893 8.302015389100024 8.309033486069834 8.343803332373943 8.422558521144975 8.539141597246681 8.672059886642144
9.203017703370078 9.232455783891934 9.22408021060743 9.161227681222218 9.048012054236331 8.902034169976375 8.751507125659359 8.622871589605786 8.528983457036563 8.47229763470536 8.449877452963536 8.446756837851439 8.452512877494248 8.476937445287794 8.519446343344317 8.567276084002046 8.60759196627597 8.626955456539548 8.615633847118099 8.575854807100951 8.519605549260246 8.456073251452075 8.386852472544998 8.322872259618912 8.291160391173717 8.294544216819517 8.333957009729247 8.397958979428475 8.456828103176601 8.499306757563858 8.518937628144805 8.504629229660242 8.452385049553158 8.377451664603377 8.310376651735135 8.279775047531206 8.287396476184153 8.299904313937178 8.30118687044655 8.294221537703773 8.282369314774483 8.304396898531511 8.381545826105867 8.498848582174546
9.115057485127751 9.07928264786452 9.01844261729784 8.931289738229143 8.817687909660464 8.685687790779555 8.557079116316723 8.459290183375666 8.410422105836352 8.406954950137651 8.421268050006276 8.426545551885585 8.415409216238773 8.394189307866402 8.383723972457654 8.39581316337963 8.420653370477156 8.438831171430616 8.43604528082942 8.412245239359363 8.379119499478392 8.348523029703676 8.324605730363121 8.30703244169798 8.297630967263084 8.29843034633781 8.308365811083053 8.323072591152512 8.33858542554464 8.351690441365859 8.353576657286808 8.331129810765278 8.279361411107473 8.21197168299213 8.157099938628097 8.142897179487495 8.180133522018398 8.235413410893656 8.247892771956902 8.205148670059682 8.156114344777016 8.15782815103004 8.220771075113928 8.328811067725647
