src/interpolation/Data/testdata/60-slice.grd
DSAA
2 151
126.8 138.0
20.56 27.8099999999998
18.18075739907999 22.474896865000563
21.99465859348282 22.05690432198611 

22.05439726399322 22.061438999466187 

22.058735176534817 22.05456483507524 

22.028178628414633 22.01984003773438 

21.957473744729842 21.9459222535385 

21.83885738822131 21.825125233399067 

21.673715813203824 21.659157644977228 

21.476258060855756 21.46231414034209 

21.274173900168176 21.262021803249006 

21.104764392358213 21.094947315513895 

21.004374594308647 20.99659658130431 

20.993832634538744 20.98715127051415 

21.069473231176772 21.062832311699875 

21.207123122326443 21.199832803482206 

21.374834984557914 21.366713664510506 

21.544081304059773 21.535340367496293 

21.694265444595434 21.68536280092273 

21.812382557053756 21.80396085809537 

21.891838710260163 21.8847115628321 

21.933102209769615 21.928096400077937 

21.946168246163413 21.9433017276493 

21.94664462087792 21.943953946546696 

21.93597615891971 21.931271045001484 

21.898961448404865 21.892022910288794 

21.823994450515716 21.815600625843864 

21.709221147108874 21.70020313723879 

21.56035341850784 21.551400404285797 

21.389863784813507 21.381531250238954 

21.21796943128929 21.2106696480565 

21.07274805483207 21.066659360676038 

20.98554206374524 20.980491112885925 

20.980269779294677 20.975736645725966 

21.061902558617213 21.057239581187893 

21.213264188143413 21.208006501671786 

21.40286750296591 21.396923016070296 

21.59644816433454 21.59012547442399 

21.763850023235033 21.75787653010978 

21.879539321379017 21.87528114787014 

21.92014823026981 21.92029933610346 

21.86795893348565 21.877433183408126 

21.75563095585053 21.775334154311658 

21.704635343119435 21.72167576244353 

21.7391673191693 21.759285654189984 

21.850109017805096 21.861845852533207 

21.920532884936865 21.92211585685571 

21.90118090797093 21.897727801851765 

21.80680356154595 21.80126603683234 

21.657514125298423 21.651252387413926 

21.46869422554426 21.46232992655493 

21.251073861638822 21.244885194473742 

21.012014843866993 21.006120839776255 

20.75687897851821 20.751328201829416 

20.490136060918292 20.484947674421484 

20.216108157033958 20.211288948833822 

19.939385881788933 19.934935603304076 

19.66499431825173 19.660905722117707 

19.39838032657106 19.39463714390014 

19.145276534639553 19.14185103373124 

18.911484937574254 18.908335913152108 

18.70261679795798 18.69968842872729 

18.523822822543927 18.52104458709355 

18.379545042321638 18.376832701699367 

18.27331703672248 18.27057454607812 

18.207631283978355 18.204753387703075 

18.183882192572327 18.18075739907999 

18.202382514897423 18.198896145543078 

18.26244139010615 18.25847844760857 

18.362485805115657 18.357933495588462 

18.50020453390852 18.49495438282816 

18.67269442985292 18.666644035869318 

18.876592449904756 18.86964700599669 

19.108181845438736 19.100255616038737 

19.363466478758713 19.35448445285103 

19.638212363357237 19.628112314142847 

19.927959624637737 19.916694817168924 

20.22801045038664 20.215553302544688 

20.533398129288603 20.519745377464947 

20.838836866263687 20.824017520530642 

21.13863799562748 21.12272730015978 

21.426549597636768 21.409696973099418 

21.695426280787768 21.677916466572533 

21.936567129539498 21.918958613082065 

22.13855355309375 22.121983020895836 

22.28594041728134 22.272695666438096 

22.360921219383243 22.354970010592034 

22.35798597826417 22.363169132365666 

22.31382684805078 22.326749394616947 

22.28858844015456 22.299157575546214 

22.287941590354492 22.29805703721725 

22.309599667344724 22.321813809855048 

22.34603308970002 22.349778457787338 

22.32825311693585 22.319199616815332 

22.20680982230103 22.189046066588478 

21.983239599126712 21.961750530463522 

21.68532677319499 21.6637290853174 

21.354950095518642 21.33569484193861 

21.043441465654762 21.02790388716495 

20.800115079727796 20.788490495281604 

20.65609007137476 20.647556937208083 

20.61522337788944 20.60844151441254 

20.658313769685822 20.65191857604375 

20.75505399841023 20.747863126469138 

20.874961528120988 20.865879025854927 

20.993576067494686 20.981279416781287 

21.0950354787809 21.077402808487363 

21.173064079452217 21.145937015322918 

21.23059757541251 21.184358468623238 

21.274669988789526 21.183028254502958 

21.299678428702677 21.130811404149792 

21.306220377201523 21.18855346902413 

21.292039137893834 21.22646650539737 

21.238684812647044 21.20063351736651 

21.161347051255607 21.136976894785032 

21.052511118198844 21.035658315438628 

20.909706217745732 20.89754371439572 

20.74272982503261 20.73393870833548 

20.573878798863916 20.567908336842056 

20.433195375776652 20.429913260387703 

20.349060146525463 20.348517342259907 

20.33778506840283 20.340018684803706 

20.398234636837472 20.40313365636512 

20.514507675196473 20.521780535314207 

20.66385753366133 20.67309934709728 

20.824616854479054 20.83544440700349 

20.980952703792024 20.99317312762382 

21.123746071534807 21.137463135544515 

21.247253759135916 21.262564085064284 

21.3437756953598 21.3605628093084 

21.414683995284058 21.45357827580528 

21.463875078175775 21.656372336471094 

21.41226737122157 21.446064102747588 

21.337861281612856 21.35507508033209 

21.244902118986477 21.258439939836187 

21.1571650629244 21.166180341116974 

21.113935048058057 21.117888801251574 

21.149917288676665 21.149054810411826 

21.276143279448306 21.27137877924191 

21.472941978554342 21.465116234841037 

21.705134235248224 21.694295928045165 

21.939577586822324 21.92472368651871 

22.14910301418239 22.12791181597781 

22.30677729773581 22.274351368659634 

22.38230358909128 22.32536586149013 

22.36790834789493 22.233260428581726 

22.381686617098893 21.96013095785695 

22.474896865000563 21.97745308362964 

22.432034202456652 22.301469515207266 

22.30938560232441 22.267479367620574 

22.196047935274017 22.140049334700873 

22.19578523602661 22.085098518650113 

22.152908413083594 21.833245877640074 

