src/interpolation/Data/testdata/999-slice.grd
DSAA
2 151
126.8 138.0
20.56 27.8099999999998
4.364555755415823 9.90873375361376
4.478971098083188 4.481248831300197 

4.480955136665282 4.483373509780411 

4.4885172464882475 4.491389487815291 

4.504443610149094 4.508052618489031 

4.532805016233083 4.537300389576454 

4.57729767535386 4.582635229419091 

4.63893516426674 4.64486050771168 

4.713624325110509 4.71972296244852 

4.790793212157445 4.796624838309246 

4.854661796528019 4.859941654236038 

4.88890544253229 4.893630941740717 

4.883035884450175 4.887460844697996 

4.836701269417238 4.841169488116714 

4.759178754686354 4.763938622342186 

4.665084322519801 4.6701884765582165 

4.569670682860296 4.574959090143396 

4.4859578429791105 4.49106867241523 

4.423258661873515 4.427671327657606 

4.3853646286073245 4.388575028649425 

4.368809029477555 4.370638278707429 

4.364679366385774 4.3654732961339375 

4.364555755415823 4.365273030487755 

4.36781818516747 4.369513155557535 

4.382732919870914 4.38587834603918 

4.419627715920796 4.424145700529683 

4.484215873371436 4.489627310292277 

4.574530526676439 4.580263774875591 

4.682078904272959 4.68767148170227 

4.793692464243384 4.798837913258417 

4.8929673426594125 4.897522236443326 

4.96292676642491 4.966921018969747 

4.99064385417569 4.994258871334827 

4.971964824298731 4.975450594657635 

4.913177568170112 4.916740186777205 

4.828282688138472 4.832007661662631 

4.733779309089557 4.737622048719898 

4.644107312291032 4.647928042177544 

4.569342036925575 4.572949857292386 

4.514643936440937 4.5178468739612505 

4.48037305744038 4.483058210996799 

4.4629577878906455 4.465186902317468 

4.4575324625293415 4.459570046875187 

4.4617365594777905 4.463956770973198 

4.477987746493639 4.480709921749648 

4.512390217738093 4.515760227492546 

4.571558590511507 4.575553059288866 

4.660354106245623 4.664869904483098 

4.781743981673636 4.786674306434696 

4.9375385033210355 4.942796763865099 

5.1287988204844 5.13431385807568 

5.355803119324293 5.361510535819247 

5.617853536005762 5.623691166936234 

5.9131020712406 5.919009319961595 

6.238442994138833 6.2443622954175355 

6.589467749849716 6.595346989347006 

6.960472310056688 6.96626764737664 

7.344514165120232 7.350193040866758 

7.7335233809034465 7.739067597675043 

8.118475503470806 8.123884258305969 

8.489633096705948 8.494925777875736 

8.836857884074485 8.842076371553956 

9.149987826337426 9.155197980933234 

9.419264352754533 9.424556362653934 

9.635786027440155 9.641273313667382 

9.791957943837037 9.797774409349856 

9.881902658059323 9.888198190573858 

9.901799464776284 9.90873375361376 

9.850124361831984 9.857859241844432 

9.727772227934892 9.736462897369208 

9.538053833629155 9.547839392928239 

9.286571230847121 9.297565052002737 

8.980983919084558 8.99326438737372 

8.630683764050245 8.644285949407784 

8.246398758007174 8.261307583596862 

7.839745209172982 7.8558906897044976 

7.422746432221787 7.440001534620114 

7.007335262782735 7.02551685910883 

6.60485889698813 6.623732095783588 

6.225607355591467 6.24489321611948 

5.878389023145497 5.8977753842331575 

5.57017464083829 5.589329793212921 

5.305822755174887 5.324412318141907 

5.087889382168728 5.105598206555334 

4.9165272519682155 4.9330900224280345 

4.7895144320979846 4.804759698474878 

4.70252290275248 4.716434121811816 

4.649827169725604 4.662616432200338 

4.625713781126416 4.63787227909445 

4.626614461402616 4.6388514294614165 

4.6529996938979705 4.6660237722535465 

4.709309858315353 4.723580271338073 

4.8014811750571615 4.817073359431908 

4.933134863975785 4.949709281706144 

5.101265470593318 5.118098157135882 

5.292205741771853 5.308310820230395 

5.479895659013723 5.494284926293456 

5.6295620471481405 5.641594190134318 

5.708192719627121 5.7178229885897025 

5.697800172445319 5.7055299823384305 

5.603102993624197 5.6096514708311265 

5.448347809382114 5.454304168236464 

5.266365619818002 5.272052304272335 

5.087409027293348 5.092972440865152 

4.932744184809371 4.938355687014656 

4.813363537375153 4.8194238703249725 

4.731780350072909 4.739057267048347 

4.684573393989615 4.6941220496282074 

4.663742841796502 4.676257165878441 

4.657269988259872 4.671978025921337 

4.655927782359781 4.670530177025157 

4.6645011805468375 4.676776714757784 

4.696242761588999 4.7058097127835135 

4.761639812341114 4.769407502491004 

4.866464355335966 4.8733479886386615 

5.010432623822782 5.016860833282679 

5.183740164780818 5.189626655486534 

5.364860856120629 5.36972917479996 

5.523229201965844 5.526408815809978 

5.627732531127434 5.6285758655144695 

5.657382403745781 5.655437840962368 

5.6081665534161305 5.60327276204714 

5.492867059219876 5.485187846046374 

5.335522044044092 5.3255566148790034 

5.16424511447152 5.152814106823506 

5.004819538079996 4.992985400864758 

4.87583009556609 4.864717284938754 

4.785868668072713 4.77642429059047 

4.733548760723693 4.726335007591139 

4.710128795739266 4.705046992483023 

4.704390430683348 4.700162222607255 

4.711240456007029 4.705953532957792 

4.735934211945158 4.728821683567744 

4.784201357169255 4.775954848049699 

4.849611783936452 4.8418504929265564 

4.909333648204866 4.903723588081548 

4.9365854701955145 4.933768892289238 

4.9208581713429 4.920355688970302 

4.8717191305560625 4.872720902751607 

4.8064245293540875 4.808371866734095 

4.739263455621911 4.7419478347116915 

4.678710540111366 4.682188622962907 

4.628606084986645 4.633102478865151 

4.5900576663979376 4.595833534203868 

4.5632904664539895 4.570407117023493 

4.549606127417026 4.557678165320195 

4.552487301722344 4.560573843255298 

4.5740268825413954 4.580556268302257 

4.603686954364495 4.607966817175395 

4.624379433400673 4.628245237857674 

4.635263352840996 4.640309844283458 

4.641789415500137 4.647171854864582 

