src/interpolation/Data/testdata/xz126-slice.grd
DSAA
151 21
0.0 150.0
20.56 27.810000000000013
20.070316834062066 24.87396549118076
[rows 0 to 18 of 21, columns 43 to 85 of 151]
22.559208268400997 22.486657262170905 22.41361744860505 22.34420512854458 22.281181042376556 22.22581379881488 22.178137969463474 22.137381409975543 22.102404740744362 22.072081027161808 22.045590497248504 22.022608353291822 22.003340760135032 21.98834505199123 21.978096512670568 21.972364945715032 21.969597738953084 21.96652855162199 21.95801509973863 21.93680004835515 21.893805041781505 21.83815803254712 22.254324405729903 22.300155814666784 22.23320942717578 22.168697140555448 22.107656223441573 22.051256882688634 22.000356168126718 21.95320470809838 21.906889061121888 21.85856596338579 21.805928313991327 21.7474132557176 21.68251787181586 21.61233235910675 21.540105130560736 21.47124969392517 21.412042504612405 21.367116474310432 21.337425944551065 21.320408931815926 21.311945223643228
22.561586292779946 22.48479441962568 22.408029637268395 22.336151322195096 22.272213541147238 22.21737953242018 22.17131533407002 22.132748012806662 22.100001895826026 22.071449761209358 22.045873047312874 22.022721098622977 22.002218735323897 21.985229538455105 21.972796186010605 21.96540379323867 21.962214554431377 21.960620617295763 21.956294755955522 21.94384440106184 21.9202824141935 21.910218368668765 22.119088947780423 22.238551133696077 22.196396859381963 22.12993079774176 22.064319091672914 22.009129440879338 21.963112773295496 21.921451472337246 21.879764832895724 21.83485095482298 21.784507210176347 21.727422334480764 21.663386405415224 21.5938021759661 21.522256881579445 21.45453739698237 21.397254484251306 21.355105574082543 21.32865549399363 21.314687284285274 21.30857588290898
22.56037147209936 22.47874265908329 22.398026225779866 22.323898943703085 22.25967203880475 22.20630861377107 22.162992573028813 22.12783195429767 22.098490872584794 22.072709194074843 22.04873139028199 22.02565180731812 22.003622811169407 21.983799240675356 21.96788405427105 21.957293306069886 21.952258399831422 21.951404211110926 21.952253468057716 21.953027348275352 21.957402925061956 21.986274950108545 22.06433773452715 22.111671320832457 22.079556757558787 22.021591776662113 21.97423971131753 21.939490194326645 21.910008824628317 21.880035350648143 21.846138613266405 21.806281959797644 21.759209191269626 21.704337509889758 21.6420553234853 21.57426197122294 21.50487891399658 21.43980075925111 21.385548801160887 21.34659302553914 21.323139550591847 21.311580430265494 21.307084932446163
22.5547270943732 22.46758805672055 22.382732862560143 22.306700100490467 22.24299584552933 22.19227694418357 22.15312822786589 22.122913063107788 22.098493624376065 22.076817058333035 22.05541824395684 22.032864932185777 22.00909637058733 21.98549003936141 21.964430156604138 21.948328403896568 21.938469474437202 21.93437490902935 21.93421799245155 21.93619513085432 21.939729256237747 21.9425267146468 21.929288350130253 21.888920601207296 21.856623065261438 21.850427089652342 21.854856321246295 21.85656642732646 21.850185441306742 21.834358348259578 21.80906799790181 21.774494933700602 21.73076104441159 21.678215523434712 21.618010709621274 21.55270552007188 21.48661249604299 21.42553460384247 21.375461630502443 21.340244507887615 21.31968263047213 21.31002790583276 21.30655274880593
22.5437372011162 22.450378838607453 22.36126576255435 22.283807281919618 22.221630598030494 22.17499010087268 22.141764399319545 22.11843493591007 22.100884270958975 22.085063411776886 22.067587904249333 22.04629103082936 22.02071629932917 21.99236772694828 21.96433950873501 21.940110298597265 21.921919027744565 21.909572370480628 21.90013985740459 21.887976782610274 21.863795028275682 21.816026563019236 21.753836028199935 21.718333556966805 21.71658169525712 21.73613456334168 21.764948941884292 21.787815526044984 21.796723772807507 21.790810469690623 21.771717706873687 21.74101776159837 21.699724741731742 21.64885010020883 21.590258088916777 21.527296642898662 21.464846567966383 21.40864368041819 21.363891323403656 21.33340747883965 21.31631142231392 21.30872287106531 21.306195747661302
22.526537220610972 22.426236326680325 22.332789653732775 22.25446482492551 22.194961144673837 22.154083768774495 22.128929646223323 22.114931608016 22.106725729250478 22.098977221112566 22.08714447592843 22.068120101061545 22.040838880105802 22.006805417196418 21.96994084441867 21.93511126876602 21.905807881307325 21.882305935027695 21.860942776803093 21.834294168370956 21.793782742405742 21.741893397909557 21.70459993611092 21.69483068408742 21.69533309751743 21.70436604451097 21.72477749772333 21.745767337432426 21.756221223936585 21.752588750522936 21.73561270078224 21.70655914961683 21.666241266985022 21.61571616733741 21.557359029580272 21.49544070642235 21.435733062405312 21.384228358517298 21.34548442685862 21.321119748494926 21.309141906387982 21.305073922051488 21.30450142325773
22.502564721913203 22.394521916493616 22.296566972068938 22.217831252574186 22.162116531876187 22.128849716167295 22.114355310649874 22.112786156519245 22.11703396988573 22.119985651486918 22.11572942758229 22.100169033574733 22.07143706488946 22.03076951012712 21.983046339161763 21.935210252846797 21.892867617039403 21.857703432728368 21.827037572043007 21.795146732716212 21.75773693117803 21.72095890019785 21.69962393346787 21.694562692904054 21.694824266267734 21.699539869533773 21.7104760391653 21.721447560593475 21.7249515010274 21.71792320626689 21.69998602679778 21.67086803860872 21.63009446210682 21.57812432372339 21.51767394569316 21.45416697151872 21.394719730568 21.34608731568361 21.312671221362113 21.295251082742816 21.290651972798255 21.293082677518584 21.29717121135211
22.47191899482025 22.355041003407816 22.25199242214436 22.17282898563823 22.121607491605577 22.0976804181871 22.096858969307345 22.11170749896895 22.132289713793362 22.148685285166817 22.15359529246131 22.14252573323611 22.11283471848852 22.064768428324253 22.003905592188627 21.940255746013957 21.88290889471269 21.835901304653902 21.798365081439794 21.76681145162719 21.738429121619898 21.715041956224777 21.701350256449665 21.696681018127137 21.69638300062976 21.6980837532581 21.6999163273805 21.698989531726017 21.693349126040253 21.68187595291252 21.66278252890197 21.63337721614499 21.591160693000326 21.535607353343426 21.46983910717464 21.400911756050757 21.337886956246976 21.28871717729194 21.2579993601923 21.2462582100701 21.249902063251238 21.26196254527939 21.274961594059796
22.43574803828642 22.30827377149961 22.19869398816316 22.118064094263953 22.070906659980874 22.057176789703487 22.073165615284278 22.10974200254054 22.151671807121787 22.183705478683688 22.19780481215108 22.191415856884472 22.161805664336924 22.106544359277127 22.030396970585148 21.947507599735758 21.872428428912816 21.812210246054242 21.7673725418857 21.735611645243125 21.714069904668744 21.70066716607152 21.69385269880931 21.690789871647404 21.687744522226012 21.681809785423034 21.672376091101864 21.661612643182043 21.65127006139814 21.63975725981571 21.622602774243763 21.594262925515746 21.550043108855608 21.488440490691662 21.41344857349149 21.33472288581065 21.26414619688211 21.21102384115502 21.17974280900842 21.170401433653982 21.179812859961565 21.201465835015966 21.226459448899515
22.39654135521371 22.255686803259092 22.136948592292296 22.052279209852625 22.00656461024433 22.001261814495802 22.035856943858686 22.101336352924516 22.17203349605031 22.220568785158928 22.240701718610932 22.237678675579833 22.210148041819426 22.14997437115986 22.057530433485525 21.95193288127802 21.855910993896984 21.780004225237878 21.725301442293947 21.68956958317405 21.668744187766954 21.65739329260915 21.65038356936026 21.643403068750324 21.63287966994068 21.618532581933774 21.6048192977578 21.596471601105478 21.593345463109635 21.59042522776486 21.580325241328843 21.555198496585383 21.50851074631321 21.438099094054216 21.349821820965566 21.257687413915217 21.1776431779809 21.11997485028752 21.08739872481424 21.078232738636412 21.08934588350815 21.116119945640936 21.150997118657457
22.358260835561946 22.20022242549115 22.06872267444613 21.976112915370035 21.926459074432213 21.92237693080783 21.970931924705944 22.07290825851877 22.186209406165688 22.251682522531667 22.271479407142376 22.269675754750715 22.246887982855025 22.185588098800046 22.077414656840553 21.947145507421453 21.828025450813858 21.733746830644762 21.666114898658236 21.623985822566453 21.601644622490465 21.58698099908811 21.5677294402684 21.54097758194423 21.51373363686317 21.496155098417407 21.49412213453368 21.505654524414464 21.52322097782534 21.537539051236497 21.53928140210616 21.519247748006297 21.469456393809967 21.387469852321843 21.282611646123854 21.1759118217486 21.088567080837063 21.030278217724746 20.999651247058786 20.99159218865223 21.002218471554546 21.028869264048254 21.067213230321226
22.326326406191498 22.146883832065082 21.99913630981669 21.895204491921106 21.835898363294092 21.82078413600009 21.862806203971893 21.993938624829777 22.177213618893152 22.26896807730501 22.28374208510204 22.28251279566785 22.265280637852012 22.20344006294883 22.08026716669706 21.927803513350923 21.787066475263376 21.671823486501825 21.58738693859913 21.53892951279446 21.521678633655853 21.512293075272655 21.479410310027905 21.41973873269885 21.365857703755694 21.34667473479374 21.364701708069965 21.40549654533954 21.451300741603315 21.48777598071221 21.504032658758923 21.490038070956945 21.436434495652126 21.340759894890354 21.21786513715388 21.09887841075449 21.010233540781964 20.957801682945682 20.93353505778005 20.928402706346578 20.937966742409508 20.961370606777802 20.997503702163254
22.30742410376132 22.10292643200981 21.93694523952564 21.821546323353196 21.752686503761403 21.721765262596033 21.7316693222976 21.83175367869916 22.094412245748327 22.264166404772208 22.28453357397086 22.283452241599655 22.264806882687672 22.19443393216389 22.057997126852587 21.895414913719264 21.740300703061052 21.60068697979427 21.493169462616244 21.43793477287439 21.434400347986536 21.44840921863771 21.40815144877918 21.30297178649966 21.21941031918576 21.20296410730811 21.242831698748695 21.31409562290233 21.38936557308623 21.44842809865472 21.47905602741954 21.470875204558123 21.413085696009286 21.303140072054955 21.16315183442404 21.036477274643442 20.952926246444715 20.910965442565345 20.894915438201014 20.892779134914093 20.900598822775834 20.919473786683373 20.95078510916382
22.308925042845043 22.07710045269164 21.89249131475223 21.76842859179848 21.69683662689173 21.66212701672964 21.652442599763592 21.679453347669256 21.874129459997782 22.186259123797196 22.266682606406974 22.26805081835142 22.235830309209348 22.1491129822514 22.013844963760963 21.865374769996002 21.70802879003101 21.540343926163445 21.40397959195593 21.344233222121368 21.35210716411124 21.402093940102944 21.364881753177084 21.20082975817871 21.100517134216634 21.09463629342716 21.15114165658678 21.248289972299542 21.34915300902989 21.426522039716236 21.468089745831865 21.46418030482534 21.402611772821423 21.280105106261633 21.125886095933748 20.995277053838485 20.919238344794195 20.887691693163237 20.878505907031922 20.878024297288555 20.883504468984853 20.89799551594021 20.924488014339293
22.33756079426917 22.07809224927925 21.87449091709742 21.742928272900407 21.672445750557955 21.64303973104913 21.636285315828214 21.639314274503114 21.711574766446905 21.981396956085938 22.16383055568948 22.195247207440794 22.157875559491192 22.073829552649492 21.971568340579026 21.861902552174353 21.71925091807215 21.52736808242552 21.357089556995042 21.302122864023126 21.308531508805558 21.3893194088765 21.36991951452069 21.147690162351818 21.045770874704367 21.047477348886392 21.110348740109497 21.22598950519146 21.34239785755178 21.427938683537988 21.47347701260861 21.471055149294603 21.407165594294902 21.276465028749765 21.111870355746046 20.97748256709751 20.90542051686363 20.879760911740746 20.87428508554417 20.87424973965473 20.87790978672479 20.889647365571182 20.91303623721837
22.39698922585859 22.112672466280156 21.889036559013068 21.746565335320714 21.672476227434874 21.642962258218983 21.636433387594234 21.638855996037943 21.681854717820336 21.844676773634376 22.017532243011676 22.076753260007447 22.057655059765967 22.007753116426354 21.955501981542273 21.89495133983786 21.79311299227308 21.613867923035617 21.401352423810117 21.308325799155334 21.32580838019883 21.477237962152476 21.449152733250212 21.2007106737999 21.062053565766863 21.06194109674029 21.14086271871751 21.264597076489682 21.37628466902305 21.454266150889485 21.494802939841065 21.49073169763521 21.427022044930894 21.29493034359766 21.124905583419597 20.983863477825924 20.90770974392696 20.880455642759173 20.874508772365235 20.874440008736904 20.878219052442855 20.889883568981173 20.912583092298185
22.484472138217416 22.18308159458492 21.94008207116336 21.78176464101871 21.696292902996486 21.658590093256272 21.64756016017383 21.65543336715494 21.7034049116218 21.819985515697034 21.942600055537856 21.99537419001748 21.992712521474804 21.974007604465598 21.95913301166479 21.94316981336056 21.90263231739891 21.807264302872685 21.65780740793156 21.564456037668204 21.640973701575074 21.704566941200266 21.544577108382956 21.25372443004459 21.17500192226937 21.19070426077958 21.266023783457488 21.361520287564975 21.442123886126627 21.498637643773165 21.527661014998746 21.520192389307383 21.459847534197703 21.334497098446718 21.16634971167273 21.017043260045376 20.92825684045644 20.8911331063483 20.880106130002495 20.879249710885702 20.88471396132117 20.898454875962983 20.922230777748798
22.58883541711816 22.283405904743812 22.026896962624374 21.851873170979744 21.75123841695974 21.702640116916378 21.68809517132163 21.7029534418983 21.757166531343053 21.849102409743292 21.9314759508829 21.965552063255092 21.964306017615293 21.95517063937561 21.956198116855973 21.972378817137788 21.984606444579484 21.972312558282443 21.934326711247326 21.872581402192782 21.79326460364548 21.821248091945552 21.664523345901927 21.17628576617914 21.15734923214634 21.307804538009115 21.407329575049143 21.466310052221427 21.512189746971384 21.546874777232674 21.564662824977603 21.554709475690693 21.50087546991224 21.389602304308383 21.23298486750029 21.079826745178696 20.97475295233205 20.921342135871267 20.900519390352148 20.896497151311127 20.902858827821106 20.918603646686588 20.943303486734198
22.693185871777438 22.39833676517617 22.13918166170499 21.952794560052805 21.83906822197409 21.780966637522617 21.763491806323337 21.78055021923577 21.82986664085901 21.8953898324867 21.94412421684371 21.959193508962557 21.950694232867033 21.935494580437556 21.934405845019803 21.9779158086228 22.026717196800085 22.04471792838656 22.054102494601217 22.079563955668824 22.10073242306861 22.223206467284342 22.17824322691725 21.56075855991128 21.387765493217508 21.460501177738 21.498963822066294 21.530747970480427 21.56152278652925 21.586570566971155 21.59914747930827 21.589577892455345 21.54446260692327 21.45157464822662 21.31531679994006 21.168706234212024 21.05226142653123 20.98116201874188 20.94666079133682 20.935524811277887 20.93942747696104 20.95437063165987 20.977469552652785
