src/interpolation/Data/testdata/xz126-slice.grd
DSAA
151 21
0.0 150.0
20.56 27.810000000000013
20.070316834062066 24.87396549118076
[rows 0 to 18 of 21, columns 86 to 128 of 151]
21.308286598700263 21.30691208916621 21.306468967987318 21.306294583781572 21.30586253718057 21.304373570610224 21.300594137116818 21.2929569194438 21.279903080982 21.260369529238865 21.234216971239828 21.202373835104193 21.16660965347819 21.129061915667076 21.09175097642821 21.056261867706166 21.02363669308718 20.99442100144626 20.968780549142817 20.94662517976378 20.927707903730866 20.91169062061451 20.898180123094967 20.886742423201124 20.876903894150974 20.86814657784408 20.859903257979795 20.851555949417232 20.842439855542718 20.831854511407297 20.819085562487277 20.80344419629212 20.784334609848045 20.761359097003176 20.734460456445646 20.70407937393156 20.671273974134984 20.63772522064128 20.605559907279513 20.576980634276545 20.553786624520118 20.536947984062515 20.526397017201198
21.306426302931406 21.305848757083087 21.305747311092354 21.30572522497699 21.305414386588765 21.30401183379648 21.30013280321844 21.291957568647888 21.277669668708224 21.256083170915304 21.22718477830417 21.192277316033927 21.153621919685346 21.11378704988599 21.075045553925346 21.039039894502878 21.006728810865678 20.97850685763911 20.954379045170704 20.934117401600837 20.91737162237718 20.903733074658323 20.8927624045178 20.88399319107558 20.876922945345928 20.871000670392345 20.86561756337099 20.860104117901738 20.853733587048485 20.845730430002664 20.83528504409622 20.821583025583198 20.80386553246627 20.781540962096553 20.754358893021625 20.72262813663482 20.68741399775959 20.650606458608102 20.6147498577706 20.582597886910953 20.55649174861808 20.537779350193663 20.5265059141914
21.3058213901768 21.305616096595546 21.305607147689926 21.305590643875373 21.30525177007451 21.30369009979086 21.2993101465397 21.290014362743463 21.273749601824782 21.24929192062504 21.216897156755017 21.17839615228596 21.136638367944272 21.09462579156862 21.05480797864249 21.01877722267151 20.98731150468221 20.96058782279127 20.93841665820493 20.920423946108546 20.906164072523392 20.89517419274697 20.886987270158137 20.88112033947985 20.877052060630778 20.874201349997644 20.871915638883028 20.869471697706174 20.86608498749023 20.860919466446514 20.85309352743658 20.841690224348405 20.825796391543427 20.80460643633214 20.777620178958543 20.744927552175007 20.70750471931397 20.667374409275972 20.627467955921418 20.591118269975343 20.561292136753224 20.539835060167995 20.52703139200922
21.305701088138125 21.305601583271788 21.305599735185684 21.305544927921005 21.30502571564014 21.302957833860997 21.297493224975998 21.2862619693599 21.26704886917887 21.238747876429894 21.20208815242568 21.159598588499207 21.114774045104735 21.070980960516835 21.030703805236826 20.99533933513803 20.965378465054233 20.940723125014863 20.92097140037018 20.905610997965915 20.89412286299626 20.886017483795495 20.880827137119635 20.878073211015288 20.877225370931118 20.87766884736704 20.878693343505784 20.87950739804149 20.87926685979903 20.877095582112485 20.872081984513684 20.86325796086069 20.84959618897891 20.830083787604337 20.80392884448728 20.770912238021157 20.7318009748027 20.68862816406951 20.6446127955183 20.60361367519069 20.56923989613609 20.54393391126923 20.528385249841733
21.305636843005978 21.30557846012974 21.30554965577069 21.30532016006633 21.304281829514835 21.301109006021456 21.293683204166495 21.27941141213057 21.25606215682821 21.222882334481213 21.181321837463162 21.134749483749037 21.08727406468776 21.042458829109563 21.00261736818537 20.968786768261204 20.9410764920705 20.91907941553321 20.902186316355547 20.889772652667773 20.881281545704482 20.876235681490076 20.874203553222024 20.87473889146373 20.87731256975356 20.881262021899275 20.88578420022727 20.889981245633614 20.89293393078305 20.8937518360747 20.891559973117836 20.885427211685727 20.874292905008023 20.856980960832622 20.83239357059828 20.79992595209232 20.760012078689854 20.714544610748405 20.66686390558994 20.621191459015883 20.58167068304283 20.551352507279343 20.531476755226066
21.30480318719717 21.305016180921267 21.304898152770917 21.304156240775935 21.30198186593979 21.29679592050232 21.28623542076409 21.26759806549012 21.238864461805683 21.199933020392837 21.153213741606447 21.102962507815423 21.053738557696104 21.009035465719407 20.970756341920392 20.939431217070602 20.914730552201988 20.895939057732395 20.882269766029033 20.873026647562376 20.8676603128211 20.865754064624493 20.866961602316636 20.870909564491498 20.877085288349235 20.884751285658975 20.89294271358603 20.900575951378585 20.906617242780612 20.910195603134934 20.910572890006218 20.906986466637004 20.89846560896065 20.8837540664645 20.861468895277483 20.830572694556107 20.791066336605606 20.744561201439048 20.694322184169305 20.644670160084402 20.600014135384196 20.563861580746288 20.538038751052923
21.300173393690073 21.301572594157385 21.301548997082328 21.29995811736163 21.295920477653027 21.28768224964031 21.27274005784995 21.248479204080876 21.213393408632168 21.168344484228374 21.116856894662476 21.063966846575774 21.014384623627006 20.97121325834208 20.935728714552305 20.907864388186066 20.886849793232756 20.8716994288807 20.861495849848428 20.855517036665617 20.853266873425955 20.8544424387698 20.85884647340259 20.866242799665095 20.876169522711738 20.88777786465376 20.899821418728035 20.910882779601852 20.919737085658852 20.925584928535024 20.927975029870552 20.926489466730352 20.920399168762703 20.908474427426743 20.8890984433125 20.860794265232435 20.823079608617974 20.777198891159607 20.726176300087822 20.674131427052604 20.6253407493763 20.583424703400215 20.550660539527513
21.28444248692442 21.289525187567463 21.290847548314918 21.28875136109219 21.282585746000727 21.270639825933266 21.250485598176194 21.219883013351286 21.17818120532381 21.127465050866665 21.07238215668753 21.018482982130354 20.970251431435916 20.930105041531483 20.898559046379468 20.874945754248664 20.858110620158534 20.846863912794817 20.840208426757474 20.837430204661217 20.83811727354555 20.84212795821579 20.849493271688246 20.86021946729075 20.873979719648215 20.8897901696655 20.905935587714538 20.920403304571344 20.93164436920851 20.93902619215825 20.9426093774619 20.94253105907296 20.938446391059138 20.92924669855736 20.91314881232694 20.888277546778706 20.853688388582032 20.81025721114946 20.76067950082265 20.708615299033287 20.657789164124708 20.61147894262338 20.572107815845897
21.247206065324434 21.26046393814244 21.26635973008744 21.265703016241865 21.258385083972957 21.243082485759462 21.217792328093605 21.181033083497244 21.13336797153348 21.0782755463133 21.02138855035144 20.968408115534274 20.923230304758402 20.8873915475405 20.860626714968355 20.841747487674393 20.829318475104607 20.82202496077325 20.818828146740948 20.819025601406686 20.822283625446104 20.828643603918987 20.83845025900254 20.85211481364372 20.869633464392805 20.889940820794806 20.910599920057233 20.92855344231335 20.941697016371247 20.949740776201317 20.953587686805882 20.954145450305372 20.951527791649866 20.94478191455111 20.932028521277424 20.911102209636766 20.88071316127634 20.84145245193112 20.795655612923234 20.746321987767157 20.6962937754966 20.648119875370153 20.604018647990976
21.1846245768191 21.21001996256409 21.22467951065566 21.228741998466077 21.222453350883335 21.205132531710138 21.175617146069886 21.133638172451075 21.08132396350788 21.023620834677086 20.9669015683975 20.916635989434646 20.87585603256243 20.84514515146759 20.823539297337643 20.809470809261427 20.80135539656715 20.797837173150494 20.79785362995205 20.800670763858307 20.80596412107092 20.81392250773253 20.825266499204563 20.841024199907995 20.861866590987805 20.88692143528855 20.91279749424954 20.934646848841112 20.949362470434842 20.95727620286641 20.96059318060199 20.961174345407155 20.959545665402278 20.954851793803442 20.945192759925224 20.928324453351593 20.902862135854427 20.869257159305054 20.829408546610903 20.785413061550415 20.738996146706086 20.691812244415758 20.64571765279544
21.109323153124397 21.146014802741217 21.171040164696663 21.182069476008504 21.178680326441153 21.160636588547604 21.127875008391445 21.081738646773648 21.02619171614725 20.96760017604169 20.91274987970816 20.866522750488475 20.830910565208352 20.805570387530572 20.78897923544131 20.779358723188057 20.775124815509347 20.77497722299187 20.777840019466367 20.782854792154072 20.78954846836475 20.79812613069652 20.80967404337611 20.82603168365605 20.849045414301763 20.878741875794365 20.91089786259034 20.937778033488865 20.9542938581258 20.961689873019075 20.964066435899973 20.964389013046898 20.963438807399626 20.96031802223647 20.953222262206477 20.940189568270554 20.92015031725777 20.893554756604427 20.86158538251034 20.82501375328426 20.784227642162264 20.7400237836661 20.69405869832685
21.041411398090116 21.084234254838044 21.11708263641581 21.13441182584959 21.133992053444512 21.115439977493732 21.079771492694416 21.030163887144237 20.972518686953748 20.91441370683526 20.86265170507172 20.821216043045066 20.790970906785326 20.770729220754355 20.7585574587708 20.752625751584333 20.75150758226393 20.754092969126418 20.75933970816654 20.766147021512097 20.773628881114117 20.78174937032639 20.791847724859416 20.806640565727864 20.829561254950253 20.862675374061862 20.90214940429403 20.936397971901382 20.956209578005247 20.963566570576372 20.965147180179976 20.965244832241204 20.964763822619204 20.962644058866676 20.957425467332975 20.947955385579746 20.933982485935754 20.915905430914126 20.893561055730157 20.865799259241943 20.831444041342632 20.79050887485509 20.744763945172476
20.99213425319167 21.03601402358902 21.07249345772299 21.09342405522635 21.094410501760663 21.074475021659822 21.03559602988105 20.98284285384789 20.923956677294402 20.86736219187319 20.819456403741064 20.783094548756875 20.758010826086277 20.742278902970753 20.733666820336545 20.730397503505 20.73133719127385 20.73575572431143 20.742806800975902 20.751082846483808 20.758911831983628 20.76560798988636 20.7726044379218 20.783440347402035 20.80305281370063 20.836283818734778 20.882406926891367 20.927300161783798 20.954133215617812 20.963514307186387 20.965222640037567 20.96528880406716 20.964901630485816 20.963133946557235 20.95930731643065 20.953677315680455 20.94710934797047 20.939372380477696 20.92807491458466 20.909747074101382 20.881519858478597 20.842473893976603 20.794596098750567
20.96205032352267 21.004276472313347 21.04105871285009 21.062659166435445 21.062926937088445 21.040305035255404 20.99772758242489 20.942105229273754 20.882733995723065 20.828415955317265 20.784772827083565 20.75343347303354 20.73309302659293 20.72120065330202 20.715277231969253 20.713600794378998 20.715369745642505 20.72042966792396 20.728486713819837 20.737992359600238 20.746045292643995 20.750666258229167 20.75331042052874 20.75849280823567 20.77213527540515 20.800869572933813 20.8487323359676 20.90500329427089 20.944548469300287 20.960428953535835 20.964307457365273 20.964767560493456 20.96413246290292 20.96248073219958 20.960527244038655 20.960342253938144 20.96336314015523 20.967490684979097 20.967785466391998 20.95892942705047 20.936277233872836 20.897095586770586 20.84295679470685
20.947579947742074 20.987391006585607 21.022475513517193 21.042381773319317 21.03996957778554 21.01349563313747 20.96695523771016 20.90892395690786 20.849799790864 20.7982712074196 20.758950396551704 20.732304564921233 20.71617573950858 20.707519887686562 20.703618619167962 20.70270292700134 20.704155992793574 20.708423651574023 20.716295789283137 20.726794494834895 20.735455654736768 20.73785070715954 20.73548811015898 20.734672597414306 20.742147718936543 20.764482776707887 20.80755672684986 20.867789551550256 20.921425292064733 20.94957105119421 20.959278640317702 20.96167943517004 20.961671311960036 20.961394080396705 20.963638934792847 20.971795952205937 20.98597964088221 21.00149662450007 21.012531203597565 21.013489345611603 20.997481297079638 20.957517334757874 20.892381946335494
20.945536487301784 20.982938588439602 21.015042794028577 21.031394655896904 21.02471072559283 20.993607604600978 20.943225631941 20.883448912998173 20.82520285881421 20.776640792782263 20.741308439405056 20.718721663998764 20.7061270207501 20.700144397315224 20.697835692884933 20.69727499564558 20.697690943945915 20.699666988326083 20.70558074169108 20.716695693646603 20.727267056533904 20.7281603588441 20.72064917210782 20.714505384962955 20.717689168208135 20.736529888301238 20.775604249426994 20.83123286383672 20.888129696022972 20.927438829718206 20.946420256352017 20.954005152731167 20.95755865989769 20.962026062105664 20.972075163719218 20.990235631312906 21.013483290450846 21.036527681086614 21.056365325352978 21.069339834820717 21.06545344439815 21.028677838857533 20.948800124583943
20.954449986960977 20.989158412712126 21.01702361049314 21.028196042749226 21.016018050730693 20.97994690420966 20.9261920261141 20.865406907456553 20.80844011795066 20.76262578705604 20.730543602522157 20.71104880026979 20.701073912216643 20.697076156367057 20.695959046213652 20.695668761132488 20.694901450595857 20.6929702433975 20.69441701376488 20.70562351263315 20.721112392788626 20.72326432832739 20.710948211686524 20.700349310524313 20.701088422314537 20.721203056124743 20.765679424545276 20.81893967823779 20.86727271380583 20.905120852332203 20.92969964283845 20.944103160071023 20.95459957536686 20.967357883859247 20.98670120731071 21.011768630531986 21.037334385247576 21.061238900014313 21.086899062150525 21.1164342574219 21.137326595756974 21.116789722391825 21.022595876914007
20.97413958761529 21.00492093553354 21.026933577721834 21.03141490764727 21.01289027960651 20.97190618632794 20.915449970608247 20.85430741172482 20.79872649205031 20.755094843442745 20.725217976339163 20.70758178030696 20.699063570438774 20.69614481413776 20.695658256643448 20.695506275337802 20.693192777323322 20.683989574935975 20.678749479511794 20.69006410809029 20.715237783301514 20.72643649950831 20.71127997700894 20.695609900459917 20.695417202409025 20.727373396121802 20.79255782186009 20.84364739812515 20.875731111224695 20.900038458409412 20.92071885625511 20.93854165689736 20.956156484640083 20.97735488962909 21.00293043549217 21.028130888411436 21.047825375118432 21.06410268186726 21.088437903406547 21.13814405209416 21.20652601518265 21.227419525461247 21.12901651538836
21.00452633769525 21.029143062213855 21.04339543757506 21.039885963373393 21.014567540662565 20.969026946259156 20.910578742258004 20.849540707124763 20.795195633942942 20.75298652552067 20.72415556693901 20.70704936033569 20.698685244048846 20.695780690709817 20.6952748143196 20.694439536362378 20.685581692993928 20.66460293242724 20.658405887422905 20.66985893887788 20.705844437177692 20.74207054947653 20.738906000242768 20.721891114014134 20.738418390618392 20.82854660214004 20.88967590006175 20.905278229753083 20.908664340137676 20.913431136225462 20.923894673434287 20.940215552327757 20.96196904577229 20.988408191314367 21.015293415428403 21.03511050875824 21.04339927329029 21.04365971539602 21.051073234489003 21.110480261139504 21.2698806594996 21.359783443374774 21.27478663438975
