src/interpolation/Data/testdata/xz126-slice.grd
DSAA
151 21
0.0 150.0
20.56 27.810000000000013
20.070316834062066 24.87396549118076
[rows 0 to 18 of 21, columns 0 to 42 of 151]
23.393063197465978 23.414757697404355 23.439852693946637 23.468614175056842 23.50110945159639 23.537118484220148 23.576047037857723 23.616858659905724 23.658045198426706 23.69765231866832 23.73336552890903 23.762645959482878 23.782890942213506 23.79159170319891 23.786474281342382 23.765635655445095 23.72771121761042 23.67211447769617 23.599360917620093 23.51142251084962 23.41197665058507 23.30636015056776 23.201075346778772 23.1028475988444 23.017448369956355 22.948652925316352 22.897686876803057 22.863324605032993 22.84254633386014 22.831488006982163 22.82639366322141 22.824317543371794 22.823302227716574 22.82195396936494 22.819195173178738 22.814693254638563 22.80840323106248 22.799309308931896 22.78513851122958 22.76291931795087 22.729838560788792 22.684244038306034 22.626495785583355
23.390211632485304 23.412382192574263 23.438795384551074 23.46996041338702 23.506179675410518 23.54742258916165 23.593192210416618 23.642410068355968 23.693352918819002 23.74367365767819 23.790521468151816 23.830744921040047 23.861129874189295 23.878612714286323 23.880432597046315 23.864237238289935 23.828209316225863 23.771302375951354 23.693641047713836 23.59704154800532 23.485467708834033 23.365128142712738 23.243948140485873 23.130372296778976 23.031785808625372 22.953081519215107 22.895879817622937 22.858631881326364 22.83747070613577 22.827438559844605 22.823730793331375 22.822718984451317 22.822323436479238 22.821044847022385 22.81749948463604 22.812453972297845 22.807154820565117 22.80042703676019 22.78924619369037 22.76978235264115 22.738329805665828 22.69253671406564 22.632585346886362
23.3826018897826 23.404549942201612 23.43163598127996 23.464701562142594 23.504394199441332 23.55099110721752 23.60419620819794 23.66294643489702 23.72528401449523 23.788358397656193 23.848597783571478 23.902030998200765 23.944669678673048 23.972826175694816 23.983280815554885 23.973311944934068 23.940708353974127 23.88393572799677 23.80258855505725 23.698112429996254 23.57455368930296 23.438891875913722 23.300520792248438 23.16977406278746 23.055888784316796 22.96512844557904 22.899732404482084 22.857988938999362 22.83526239847578 22.825489111937255 22.822684222539205 22.822316292835296 22.822188161626325 22.820268653553068 22.81389395343623 22.807478694341068 22.803622469902024 22.7996867794294 22.791710693071206 22.775063530615103 22.745099322651097 22.698685271930625 22.63584807720861
23.369935329777686 23.39070966659214 23.417516469857922 23.451638300039516 23.4942150098321 23.54600468566056 23.607079726732074 23.67650353393621 23.75207911413651 23.830293509935668 23.90655887597308 23.97574285773231 24.032823932738122 24.073412345898117 24.09394243334911 24.09154513299828 24.06381919295654 24.008815866548538 23.925492775313916 23.814674971184292 23.680206085577137 23.529627545007788 23.37370858424642 23.22466552605634 23.09364939901727 22.988453713296146 22.912206622574416 22.86335519955111 22.83678294416493 22.82553350049513 22.82255194203745 22.82229951187893 22.82211515643252 22.817162007239812 22.805060828533506 22.79962374990812 22.798687635364843 22.797843260009536 22.79301674689826 22.778989537290617 22.75009716036717 22.702336788964605 22.63564703055223
23.352110200419936 23.37046693307642 23.395658204586802 23.429531089622145 23.47390633932181 23.530269421302187 23.599328880931257 23.680485679084736 23.771348112199835 23.867524864306734 23.96293894167901 24.05071972154616 24.124380754522207 24.17873730541998 24.210135977948543 24.216009294084248 24.194184709115255 24.142515286064288 24.05926807599761 23.944377863824574 23.801146170173467 23.63740036630279 23.465075357966864 23.298036978829156 23.14909960303393 23.02748905028848 22.93743317014594 22.878010232980017 22.844155872665887 22.828474172201595 22.82323598679083 22.82205151116952 22.81933269414076 22.803902556576215 22.793974726353028 22.79320694858969 22.79463777229731 22.79607234670622 22.793808860140587 22.78184415351832 22.753248243694188 22.70305045350275 22.631239598071502
23.32933238907248 23.3437110815403 23.36549202878095 23.39721111133678 23.44159458511982 23.501189964670655 23.57775641786148 23.67142236962718 23.779774972291438 23.897288898748325 24.01565163054124 24.125268999961722 24.217454862219327 24.286127200078816 24.328063562128985 24.34179806179566 24.32608439427123 24.278940848661794 24.197923149282087 24.081776546165905 23.932899092421714 23.759154051177 23.573435089531987 23.390856521295994 23.225261092137856 23.08675975591701 22.980613463390704 22.907028569864313 22.861766429001786 22.837642704963518 22.826465644643157 22.820006530807785 22.80782525521595 22.793403979012698 22.790989636575063 22.791225882736455 22.792865927158715 22.795379105584185 22.79483645243121 22.784036907511194 22.75453054953872 22.70038452803635 22.62189166815304
23.302254157671882 23.310788791787353 23.326855868019337 23.353777128567604 23.395420685903087 23.45581478132271 23.53837482804478 23.644642887799243 23.772653048420274 23.915548259873987 24.061651048765476 24.196958861707195 24.30932151059486 24.39168575061684 24.44225560633463 24.46198712255133 24.451555053919083 24.409574447873517 24.332814233177523 24.218453188234374 24.067620510913013 23.888103207753204 23.693741439889205 23.50052281078951 23.32239919183744 23.169290383707175 23.046865444274328 22.956626128408264 22.89595507594308 22.858735439310237 22.836613498690795 22.82007302473502 22.802842188532335 22.792659813696698 22.790993257425594 22.791254978343062 22.79317909886604 22.796586229063376 22.797136266569556 22.786318846242473 22.754194476411968 22.694144509997873 22.607152563251717
23.272133453285065 23.272723474818548 23.280271222576868 23.29891056259207 23.333847329459296 23.391045926507328 23.4763777087173 23.593912966702742 23.74319347373209 23.916192678610326 24.09631223166586 24.262279062821076 24.39626265893569 24.490279789795004 24.545806208248365 24.56825234128597 24.561407832765465 24.52477840456623 24.454070721496578 24.344394419991 24.195265325357422 24.014514273803208 23.81726603717848 23.620236403155356 23.436543537548364 23.27453269159993 23.139052797606045 23.032323519172664 22.95362293239339 22.898821295564538 22.860846594930123 22.831938930696282 22.80935851327059 22.79688166187383 22.793219979113903 22.793626973779293 22.79680632794092 22.801597533748136 22.802694043527485 22.790236210108638 22.753192572161893 22.68485400730742 22.587316231082927
23.24099435419903 23.231464546513354 23.227291652749013 23.2333241289382 23.256184161753435 23.30415373893729 23.386442673229737 23.511229891343888 23.68163281481602 23.889708553589603 24.112272343336354 24.31604500317456 24.473486462798206 24.575913210428105 24.63131450707011 24.652443016301007 24.647314796999822 24.61616333197604 24.55303159754703 24.450386785263888 24.305927305268135 24.127972440583644 23.93361858430904 23.740357748433944 23.55967676779808 23.39713588485362 23.255465696078716 23.13644772658194 23.040656464388665 22.966367212837106 22.90939122943981 22.86519830444616 22.83261836110434 22.8131324364216 22.805169254477402 22.804804910433354 22.809276194730025 22.815242592591815 22.81548649482509 22.79881115050992 22.75381538502047 22.67440058392281 22.56397503953654
23.21175352367154 23.190129755712444 23.17088439377073 23.15931098137411 23.163341733360678 23.193736695968546 23.263720256891293 23.38731898567929 23.57453080035932 23.821188360366833 24.09723698209971 24.35019906103357 24.53513813131085 24.642749670529984 24.692772867777848 24.709083871779157 24.704579099588283 24.679308043973133 24.62474610139763 24.530343515682336 24.39222739605296 24.220118200019936 24.03389839083596 23.851618646850646 23.682270448278437 23.52792837962943 23.38867414568253 23.26511433871486 23.158199549208025 23.06803834584178 22.99342281585607 22.933012984279344 22.887144107115933 22.857069799844556 22.841920223868716 22.838321839277786 22.841839058944192 22.846242053739473 22.84196045030154 22.81692503331361 22.76017511146477 22.66652721376649 22.540402539351668
23.188258689259623 23.15318323259542 23.115773266337595 23.08128763661016 23.05868441544119 23.06110071454485 23.10588785975518 23.213911615211853 23.405722578816476 23.688338631004537 24.030051338666784 24.35103253500656 24.574005686224506 24.68677429031161 24.72822769083935 24.738132696199376 24.734483239667405 24.715473093404867 24.669119672743495 24.582203712227695 24.45045391969997 24.286516335163427 24.113469805259758 23.94861637617849 23.797067738969496 23.657192979267478 23.527007355664747 23.406480766903158 23.296884213590577 23.199414525942547 23.11461710057557 23.043009108594816 22.985972055243764 22.945234369570546 22.92089699748967 22.91015741637649 22.907330589818663 22.903913058314277 22.888884945984884 22.850245654383276 22.777764544142045 22.666630191589825 22.521478340032747
23.17515656182505 23.126474141555157 23.068665798281856 23.006183541156425 22.94866854458823 22.911599097543963 22.916087186913785 22.988968812505526 23.16236053507058 23.463409251820657 23.87565131208915 24.2926625643727 24.57893561608737 24.70679314498173 24.742076267148192 24.746643514146864 24.744692842732867 24.730776242033482 24.68951944980361 24.60671660654564 24.480173249982034 24.327381962442832 24.17351741627066 24.031920830304994 23.901932542257516 23.778492047066727 23.658896491168576 23.54400142304202 23.436528131913597 23.338998673552144 23.25285194710996 23.17893558541726 23.11831759113036 23.072155251154605 23.04039766470928 23.02035048251685 23.00609655534683 22.98886423876706 22.958008750988945 22.902299457748757 22.811703807210254 22.680656199983652 22.51313213422132
23.177445016493007 23.11701402920769 23.038318539198347 22.94363111927267 22.84295572269858 22.75501707211324 22.70512491716471 22.723706480899825 22.849367160016513 23.129902324784812 23.588645052275886 24.125985936208302 24.52443130715675 24.69939625715076 24.742871882527208 24.74705091103353 24.745471570168654 24.731368664757007 24.68859000468768 24.604861286936682 24.483669671113375 24.34828996721486 24.221593781320394 24.108095393701237 24.000237578223036 23.890691984569063 23.77757482481075 23.66419484434335 23.556255874398072 23.45858719741307 23.373584432982742 23.301900194135257 23.243682689689074 23.198709488684287 23.165458106446874 23.140193093822063 23.116821847964278 23.087375243787324 23.042498039789578 22.971740609501676 22.86452187950586 22.713545364115344 22.521535217221572
23.199436061727145 23.132182174920505 23.035335321841387 22.90616977157576 22.75420873404978 22.604478136333537 22.490363453620077 22.444930373822956 22.50414513254691 22.720319338756266 23.156952262327383 23.78524853048696 24.349717173009825 24.63727399725001 24.724264435120986 24.740005958112718 24.73615105454927 24.714457192899168 24.66334814203143 24.576898194808035 24.46783451104832 24.361758790544645 24.270843235228117 24.187361647720376 24.098628022390354 23.997155470930572 23.882851650355498 23.76236217646964 23.645883246937807 23.541772135318972 23.45355430562198 23.381697738915246 23.32614412479927 23.28605700633831 23.258142078340526 23.236315982279713 23.213046260971396 23.18050717793379 23.130282169041642 23.052271467646563 22.934702691980334 22.767707511052592 22.552079154429013
23.242737779792314 23.177559806584647 23.07099498312464 22.909673426346597 22.698708620685533 22.475242812190356 22.291470915168528 22.18622394450212 22.185962789297054 22.32891831159654 22.68168092010571 23.286536713319943 23.979274095061275 24.444052441537853 24.634849196703797 24.689180968931062 24.691266476361143 24.66324425405652 24.60658561205794 24.528149730489904 24.44920905432895 24.386935899587456 24.335747734752392 24.27872361751728 24.202943368580332 24.10278727985368 23.979366602242706 23.8421469509183 23.707726167645987 23.58984037233717 23.492309022896997 23.414797242612064 23.359047460144605 23.325763829069185 23.30928483328557 23.298794722922068 23.283864268891914 23.256791224528143 23.210373944382045 23.1347427329229 23.01632660473123 22.84154702765954 22.60777797753147
23.303268925498863 23.25214822106342 23.15257307122652 22.972478831329568 22.69909787964534 22.38679497985605 22.128648292151578 21.97599022665058 21.939862484626392 22.040389395693637 22.329570516937483 22.83989488097429 23.497579550607327 24.073830302198942 24.403666490515953 24.539153226796437 24.575554869244254 24.562379507004195 24.52314078835487 24.480214669933634 24.453373864066492 24.441000837569334 24.423874297920705 24.384309448359943 24.313694875429555 24.20992787028394 24.073063291789126 23.911625458388485 23.75165259467133 23.616308204983497 23.505039263002626 23.413687575689014 23.35213340804444 23.328474861192372 23.331127742870507 23.33762776677697 23.333543628137573 23.31416066803366 23.275800884893158 23.209567705989407 23.099842984737197 22.92833394421915 22.686934630336303
23.369274842686256 23.341828164745916 23.27115346460963 23.10543592568758 22.786529243610108 22.37110888820562 22.02910365031953 21.837466451740013 21.784473264115274 21.874294486815305 22.180182720943165 22.659773265957277 23.19227383032268 23.698166244951558 24.079089611399418 24.297289543794417 24.397062907424893 24.433079107788053 24.446211092859933 24.465072492994366 24.496698988607218 24.525436962151428 24.53069408942398 24.497958036987146 24.42311018530179 24.312955648230062 24.166745691518138 23.97976822481136 23.79109611136896 23.644986792198264 23.519400572204738 23.39505936036387 23.312488984928045 23.305406502422027 23.342038400276753 23.369117226289003 23.371207782741116 23.354614537985242 23.32292555993524 23.26880173433833 23.174433724708 23.016808732787588 22.781263905060033
23.424852402674723 23.42001577585678 23.389025191108203 23.280903490300737 22.982159370275888 22.482761644735863 22.04675914922197 21.80049819707763 21.731028537151055 21.853148552520338 22.32098804278479 22.83931412189555 23.219486700861285 23.54495169489089 23.843080706420906 24.07557532710358 24.22941233497262 24.330198789649156 24.411748131789572 24.492824661746074 24.568850426873706 24.624390204741616 24.64478420472287 24.61269738345035 24.517169230111598 24.391322034144814 24.253128006525298 24.053628409928606 23.84044133017602 23.716118688282503 23.59097649412374 23.37972518230299 23.23293472341703 23.262324132899693 23.362438922900978 23.407069828722463 23.40278255242444 23.378675260436733 23.349724947071696 23.307845343475712 23.231659767625484 23.09469687608438 22.877046882242613
23.459787188145327 23.465962459013262 23.461124122119607 23.418483592194033 23.227792979215707 22.76665273808049 22.309997425778143 22.030000457415746 21.974214879377136 22.47714724560895 23.165374410834726 23.419862838092413 23.514617588521755 23.61921364514366 23.776113746639737 23.959188719436835 24.131269008738595 24.28223689950038 24.41884807392393 24.54187025320461 24.643087124160367 24.71562002543234 24.753453679941 24.732736675737417 24.587970245876907 24.406765501334718 24.307651725322987 24.133503424589907 23.904465536651998 23.869106354906044 23.83520154156628 23.40596644192633 23.089604782301944 23.206182795330246 23.405843833096053 23.452142234192692 23.427479194547555 23.380615075522147 23.35497166368795 23.32659583113746 23.268391662352677 23.153507351893666 22.960249403169563
