src/interpolation/Data/testdata/xz138-slice.grd
DSAA
151 21
0.0 150.0
20.56 27.810000000000013
20.070775573766728 24.838505409452875
[rows 0 to 19 of 21, columns 86 to 128 of 151]
21.30855498818569 21.30707936282128 21.306576375015737 21.30635305412221 21.3058543537934 21.30426270941703 21.300339475831343 21.292526114486474 21.279284862915993 21.25958039032047 21.23329891154641 21.201383823501004 21.165605781876 21.128092174923825 21.090847812899757 21.055442091264133 21.0229044397919 20.993771529610587 20.968203576085536 20.946107328958284 20.927234322996977 20.91124601373743 20.89774945136392 20.886311479082536 20.87645987493845 20.86767871578516 20.859403513453056 20.851019761401314 20.841866969727196 20.83124994071831 20.818460715164555 20.8028180597035 20.783734561702293 20.76082047881619 20.734023699539268 20.703783618697113 20.67114720981957 20.637773037616935 20.605757124476618 20.577270627410122 20.554090798501672 20.537183225182236 20.52649503582752
21.306586707242694 21.30592915778766 21.305793457898893 21.305743268279468 21.30537503714492 21.303865997600994 21.299827129084928 21.291450526242492 21.27694664396877 21.255164854943516 21.2261236964379 21.191143306100592 21.15248384595833 21.112699053981842 21.074041566458952 21.038134962149368 21.005923689492942 20.977792980283475 20.95374247372493 20.93354149103724 20.916838646228907 20.90322518968929 20.892262290947375 20.883484608641407 20.87639133594195 20.87043383379619 20.865006363057418 20.859443177189185 20.85302202500952 20.84497281321211 20.834492781862256 20.820776276670536 20.803075221620208 20.78080974370041 20.753739113585887 20.722174679842183 20.68717121936889 20.65059159760235 20.614939126362394 20.58292299483414 20.55685139612646 20.538063170463772 20.526622324144295
21.305905813575027 21.30564096967456 21.30561769391374 21.305583034637046 21.305182844771807 21.303498830460956 21.29893309047326 21.289403558874987 21.272890643426482 21.248213808466474 21.21566664172517 21.177098050614063 21.135352368801545 21.09341072821149 21.05369728302945 21.017782417459657 20.98642870423581 20.959803827028896 20.93771336240612 20.919781081721606 20.905560756834404 20.89458980111779 20.886402038710656 20.88051596753778 20.87641242628315 20.87351328885433 20.871169623128484 20.86866228276699 20.86521111101407 20.859984997547237 20.85210865950806 20.84067415210802 20.82478105221557 20.80363988797274 20.776766703209475 20.74426072927186 20.707091117030707 20.66725019674612 20.62761705591226 20.59146384221716 20.561708992061256 20.54018035203904 20.52718207150606
21.305745935812503 21.305608547705322 21.305597887120403 21.305513920434244 21.304912056518354 21.30269251293255 21.297006621199454 21.2855042703239 21.26601116759718 21.23747260240335 21.20065972391773 21.15811750285269 21.113329069339315 21.06963275246657 21.029482605850088 20.99425122547699 20.9644137580763 20.93986331374889 20.920193762110745 20.904891249342196 20.893436573277484 20.885340875064696 20.880137741127513 20.87735067970328 20.876452511375344 20.876832664645757 20.877785654107456 20.878524656353708 20.878209339105222 20.87596674640899 20.870889316217646 20.862016321153533 20.848333859125063 20.828849594738653 20.802796322313974 20.769974740709273 20.731152754647574 20.688333032365477 20.644671901126163 20.603949340084135 20.569706870020266 20.544355416450674 20.528598927182152
21.305632449951844 21.305560077261163 21.305513512149755 21.305229178788622 21.304074896306453 21.300712190295645 21.29302519762629 21.2784464244018 21.254793043004035 21.221369751317372 21.179669422128903 21.133071419375803 21.085664143676983 21.04097544400511 21.00128463400568 20.967603665512488 20.940026717291772 20.918138701744176 20.901326910786143 20.88896574086125 20.880498513680752 20.875448928402474 20.873387394051445 20.87387090590948 20.87637540827777 20.880245109131668 20.884684267978624 20.888800807599534 20.891678000275604 20.892424717974073 20.890164655484117 20.883969315000183 20.87278972259763 20.855473907056528 20.83095885091007 20.798674360452356 20.75906887358711 20.714009540667814 20.666766689938395 20.621465994763696 20.58216280895486 20.551858231774 20.531793351242086
21.304628965890156 21.304867612109923 21.304730313339935 21.303910965785086 21.301588281549005 21.29617673439718 21.285322039360064 21.266354540462583 21.2373104831183 21.19814939943605 21.15132097207442 21.10108299823604 21.051965193166403 21.00741999319594 20.96931439078499 20.938153750418305 20.913594385564384 20.894913973500334 20.881322558608396 20.87212321428239 20.866766799154192 20.86483783746793 20.86599271085449 20.8698632222078 20.87594537559308 20.88351364200881 20.89161567302777 20.899175933253744 20.90516025279316 20.908689032605412 20.909012608420028 20.905361877818198 20.896772827989995 20.88201531660541 20.859752257142613 20.82899977751962 20.789792928806683 20.74372818263947 20.693997509629373 20.64481342681832 20.600480161228788 20.564436959611378 20.538493404070316
21.299541270898164 21.301062571616143 21.301060266136144 21.299399305914843 21.295204643556605 21.28672752345169 21.271482233744994 21.246894330133188 21.211518069253675 21.166275870449763 21.11472522579217 21.06189486398673 21.012458302966316 20.969474530014292 20.93418375528561 20.90649627906431 20.885628835097958 20.8705895329661 20.860457891829718 20.854510532266577 20.852251059150284 20.853377585535583 20.857696312040687 20.86497907043658 20.874778948766238 20.886269163476573 20.898226300838708 20.909245335014404 20.918094197799572 20.92394911827102 20.926329644891936 20.924797616543593 20.918623268363604 20.906603721231683 20.887179509892096 20.858949520253688 20.821490792316403 20.776047929082473 20.72557280962396 20.674070336631353 20.62570483461563 20.584017313470497 20.55125160259889
21.282893028889884 21.28829392682716 21.289767237407627 21.28767931519609 21.28140421449712 21.269252592615793 21.248826035787904 21.21793278206544 21.175985950257864 21.12512885726663 21.07003558278733 21.01624213779083 20.968191838729542 20.928258012405447 20.896921954548617 20.8734948894425 20.856810703649543 20.84567338103388 20.839081804469746 20.83631919972805 20.836971804078022 20.840897968336968 20.848132493794317 20.858693194343125 20.87227829538314 20.887944476706792 20.904020445767724 20.91851359537777 20.929851530190028 20.93734603280776 20.941000424390793 20.940915477481088 20.93673983025536 20.92739357522326 20.91116260299649 20.88627139808409 20.851862917128454 20.80882946944074 20.75979474111006 20.70830266959769 20.657970513137464 20.611999444667305 20.57277042874077
21.244326561922577 21.25817206032273 21.26444964952901 21.263971814216834 21.25666453556614 21.24124280296498 21.215747906095103 21.178756828501115 21.130902196679475 21.0757215673851 21.018871283908812 20.966034721847162 20.921066018455107 20.88545830324223 20.85891457103274 20.840227426235 20.827950998929637 20.82076393722508 20.817621650036177 20.81781595770929 20.821008290809342 20.827237665007743 20.836851659557244 20.850276035433215 20.867545642578005 20.887667578617968 20.90829039197349 20.926391579492844 20.939805931699325 20.94812706454692 20.952160049755044 20.95276485652346 20.95005268273383 20.9431078823804 20.930132778524257 20.909083673633447 20.878784187527533 20.839853538503974 20.794551377333477 20.745762291959227 20.696237418351853 20.648467096550334 20.604631658532334
21.180494811110375 21.206661350921102 21.22193725878957 21.226386479226083 21.22026486408042 21.20293418195238 21.173289114409954 21.131132201532708 21.078671575886364 21.020918426573235 20.964270010668393 20.914176360308076 20.873625594297184 20.843157738568806 20.82177838898544 20.807903034326287 20.79993860182955 20.796522436147047 20.79658341656138 20.799376706790127 20.804567450740677 20.812337855706502 20.823408590714642 20.83882208974678 20.85930072061806 20.884092743626965 20.909973471853515 20.93216458346874 20.94741933319235 20.955838623895744 20.95947780576458 20.96015521392413 20.958418819161963 20.953473531579558 20.943516249025155 20.9264397398707 20.900987050529764 20.86763602005971 20.828198876266956 20.784664068587485 20.738692592982314 20.691908708706926 20.646145519096653
21.10459450107347 21.14201702415738 21.167757290929313 21.179316403562556 21.176218225342854 21.158248564927376 21.12540497365005 21.07911598950681 21.02344092748631 20.964820303577792 20.910065285660956 20.864033025861403 20.828666203578774 20.803576076884053 20.78721017517399 20.777776370245693 20.773685493216476 20.7736321422438 20.776528741298502 20.781497842637215 20.78804636644659 20.79636675095651 20.80754235138739 20.823421733020364 20.845902705309506 20.8751842884314 20.90735501771381 20.934847209774933 20.95228946417832 20.960487204376754 20.963332384454993 20.96377820116982 20.962681983432187 20.959259379505273 20.951822560275563 20.93854718574339 20.918479530095897 20.892070097554292 20.860401424305476 20.824158865141357 20.78370441496237 20.73983618954343 20.694203862446006
21.03677079829813 21.08012190429147 21.113633573673145 21.13153301581687 21.131462668725483 21.113020620820855 21.07727785414314 21.027511798188904 20.969738074341436 20.91161876334892 20.85997826979272 20.818764565525036 20.78878332237366 20.768796932119336 20.756842349610675 20.75107991981562 20.75008473197236 20.752747793758424 20.7580143859507 20.764752441155846 20.77203871676707 20.779816972671505 20.789427193783794 20.803590678543816 20.825765970805303 20.858199199974056 20.897567013560494 20.932720654383967 20.953983276520155 20.9625230083336 20.96474181888994 20.96497113087509 20.964276168673305 20.96182488844347 20.956286934255857 20.94662366549271 20.932644308555044 20.91469254930824 20.89250896494425 20.86490839466863 20.83073770602075 20.790041563048174 20.74459637806327
20.987915151803183 21.032097120123453 21.06912568753945 21.090602885526895 21.09194667263254 21.072117767487672 21.03314246128391 20.98020829243835 20.921191430637766 20.86460658610293 20.816861942545238 20.780761733434144 20.755969688254222 20.740502306766846 20.73209590165554 20.72896622975004 20.729989878493438 20.73445080413662 20.74149712118381 20.749674803154186 20.75724259393793 20.763483403819944 20.769856239556155 20.779921938252244 20.798598074097644 20.83080990737904 20.876438196446074 20.92233361431768 20.95123069870827 20.962289469381684 20.96484025068457 20.965070285339493 20.96445983027647 20.96241370067563 20.958392037247673 20.95271497888699 20.94620146011923 20.938510432656184 20.927207762183457 20.908859275625595 20.88065949844248 20.84174974846263 20.79414396335747
20.95827269652108 21.000635979081164 21.03786618622197 21.059972803802584 21.060580980493594 21.038040070034775 20.995331382656758 20.939506410322153 20.880015416293393 20.825749239527237 20.782324569234365 20.751302401834568 20.731296057575772 20.719689859123534 20.71396696061589 20.712395516705378 20.714189246645347 20.719225238393147 20.727226778949507 20.73659041728256 20.744288093673255 20.748286948086676 20.750140333507474 20.75444911225367 20.76708035912449 20.794592872304943 20.84141785021856 20.89821977421171 20.94019307635375 20.958356136494185 20.963387635726 20.964172497856833 20.963491033562253 20.96175884859684 20.959850788418986 20.95981299033881 20.962917482909987 20.966987330073934 20.967136679520465 20.958105151418923 20.9353169625533 20.896152124686743 20.842277947970267
20.9441066486836 20.983982933199464 21.01946148957262 21.039841922179075 21.037743935503208 21.011316242548084 20.964610878901542 20.90636851168614 20.847153990227284 20.79573545106597 20.75670213453455 20.73044029848978 20.71470274925527 20.706373301397583 20.70268662990975 20.701855761340106 20.703272910127648 20.707417418509703 20.715132194183116 20.72541302754456 20.733581937652993 20.735098400353934 20.731740062682924 20.7300150131804 20.736521783429602 20.75767642487516 20.799576442717875 20.859632308685242 20.91520014140869 20.945975934043226 20.957324917851082 20.960435612444588 20.960725255323307 20.96069963372276 20.963272219679165 20.971694455593823 20.98593957144911 21.001398272459596 21.01230439315645 21.012997002240684 20.996621690544384 20.956440593453873 20.89154696787414
20.942187408036986 20.979679887735124 21.012177030073826 21.028985446153673 21.02258617046885 20.991493856805818 20.940923978198512 20.880945400025677 20.822652159805713 20.774262354682577 20.73928409470951 20.717146695962587 20.705005647632873 20.69940198209201 20.697340595342475 20.69687950835939 20.69725386371175 20.69901239555067 20.70458170539112 20.715339536155124 20.725242600040417 20.72486745915931 20.71615155880208 20.70926205078057 20.711514873342626 20.728973569736965 20.767145044737426 20.822946052605978 20.88117089218311 20.922628394451888 20.943445722412573 20.952154101064433 20.956415028445353 20.961462109253088 20.971994722493093 20.99044116527851 21.013910627429407 21.03728024829236 21.05734000760148 21.07004332670234 21.065310776159507 21.027690280483622 20.94788404022611
20.951076288289652 20.98597933775342 21.01427558531929 21.025895365740503 21.013970273459886 20.977879831083058 20.92393001356554 20.862967658695293 20.805999924829063 20.76040887150768 20.728728411176174 20.70972978106585 20.700257331441673 20.69667946093392 20.695824397383895 20.695667379204963 20.695024681436326 20.69288228501457 20.69362603947668 20.7042422288301 20.718925983839572 20.71921209561356 20.70546636923474 20.694970823801953 20.6948130757508 20.711753583382375 20.755309188876065 20.81048867869119 20.860911776282457 20.900457569121986 20.926505921508433 20.94207270835524 20.953457379431565 20.966907927767995 20.986758385017634 21.01233596755267 21.03881136678332 21.064067580074443 21.090952457152078 21.1204868102146 21.13945031525135 21.11637765266051 21.02158487653382
20.970671935319746 21.001792671864717 21.024287448351956 21.02920403772944 21.01089843006776 20.969874373032884 20.913232573752115 20.851946493579284 20.796403496566025 20.75302389061929 20.723566007336704 20.70644080632637 20.69844538067996 20.695959557329626 20.695692777867755 20.695684947337757 20.694075847209444 20.68456927539647 20.677869004891363 20.688409015265105 20.712874353794096 20.72135440217297 20.70363216743044 20.68978696259225 20.688966780683934 20.711153128537532 20.777537623572954 20.83452579744457 20.87010788010698 20.89618227334333 20.91796521202289 20.93668640636817 20.955073701495575 20.976915991048372 21.003156457434834 21.029518176319698 21.05134152496027 21.070814202392253 21.098951203923473 21.150437846302733 21.214219548975596 21.22812434210057 21.12730473986378
21.00099189939803 21.02608264257481 21.04085191895704 21.03775274587323 21.012618274518246 20.967028055383327 20.908416607120856 20.847271099181995 20.79298999126844 20.751037218126214 20.722611304823996 20.705997427006082 20.698152204879065 20.695713731734696 20.6955293850833 20.69525412717552 20.687797176277872 20.664231744362997 20.65690919203304 20.667703167036663 20.70304310420084 20.736123321211778 20.725695121697132 20.702210062194634 20.705664532047297 20.793685135959695 20.87411309078181 20.89759649940014 20.90412168092835 20.910370533394296 20.921653010825008 20.93858803750414 20.960920507460212 20.988000298879875 21.0159174809253 21.037735155717517 21.04950295296958 21.05530012508154 21.071730513199334 21.142283130568178 21.2885530652798 21.359722394131534 21.270169491701488
21.040958713964667 21.057313371719744 21.06254654345025 21.050555095414293 21.01857756280498 20.968976577851762 20.909026746476236 20.8482715889928 20.794934997099404 20.753609748279906 20.725117808886004 20.707753842308772 20.69868887588819 20.694840294519906 20.69296332116258 20.687143411797297 20.663040890991574 20.646609611696363 20.64557062552559 20.652695377025072 20.689764085448438 20.761290131707888 20.806547304930284 20.85722614055924 20.971012692129985 21.01241181625163 20.99331223334558 20.965062925026572 20.943187133948072 20.931661714236093 20.932197525125282 20.945007242331904 20.968195314121985 20.99706739071869 21.02361410366285 21.039509069496756 21.041040855853442 21.0312986285055 21.02418072160963 21.083324866870655 21.37569980181005 21.471983177881132 21.401707884320814
