src/interpolation/Data/testdata/xz138-slice.grd
DSAA
151 21
0.0 150.0
20.56 27.810000000000013
20.070775573766728 24.838505409452875
[rows 0 to 19 of 21, columns 43 to 85 of 151]
22.558769473366166 22.486371706277197 22.413479094085933 22.344174510407317 22.281202113859482 22.22583065901951 22.178106685724376 22.137276015884776 22.102218270409715 22.071822535351647 22.045278665442932 22.022262683116214 22.002973466683873 21.987960897868106 21.977712704650195 21.972066571189302 21.969649060953365 21.967590351930063 21.961650001168216 21.94693658094672 21.92139266219243 21.910406671485067 22.11989155294496 22.24092368846361 22.206638747028876 22.153955219612765 22.09798025395771 22.04440600186161 21.995245306998736 21.949191203155095 21.903597297232412 21.855798921389663 21.803610878946802 21.74555592407336 21.681186729939395 21.61160877024344 21.540025352124403 21.471740372775514 21.412901978407888 21.368080898358233 21.338279889585763 21.32105067599768 21.312374469046567
22.561190204145603 22.484588782618655 22.40799893611565 22.336236226725457 22.27233528632996 22.21746253491615 22.171302241526796 22.13260705111647 22.09972831762782 22.071062655700075 22.045407663926365 22.022216648081372 22.001703725163928 21.98471200837034 21.972273327865647 21.964909733818565 21.961925290962718 21.96104998870977 21.958701195935422 21.951234025794697 21.939876751829537 21.954679684164244 22.096900920447258 22.19454979679417 22.17138698047334 22.11430341111708 22.054211408639475 22.00231627237073 21.95817980731076 21.917596476441748 21.876569728514003 21.832119797962925 21.782177178628384 21.725517832465798 21.661988139365853 21.593007270212382 21.52211528772723 21.454979084643163 21.39806502571674 21.356001290406827 21.329412389991052 21.315212503718236 21.30888572932897
22.560052775907067 22.47866605836061 22.398159682381028 22.324154037543007 22.25993863091615 22.20648457563833 22.16300230423257 22.127635159267587 22.098084724754354 22.07212548505404 22.048028238185363 22.024898388491437 22.0028770331727 21.983084468535615 21.9671809348062 21.95656804152291 21.951539982547857 21.950907535939283 21.95254738117653 21.955226449661318 21.962827562467574 21.991779346461126 22.053739826111176 22.088492484499483 22.05976291193761 22.008835832338278 21.966314237474332 21.934108445497355 21.905924315421814 21.876652263172357 21.84318452101753 21.80364886867656 21.756883690386637 21.702370707756533 21.640543732380184 21.57331652013065 21.504566541467963 21.440070119547578 21.38619805971454 21.34734109548207 21.323762035352637 21.31198763065899 21.307297283629687
22.554538193420555 22.46771100161812 22.383108408848276 22.307198244165708 22.243463795174307 22.192576902261745 22.15315950646397 22.122622649029537 22.097879709776254 22.075927203814423 22.05434131823701 22.031713919245394 22.00797867827725 21.984468098957368 21.963489856986175 21.947383104845997 21.937411551097995 21.933145325747958 21.932823280039283 21.93455775893077 21.937173338776788 21.9371652620539 21.920709130581585 21.88214162536694 21.85306005185113 21.847733988057804 21.852128969650142 21.853767977290502 21.847388536870984 21.83161207374465 21.80641028929248 21.77196812895971 21.728422038133814 21.676144700210475 21.616314943831654 21.551502827010232 21.48598659668311 21.42546781705407 21.375795635559975 21.34073230111032 21.320112725478857 21.310306749039956 21.306688635294147
22.543756976658507 22.450801215191916 22.361989329455234 22.284644390332197 22.222371258590066 22.17544812577589 22.141803524752305 22.11798281677638 22.09993908127698 22.08369322558745 22.065922446597416 22.044504093683557 22.018991639397086 21.99084282517938 21.963044482453117 21.938945577921185 21.920700195525324 21.908113638349047 21.89831421229959 21.88575824114544 21.861577435771718 21.81568156660088 21.75732919227332 21.722958592296557 21.720557645346993 21.738874054509353 21.76579875079719 21.787066974550406 21.79499793914691 21.78858208986545 21.76927660933594 21.738535303052828 21.69731313658969 21.64660451462491 21.58828185371362 21.525703284004404 21.46373112724273 21.408029958099632 21.363691503052618 21.333446524397996 21.31641712779358 21.308799577994975 21.306223739334868
22.52688116311261 22.427096404250133 22.334003469614913 22.255767774754013 22.19606722446341 22.154739122511266 22.128944351104973 22.114203062699797 22.105253698893794 22.09686229661791 22.08457225033054 22.065342384817612 22.038145196822846 22.00445619231084 21.96806505747666 21.93364232816193 21.90453071064713 21.880997118668287 21.859545247064563 21.83314561231267 21.79388822762598 21.74418497302754 21.707373006634203 21.6961132624658 21.69666098889907 21.706288165936883 21.72600602195273 21.745611527658617 21.754887262701825 21.750532953642807 21.73319599922827 21.704000439648535 21.663663013242537 21.613198672610903 21.55498138748155 21.49329796640735 21.433922504152722 21.38281178184952 21.344454305420534 21.32040392494681 21.308649150136294 21.30473320456219 21.30426365688052
22.503393450321955 22.39600504479548 22.298460761797543 22.21977312511092 22.163720275597868 22.129761970640278 22.114296873353712 22.111603709897437 22.11474273434483 22.11675747054698 22.111834941026967 22.09594345812369 22.067287998174972 22.027136090944953 21.980238543138356 21.93324752580703 21.891505110568577 21.856634922089395 21.826139321463376 21.794685077200633 21.758318013749427 21.722627619738056 21.701143477136817 21.69523141300267 21.695512070399626 21.70052496533992 21.710959903616775 21.72083736142263 21.72331655784738 21.715630098113163 21.697355681991684 21.668084751208028 21.62723567395947 21.57521802103388 21.51475164735262 21.451294229892092 21.391990873516306 21.343592661061585 21.310468718136228 21.29336992573741 21.289115442919687 21.291902007491693 21.296309431023584
22.473440124002938 22.357385899976467 22.254818643822855 22.175657749934924 22.12392471299666 22.098979659917557 22.096693419695544 22.109824034667017 22.12877145420406 22.143900583577214 22.147969148135687 22.136431630240896 22.106728298947235 22.059305781593018 21.999723937418405 21.937567572047726 21.88142248102039 21.835113045326388 21.797876878018023 21.766522852842836 21.738531660035754 21.715618792868085 21.702041458705825 21.69718461101991 21.69670210319248 21.698026593069034 21.699067995772108 21.6971986400751 21.690839301948913 21.67897377477151 21.659713546596393 21.630225592693307 21.58790547016949 21.532184786053683 21.466212290560275 21.39711821615225 21.334031766788645 21.284921476349183 21.254359164960302 21.242855543643298 21.246848045246296 21.25939092431132 21.272936279930693
22.43820571537518 22.31177217834754 22.202782928653622 22.12214438936975 22.074322072126932 22.05919218806792 22.0729886569288 22.106865050594514 22.14639269863432 22.176966947473375 22.19034340907556 22.18344403834634 22.153532816901677 22.098790390293686 22.024399503561764 21.943938977235327 21.870972359699607 21.812045799693397 21.76767153226378 21.7357495429711 21.71374199147003 21.699904630758283 21.69281284420326 21.68949799603007 21.68600541837358 21.679353279272455 21.669161473419727 21.657900537334143 21.647395402013753 21.635942136984756 21.61891247351053 21.590625190985932 21.546288712200138 21.484374500693065 21.40895456952034 21.329841356331894 21.259046928680803 21.20589217218488 21.174694891611782 21.165499565047188 21.175153213002623 21.197239202041875 21.222873905002718
22.400189450114397 22.26066645247745 22.142701282746525 22.058113384919963 22.011736263619145 22.004780755043864 22.036240435254022 22.097269198676162 22.164307304614354 22.211765893035004 22.23211818619135 22.228776748568926 22.20023980276004 22.139817777619157 22.049420944373498 21.947563087737475 21.855051170216928 21.781414716390323 21.727616937365084 21.69150976558301 21.669261742364483 21.65596216262753 21.647077963869634 21.638574060073978 21.62689000251449 21.61185121571377 21.598063932293787 21.590154743541657 21.587703352397416 21.585457990105418 21.575875778795567 21.55099050851516 21.504177633794406 21.433275603752897 21.344323805929907 21.251644750862365 21.171398992464418 21.113829862542794 21.081463678602137 21.07247392565336 21.08373056538357 21.110752801826454 21.146131948481102
22.36331838160163 22.206996355977545 22.076533535616072 21.984232354057166 21.934253893795812 21.928902764668276 21.973795016088523 22.06825031997856 22.17508863944233 22.241210818637143 22.263643112449284 22.261806082207357 22.236614832403895 22.173376079634295 22.067233473272935 21.9425072602237 21.82894166268709 21.738516545792706 21.672760667241164 21.630340403974014 21.605468150506738 21.586598386768728 21.562697688068493 21.53201572111517 21.502349592613587 21.484209240858835 21.483096072128692 21.496243206249602 21.51548924420996 21.53122340296869 21.533968215248464 21.514417163546614 21.46449377400985 21.381803889355417 21.276044397203247 21.168824239471245 21.081608901731652 21.023856765631766 20.993771862764824 20.986027640138193 20.996739125205902 21.023415869471798 21.0619660304288
22.33291670522582 22.15565824193782 22.00921349810814 21.905801944835588 21.846709877319014 21.831738300758392 21.87216393124719 21.993142600506175 22.161598136117306 22.25698158682652 22.278687646009395 22.277116183225623 22.255343921048116 22.189534944839327 22.068647859863677 21.924125170402572 21.791585756673744 21.6825941736342 21.601781808946956 21.55348601247395 21.532205592942006 21.514702212232894 21.47220412835648 21.4051803411089 21.34806124489542 21.32904895832028 21.349106478276976 21.392676162379427 21.441224747203158 21.47995279499969 21.497779603218028 21.48456095328801 21.430824517223616 21.33421552830995 21.210280895699878 21.091096147435135 21.003270289143167 20.952023967529875 20.928669819348247 20.923941201699762 20.93347694367422 20.95665767994789 20.992666145977523
22.31550379272424 22.11370003578927 21.949130527591162 21.834062329750214 21.765299154688353 21.73533613625502 21.747997861443164 21.846456746045156 22.07944382502437 22.246498014105356 22.279176640625757 22.27775113264795 22.253413634563426 22.178833520272057 22.046587290215076 21.894450036539105 21.75031940748913 21.620367705675736 21.518779219044422 21.464128090014547 21.45571293303619 21.45610348641217 21.39697062262864 21.280197478217406 21.195292906164322 21.180923091034643 21.223258238932413 21.297869834655742 21.376828240550918 21.43901687087556 21.47183005598185 21.464756392911085 21.40684964388533 21.295750853172873 21.154722058454645 21.028468624070587 20.94663486238024 20.906501205080254 20.891608969336477 20.889822232558796 20.89739886403963 20.9157748415719 20.946662100648066
22.31821342037259 22.089618455708766 21.906312496567246 21.781809080846433 21.708970977026304 21.67328679549818 21.6650418202745 21.70105581152597 21.887575019595875 22.16152754322797 22.25080827340249 22.25532365697188 22.220254107559786 22.133127199803003 22.005197829227647 21.86804049871535 21.724060114825143 21.57074642416868 21.441050379767614 21.37810793517057 21.384332581559427 21.419475136403307 21.347625911550626 21.169156548142276 21.076240388852177 21.07375119892507 21.12960768906468 21.229046264170737 21.334257079898915 21.41558722024076 21.459928358444852 21.45745754932699 21.395819089418527 21.271987923057104 21.11682622662533 20.987356137561274 20.91387535570312 20.884649845150893 20.876755268175973 20.876472551698825 20.881431218470247 20.89516317946249 20.92100770608512
22.34748126303027 22.091855066464518 21.889449877101026 21.756565626459768 21.68327882389159 21.65042521337692 21.640997436386602 21.649724058548063 21.736674999843046 21.979552341807707 22.145284052033816 22.17767961049775 22.141323055179818 22.06135857054218 21.96666145896586 21.866457234215513 21.73857407975499 21.56805489749544 21.404474330121545 21.33089063892146 21.34482628718843 21.422944551329493 21.347157245015026 21.109061403056476 21.030439206756398 21.03307862902563 21.087603073015188 21.203915408156767 21.32549193108596 21.415740129260247 21.464507795024286 21.463803147153516 21.39994110319739 21.26782578596003 21.102344163291757 20.96958614826866 20.900636468708218 20.877623528972023 20.87358743346605 20.873609397418182 20.87648583740874 20.887301484952673 20.90994056959128
22.406661521381082 22.12690734129116 21.90472189352502 21.76066153230152 21.68326428804373 21.649927568555174 21.6406890354242 21.646794959258138 21.70067002598542 21.857439459456785 22.012242349858766 22.06537377740966 22.046409909157575 21.999570441138655 21.95154315860454 21.89711559719977 21.808170077145906 21.656478264355158 21.471506249517883 21.367977132590628 21.407177904326904 21.528012187433536 21.4217157761567 21.15173590602687 21.036051205178396 21.039464338959572 21.112033283538523 21.239742876267808 21.358077807364314 21.441239839852685 21.485225436480448 21.48305830656133 21.419539643560544 21.286064928636076 21.115042176893805 20.975612622032433 20.902686593864 20.878179026090844 20.873704541972096 20.873717318272384 20.876754583240086 20.88754869413059 20.909559726390874
22.492856363623503 22.19668529475359 21.95585833724175 21.79657046920586 21.70848129515244 21.66810724604639 21.65603131264589 21.66660831682612 21.719456060756837 21.832600041981376 21.944150560359514 21.989942027492656 21.984773676180684 21.965478964921665 21.951192307329958 21.938157551405457 21.904893792466595 21.826430968391467 21.71052176641553 21.653179147047847 21.70413817052502 21.71005959739907 21.4792949057269 21.164345025101976 21.120861303655428 21.148677273403962 21.231004255007342 21.335481120051316 21.423521760257014 21.48520764992484 21.51767523875438 21.512219713044978 21.45229849387455 21.325766453661476 21.15640007058989 21.008121531187374 20.922156600193773 20.887643303794157 20.878065295062378 20.877503472789048 20.88256177932977 20.895703199544673 20.919012366176084
22.59508697946687 22.295103847979682 22.041594278776053 21.866731977568307 21.764730036804558 21.714748576553745 21.699962366792732 21.716111016657393 21.77092864290851 21.85838643713805 21.93282613702709 21.960544265175997 21.954596029769547 21.940888075373053 21.937740859537836 21.954043189997165 21.972254463794684 21.964620833258852 21.92369760357832 21.826133858901027 21.735611542892247 21.74587367532535 21.505082352340796 21.051678114747713 21.06380249724024 21.233793865610366 21.366456885262874 21.439690160843092 21.493443314022176 21.533199046130434 21.554394399826627 21.546547368380445 21.493419197296202 21.381343184045082 21.223409352370293 21.070405647267876 20.96726848871053 20.916088475231515 20.896736634940407 20.893296020303772 20.899655398388063 20.91518774905701 20.93974734913012
22.69701339579951 22.40717922908798 22.151414803185382 21.96614331705766 21.852113483589324 21.793399567824693 21.77560402991037 21.792303359019847 21.839646189511505 21.900324802133046 21.942882208757634 21.951993846073414 21.936703867064065 21.912314811694834 21.898218329167875 21.928872207960886 21.996552427827417 22.019993644489542 22.030090496833132 22.006004538517384 21.866356662841408 21.971484689856908 21.943038562512164 21.2315182456185 21.20334856844695 21.3791942655233 21.45516850016883 21.502791442901096 21.542184004030922 21.57256219724238 21.588653484978025 21.581314972910747 21.537194906964686 21.44398370391396 21.306604185839568 21.1594713929392 21.043892114497655 20.97436141590865 20.941212087427832 20.93088596140122 20.93516668145661 20.95029659910692 20.973599115437015
22.783731620625506 22.514292549835076 22.266827733433427 22.07875078428157 21.95681073513512 21.890261500383012 21.866126614750012 21.874404782476685 21.904094500473853 21.937511065640322 21.955961695688508 21.952342097813666 21.929808642548775 21.894677350368777 21.869432317628913 21.89386573135098 22.013255077179167 21.995712333610967 22.02355058196291 22.114287425048843 22.275932189715803 22.49231736971188 22.490481211069298 21.994067532100008 21.43128299849083 21.392784611553555 21.45507877719397 21.517360620800698 21.56676510503635 21.60077311859054 21.618030930351168 21.613752909654824 21.579173042245703 21.50526406102806 21.392896277718787 21.26262013573165 21.146153177003214 21.06366596197905 21.016098432832745 20.995172832183325 20.9926791390715 21.002753785239182 21.02061216809142
