src/interpolation/Data/testdata/xz138-slice.grd
DSAA
151 21
0.0 150.0
20.56 27.810000000000013
20.070775573766728 24.838505409452875
[rows 0 to 19 of 21, columns 0 to 42 of 151]
23.390307223064866 23.41173031897818 23.4365352099116 23.464990920372845 23.49716950206513 23.532857597974502 23.571469666786488 23.611979753796874 23.652891454884834 23.692262582046613 23.727790277046015 23.75694622093669 23.7771374096539 23.785864996159635 23.780867014667304 23.760256070988618 23.722686726024083 23.667591889873226 23.595499150987397 23.50837427482434 23.4098591447112 23.305220958636923 23.20086573319921 23.103416655247415 23.018564912715416 22.950050125450158 22.899114549878753 22.864592288519887 22.843546710677867 22.83219848288096 22.82685706446722 22.82460245615479 22.823457045307347 22.822000813626307 22.81916896372837 22.814628186215273 22.80828683798849 22.799099598327413 22.784801460422436 22.762449844030886 22.729268982988714 22.683640362105727 22.62593953590423
23.387171093021447 23.40901453037401 23.435073300340967 23.465859605343194 23.501681206789378 23.54251575147901 23.58787766165535 23.6367027785138 23.687284223240635 23.737291681624576 23.783889546046755 23.823938444609766 23.854233004837344 23.871717041383853 23.873639568161316 23.857664793657875 23.822000782483983 23.765632796183223 23.68871372850397 23.59306755852253 23.482625775264395 23.36351251681563 23.24352336720637 23.130957650912155 23.033082249622396 22.954734314516553 22.897553415876985 22.860071236596703 22.8385348796258 22.8281067659905 22.824083493110866 22.822881101977195 22.82236309298215 22.82096491434741 22.81739847379506 22.81242118774448 22.807127328101803 22.800310776069164 22.788981534526627 22.769353928827513 22.737772789557024 22.69193329681809 22.63204070986045
23.379253813618096 23.400808124735004 23.427461350420284 23.460057594645022 23.499250185071897 23.545326406625545 23.598005293140933 23.656243995610478 23.718108796764756 23.780774061177343 23.840689510552522 23.893898159218534 23.936417145181828 23.964558600067523 23.975104094184278 23.965343755519537 23.933095669845603 23.876872366874007 23.796321176277747 23.692921540477478 23.570701796711894 23.43654687916674 23.29968296853735 23.170243669619786 23.057296338543235 22.967018517305405 22.90166629538802 22.85962853250677 22.836415934375765 22.82612397644125 22.822918386668825 22.8223589585262 22.822105072714642 22.819946161389968 22.813714525844826 22.80757105237124 22.80374086318593 22.79968995742059 22.79153094875417 22.77468190999821 22.74455799569672 22.69808910816472 22.635333627449135
23.366259078016505 23.386560493658518 23.41283929746783 23.44637939406843 23.488326365725346 23.53945029992661 23.599843771231466 23.668599529240716 23.743557719275522 23.8212451715723 23.897107745091425 23.96603138459834 24.022992789407645 24.063584677043238 24.0842215448575 24.08203012766031 24.05463603948857 24.000153878005186 23.91762893395492 23.807963409036194 23.675015383960595 23.52623256311358 23.372178341203938 23.224805151893175 23.09503058097564 22.99052044753151 22.914408328209408 22.86525654888808 22.83812377289073 22.826246646830914 22.822766403719807 22.822295591701582 22.82185282577058 22.81645385907976 22.80521436088645 22.800014732148362 22.79898398184833 22.79797370349492 22.79292651531075 22.77865696933374 22.7495742745815 22.701759423413243 22.63519266070407
23.348089632773736 23.36588008761525 23.39042846512721 23.423580701696615 23.467162007661017 23.52267124204532 23.590843412761494 23.671122531591923 23.761176257572007 23.856680815511044 23.951617421421524 24.039142930318604 24.112754743656467 24.167215010487052 24.198806438750122 24.20492139763139 24.183400199550906 24.13217544724349 24.049648936748625 23.935898859630733 23.794299572340663 23.63260342455216 23.462505741593766 23.29754062777654 23.150219188983204 23.029589407279346 22.93986097971504 22.880229507925527 22.845825570078006 22.82946662609374 22.823616324868997 22.82195652414899 22.818553170667755 22.804103570680002 22.794659081809574 22.793685408954122 22.795017190665895 22.796303010641218 22.79380366804871 22.7815612764411 22.75274997992357 22.702514216258106 22.630894732357504
23.324958765075632 23.33866221720019 23.359662727599954 23.39049060171433 23.433873061520785 23.492370488356997 23.567774935130096 23.660277075919197 23.767560257273672 23.884218474670092 24.002047435874495 24.111501351342465 24.203849767421215 24.272886107306828 24.31523843016471 24.329333174369854 24.313907507980772 24.267076034082613 24.186592189175943 24.071440413346558 23.924183840906128 23.752651973881264 23.569470582443486 23.389354326462776 23.225777634626674 23.088626340137676 22.98310891283519 22.909528448569628 22.86383953960225 22.83907724282847 22.827219367243977 22.82011734310355 22.808054850973644 22.794225439771445 22.79125217185552 22.791503574745615 22.79323872178358 22.79568550914329 22.794912734841116 22.78380700040456 22.754072317471604 22.69993147374021 22.621735807941036
23.297529895590003 23.305263579412692 23.320387189034847 23.3462098274442 23.386593561878247 23.445574666059255 23.526604789806353 23.631311554106812 23.757882958710965 23.899676297280504 24.045224783888788 24.180621456795375 24.293614516953305 24.37688171003487 24.428318043699793 24.448661171674928 24.4385292867385 24.396660331873555 24.32010746696141 24.206421376057225 24.057029677312432 23.879749878346157 23.688123231728284 23.497665248650637 23.321909345645704 23.170525711701185 23.04910095897371 22.95918864857498 22.898324943121192 22.86059907071807 22.83786694155595 22.820913787904086 22.80382104800001 22.793359166810326 22.791236411076575 22.791550037460038 22.79362197219101 22.7969962618931 22.79730481850141 22.786152613548975 22.753807599005906 22.69384599151333 22.607304983574632
23.26707694720259 23.266722665306304 23.27313551673551 23.290426742584295 23.323784700711393 23.37916963387122 23.462482833389725 23.577899752629815 23.72519679418409 23.896729275883864 24.076319061962053 24.242896666305462 24.378409786520415 24.474310499917948 24.531478504660743 24.554950145315196 24.54843419262212 24.511621018608135 24.440624770190112 24.33110272456303 24.183047899571402 24.00440348906952 23.809942338141582 23.615814782063424 23.43468709800079 23.27467265755435 23.14054177723272 23.03452256928759 22.955977509173252 22.900939561815154 22.86257281604773 22.83340773333528 22.810731750508506 22.79792872476203 22.793926833215263 22.794278237200707 22.797499127840954 22.802186441601375 22.80297739164735 22.79015039214663 22.752926875475687 22.68481424117757 22.58793778748262
23.23564633500266 23.225010336108323 23.2194788028788 23.223865253519104 23.244759627943065 23.29041878174099 23.370057109115063 23.49195420089141 23.6595488952535 23.86555099101608 24.087618211208294 24.29293288055522 24.45348583295062 24.559422791185575 24.61764181832627 24.640348909988173 24.635533256835313 24.603757219050884 24.539649513245624 24.436443156484334 24.2925332516896 24.11643563580596 23.92479097063851 23.734391372213487 23.556251414851165 23.395764745910363 23.255641218562566 23.137669694641378 23.042452500422723 22.968355971104465 22.911367277669086 22.867143549181222 22.83450910930293 22.814804521664335 22.806569662376948 22.806038321461205 22.810366194809657 22.816056140718555 22.815874943593656 22.798805363512244 22.753724882138428 22.674741890815124 22.565252759077026
23.206186116552335 23.183274689328368 23.16240764215402 23.14883050158458 23.15043074695929 23.177919641701227 23.24447667687683 23.36416589031315 23.547334421602198 23.790826030626704 24.066235629207338 24.32219552837225 24.512844543972296 24.62648295381838 24.680943879290055 24.69944430213472 24.69508053440435 24.668532279972254 24.61212130830054 24.516310070969784 24.378157944119504 24.20763214818292 24.023968687118042 23.84434034296057 23.677270472741093 23.524771845858563 23.387001407637843 23.26462097772574 23.158602783999726 23.06908922954435 22.994946976975722 22.934905082067093 22.889268962710073 22.85921221766796 22.843899022638315 22.840042196970398 22.84320244629146 22.847119857838212 22.84230806048242 22.81692307464021 22.760273480440734 22.667347293631302 22.5425123555682
23.182589384059575 23.146025205453665 23.106678415678225 23.069746634086307 23.04414556439388 23.042960793434947 23.083443694638547 23.186348812408816 23.372412059655666 23.649914716992637 23.990120362500203 24.315947096135435 24.548610886781507 24.67111975334245 24.71914865962865 24.731857158890953 24.727891377542992 24.70668566551414 24.65749913004625 24.568354240779538 24.436106080360084 24.273588593023952 24.102921020042185 23.940353572150336 23.790605757247633 23.65211917446631 23.52307315486935 23.40354510086396 23.294859911072017 23.198249182910768 23.11428220697761 23.043458207138812 22.98706598883419 22.946710407325387 22.92243896717886 22.911483453589575 22.908229194310167 22.904281856454524 22.88880228155357 22.85002707273067 22.77796114617111 22.66794034693748 22.52453254130093
23.169570008278104 23.11918502511992 23.059054009487156 22.993546931703342 22.932299112893176 22.89080895082123 22.890097495730565 22.956695624088567 23.122432090199364 23.415364791955476 23.823382026851277 24.24643118378173 24.54783746825321 24.690737231961105 24.735490243474594 24.743682495866647 24.740593587214565 24.72338435147159 24.67844029677355 24.592911911572003 24.46579791118684 24.314489015289745 24.162778144031247 24.022923532804075 23.894087479537152 23.771421445501574 23.65241768200637 23.538042261483767 23.431097781722887 23.33419500439809 23.248841699356564 23.17586895466912 23.116210535183974 23.07082937686821 23.039534119937404 23.01961378148733 23.005247833448063 22.98783114414906 22.956919007393683 22.90149834138176 22.811763934624047 22.68232768323847 22.517124044384925
23.172222900305435 23.109892928972762 23.028406476499736 22.92988994590297 22.824430343135898 22.731021285913805 22.67509535209614 22.686673102534993 22.803403900603207 23.07265254933301 23.521741626353606 24.062625012708864 24.48155863012435 24.67868013673207 24.735502895521897 24.744522927706154 24.74141630830922 24.723529878641425 24.67688444490369 24.59070176299739 24.469509168160975 24.33584442470844 24.210872037771995 24.098358352707688 23.990914262359308 23.881492322288196 23.768328619473632 23.654766109962672 23.54659400903743 23.44884417194052 23.36415836260672 23.293306269153906 23.236308629629487 23.192640484135513 23.16050142607637 23.136047178391085 23.113241127197064 23.084254329675574 23.039903933661545 22.969952168821454 22.86408948266671 22.71528630537958 22.526287969653726
23.194981852992672 23.12573689791798 23.025592431777767 22.891454921987652 22.733050783159356 22.57631013686441 22.455412763661908 22.40309372148709 22.453716507363186 22.657572777561853 23.079094678081507 23.70193249265059 24.286090019075296 24.6030707967203 24.7088043134129 24.731593283022722 24.72783822872737 24.703523809796373 24.649711376437253 24.562247252167236 24.454299034737165 24.349921292617953 24.259883238522992 24.17648790908044 24.08750256353781 23.98561033845736 23.870616674516437 23.74901492292494 23.63105546490073 23.52553174735988 23.436664880878812 23.36543512422839 23.31170965515919 23.274037853692583 23.248438340186734 23.228473224005654 23.206610974537114 23.17519081420521 23.126003102838652 23.049206982894532 22.933389168207675 22.769083191239478 22.55720439009749
23.23954859703809 23.172570046617594 23.06238369906328 22.89459384587399 22.674424141049634 22.441386617679985 22.2502201491318 22.139439976730788 22.13260964048556 22.264911034975253 22.60236693217693 23.19397020680216 23.89430447494567 24.3878361382802 24.603098757606634 24.669249783788214 24.675045822571484 24.647389288757616 24.59080148887664 24.513659584762394 24.43658204586416 24.37513942200415 24.323625124864087 24.26591485392052 24.189524436897823 24.08868222379664 23.963984634741035 23.824351834058696 23.68626582537484 23.564323900259286 23.46412135881978 23.386909345494843 23.33452389461635 23.306170785615226 23.294387525959095 23.287450090712834 23.274961916080795 23.24961134181634 23.204576716911788 23.13035540157668 23.013852027534885 22.84206782558996 22.612674003228967
23.301765826157006 23.249524171422777 23.146731408653167 22.958849785228367 22.67181151927029 22.34519427955149 22.0793518049765 21.92487625901993 21.885485676004663 21.975392235927465 22.250969258585627 22.752418861097713 23.410891193717315 24.003544395485985 24.355735575211614 24.506822762674947 24.551457748663342 24.542736776124357 24.506836165688405 24.466652044806054 24.4408658476353 24.427705085559374 24.409129923959586 24.36847412851254 24.297417663616567 24.193240744828397 24.054705198654297 23.88895012464497 23.721206214995263 23.57602532781643 23.457175048906958 23.365210431926545 23.310734510999737 23.297740080165397 23.309927701120074 23.322851885122788 23.32259567926442 23.305583508649953 23.268888094013274 23.20410166179369 23.09618721400126 22.927628688563168 22.690888483070403
23.369469095487485 23.34197504486835 23.269758992323545 23.09695558848052 22.758913669681874 22.319663341033607 21.968924679313997 21.784105015818533 21.73530248147785 21.804278396464525 22.088544322332357 22.572923385618626 23.118211410620937 23.635356891434114 24.029628194054485 24.26096000418441 24.370552500172284 24.413344267488046 24.43095356331308 24.451651838140787 24.482427572145273 24.50887590197144 24.511712327901545 24.47753514908403 24.403136462846685 24.29410578029254 24.146454079049246 23.952495593617087 23.748340484340666 23.5791372264701 23.432488466569016 23.304341128181655 23.23884745581656 23.256162597218538 23.31244954757613 23.350740231719588 23.358340204028437 23.34492694260733 23.315347434242774 23.262720840581252 23.1698947852841 23.014814726214166 22.783693235318584
23.426135224611798 23.422019921433453 23.39158608197255 23.280764830214835 22.962293949753782 22.422600363043227 21.967200501936397 21.736046005787497 21.692057968205383 21.750595841370433 22.180465055161715 22.742263626880476 23.156311069334887 23.497134735365588 23.80382751407086 24.044399467326155 24.205824716586815 24.312365479535572 24.39687793128818 24.47782325556826 24.551545177958104 24.603692554973176 24.619956457930996 24.584411596614125 24.491031152902313 24.371563739875775 24.233667619996524 24.023879163645315 23.782126871493162 23.605416163828522 23.41658829896908 23.18788996087358 23.093284688679596 23.180575682408683 23.3216971303441 23.384550208268163 23.38681078760383 23.367450885749246 23.341790706259708 23.301669957483355 23.22673642111015 23.091702864204915 22.87776135806723
23.46127565191415 23.468046274843633 23.464254008587904 23.423143152224018 23.223077014221307 22.711614133695967 22.20098785266812 21.881495552131568 21.771044346956113 22.154217315517617 22.987746301356015 23.33726403161336 23.466075519242953 23.58428502031419 23.747350650324947 23.93493695763565 24.111413039549365 24.265611924196747 24.403109979434387 24.524725917613765 24.623098989829167 24.691486672414825 24.72243147078118 24.689870681353185 24.546506363107248 24.390345867843294 24.294153820461876 24.105765883515947 23.831627003882836 23.69741166237422 23.462012066967993 22.927772175780923 22.83618772538731 23.072459894462177 23.353928212668755 23.42383068631538 23.401554925758372 23.36659879813598 23.347122587895875 23.320807283484516 23.26356166053385 23.149976893637604 22.959496026131365
23.4768452792129 23.48370329217635 23.48539683363861 23.47678256687001 23.394259282547555 23.089513452593994 22.803749061666913 22.86972821262602 23.547653300543246 24.22292718323478 24.19468478051192 23.99339179140402 23.82994713881783 23.761750169380544 23.79699590806416 23.91589571603464 24.080662006787534 24.25746314380413 24.424013829746123 24.565374496738194 24.674659514374046 24.75276942344581 24.799948160742115 24.793411917729152 24.5691710637733 24.339206078599926 24.309147168912755 24.181463483902952 23.881799634813014 23.817140986333346 23.641034529599484 22.54592244254559 22.61827147419176 22.987122662312327 23.386927931978935 23.444624658902644 23.367709136926667 23.335351181280355 23.336511977036057 23.325197314113808 23.282554594519844 23.187229346907245 23.020297648800828
