src/interpolation/Data/testdata/yz2056-slice.grd
DSAA
151 151
126.8 138.00000000000088
0.0 1500.0
3.80021553861221 24.691118738336964
[rows 100 to 119 of 151, columns 0 to 43 of 151]
4.447956450837355 4.435003533767453 4.421474800135411 4.418451702906273 4.4258395877878245 4.437956047145707 4.452723446750972 4.46907564583293 4.484537921058333 4.4941862164730315 4.491459398685257 4.47226528858109 4.440789059006662 4.409343433019035 4.388786734658801 4.380221970585456 4.378838334954414 4.382725633338059 4.394608163161928 4.4168483643942045 4.446514131821796 4.475147261072811 4.491769937131584 4.488378539094445 4.4656185378982975 4.433235491010617 4.4042267440846565 4.387349880059752 4.382003732657126 4.381416871765328 4.381831205535392 4.386060178176229 4.400064601499288 4.4248239215762455 4.452838396567436 4.472048953670194 4.472555593372211 4.453443480132227 4.423586571426062 4.394993112190144 4.375659567292474 4.366698494622582 4.364126353312756 4.364312859456872
4.426100752646323 4.417442007919191 4.413886576511223 4.414824694739181 4.419002944285907 4.426346025395463 4.436804636351868 4.449412993145971 4.461397485083556 4.467701514680104 4.462076474803184 4.441136207145535 4.409337727796789 4.377983233331859 4.356756265602346 4.347146754484963 4.344991142369663 4.348526644222649 4.360613174650334 4.383086654119309 4.412638863155342 4.440964001989151 4.457477267899903 4.454684906207312 4.4340017903035145 4.406315901910544 4.385437990451511 4.378631190384957 4.380293694124239 4.381256761282151 4.380450232513778 4.378225087072611 4.382385264263207 4.399093966175713 4.422614855395194 4.440273327442267 4.441169869634932 4.423565190333466 4.395556499439477 4.368591034630696 4.350718478612146 4.3435260145306 4.342603249497097 4.342808102215597
4.385758741915419 4.3766096731043636 4.375747712068686 4.379367787831677 4.385745149368969 4.395073079253922 4.4070262607089985 4.4203148094980085 4.431934018402382 4.436539902073034 4.427452453730251 4.4005990888489634 4.3593579521348635 4.314073208076272 4.275760773451335 4.252127071701809 4.247427082475735 4.261413521836113 4.2896412581477374 4.32654142731056 4.366229225700535 4.400867323231403 4.421069941109588 4.4204362485235 4.401246453639293 4.374820852019876 4.3549097437647575 4.350021946638014 4.357814288289555 4.363930236757985 4.35858594669874 4.349763119170378 4.351796108793452 4.367892012032051 4.390669417259991 4.407428535455163 4.406919263904495 4.386565712260716 4.353353259006921 4.317541727913132 4.2866544983427834 4.26440591045567 4.25288495378001 4.25380273037329
4.365920362930439 4.369109343969416 4.3668597923823365 4.347845012969292 4.337724847750259 4.3470195434664705 4.363781595022521 4.381660172989316 4.396201035549629 4.401329072247356 4.389520093704937 4.35582881232612 4.303698051658059 4.2461891401493 4.199848332011039 4.1749923169417915 4.171243236901739 4.186591244654637 4.220674479607203 4.267498365218073 4.31714626198794 4.3594255049454675 4.384505498902117 4.386181479110874 4.366629688091565 4.335903937118671 4.304829970739592 4.278560101622007 4.257879358205865 4.248142697009028 4.256205662505277 4.275708481309994 4.300143088446575 4.328417672611173 4.356292380941946 4.3739941333859855 4.3715003431001636 4.346223109214167 4.304760324131044 4.257388986728281 4.213175677090632 4.17982029983229 4.162991069755318 4.164062682571268
4.3463890377024 4.358714003370195 4.34084271315305 4.290484813377119 4.2812936149227925 4.293717152473161 4.314801690941151 4.337958033207005 4.357089763437043 4.36469290543296 4.352307164560577 4.315251928633583 4.259702436537064 4.203368973301293 4.1648817361998605 4.149283439403339 4.147635159022273 4.156695821695856 4.183053400322188 4.226426765684467 4.277070400410246 4.322429416715219 4.350496519059473 4.353759648479718 4.3334602000302 4.298452246908015 4.258909879184006 4.223213945304405 4.200730098596552 4.194691806104308 4.1995300645332865 4.220010469208535 4.253576114258109 4.2906379657868845 4.323271842114205 4.342046122540849 4.337853895849356 4.308811933970827 4.2627233320967655 4.212107890440426 4.16896355697896 4.142187485936432 4.132402492268123 4.132907250091171
4.286879911220203 4.267930838243588 4.23125301645062 4.226582350868795 4.232748652127617 4.245746133822153 4.2680471936368924 4.294882556160296 4.318502047953126 4.329674399990068 4.3192111212865045 4.283770915103297 4.232898048774486 4.185566175622198 4.156137095726492 4.145516106085072 4.144580766844284 4.150484820987059 4.169997080263185 4.2050903974459795 4.249836001135353 4.292836149536772 4.320775482033769 4.324670865306366 4.305084310596867 4.27102226085478 4.234352873624219 4.206342621390961 4.193932303493202 4.192302148627117 4.193490250265293 4.204222973878461 4.229725988340874 4.263628227243734 4.295318005660595 4.31339288719897 4.308278354896471 4.278642556234017 4.233890799843884 4.188089851939668 4.152518046671736 4.133102280224393 4.128103174819672 4.128250172733984
4.217301358072494 4.203895283040575 4.2035525944828755 4.198459092404798 4.192898271385903 4.203288383029804 4.226776429794134 4.256370363439561 4.283587371382057 4.2983747946632525 4.291356286184907 4.260532006101399 4.217357462361909 4.179754943066575 4.157307813604405 4.148262120757444 4.147174053183257 4.152437779319624 4.167307109144393 4.194598537597392 4.231972713205191 4.2699690807041994 4.29531837633006 4.2986412187333665 4.2806436869486335 4.251025248247635 4.222024139637309 4.202601201720064 4.194553250471779 4.192973580988322 4.194186395328428 4.201025604028498 4.218137208795786 4.24429011927106 4.271458726952757 4.2878865806046615 4.283235363885911 4.256123462442126 4.216618084984546 4.1787546001577685 4.151208038950127 4.135238817732693 4.129170930523042 4.129472039776286
4.161471100615211 4.138673058811899 4.1260527601004116 4.129548615915379 4.144299943934316 4.165378064905566 4.193101206678423 4.224929641269389 4.254266879864211 4.271669914097132 4.268205839781129 4.242412097782251 4.2053786777119235 4.1732705606663885 4.15411062903263 4.146122337788517 4.14510564438231 4.149881473024123 4.162744363408828 4.186225722394684 4.21863732949562 4.251624121356813 4.272973925039993 4.274072149901174 4.2561130207838405 4.2289837982752125 4.204467800212593 4.190063091537956 4.18583011895225 4.185717700289558 4.185578661952407 4.188629862915301 4.2007773503300045 4.222553566423014 4.247352449122902 4.263881077839018 4.261704434514576 4.239164247961645 4.205899619863797 4.175243201310804 4.155047408633854 4.1456959671127 4.1433978403159335 4.143472920094376
4.133802059554337 4.112438298763442 4.100341636995583 4.103190343913222 4.1208861608386 4.142842614571209 4.170752865350766 4.202157155611775 4.231204486599194 4.2494054124885885 4.248708471626213 4.227608073233807 4.195292324060134 4.16592125916396 4.148143106878452 4.141715575580117 4.141137378265527 4.144763462486264 4.1566806299439305 4.178704827670125 4.207829879760602 4.236014539075671 4.2524531110369646 4.249645941489922 4.228772828708322 4.198579270315828 4.1689552509926555 4.145814377959369 4.130943353460787 4.1252822747276365 4.129756476242019 4.143270205647352 4.1645299657134105 4.191883404687149 4.2201543853443475 4.239991760199324 4.242231150219716 4.225345833077805 4.197975722175043 4.172282129925175 4.155874162723048 4.149540950721426 4.148706638255211 4.148717103619358
4.126746269582411 4.109324620638764 4.094508658959318 4.100958877501998 4.1166536616248965 4.135148305299943 4.159412210703245 4.187289353193324 4.213429335245559 4.230421844163574 4.231402329374662 4.214953113628432 4.188238773602487 4.163042318539495 4.147597757518898 4.141986488797247 4.141439301739903 4.144603999694133 4.154895685092009 4.174075098509025 4.198864836376118 4.221620351609324 4.232711282259125 4.225369892202565 4.200300159850382 4.164962290274257 4.128394643377009 4.097887449861438 4.078953599685881 4.072882295902756 4.077786896562727 4.095068371770664 4.123596128888056 4.1580667244450105 4.19179440530897 4.216245791314049 4.2235601232111435 4.212587079837597 4.19097072058904 4.16955953412767 4.155529241068506 4.149839648470715 4.148769285877547 4.148802115903898
4.128266935026457 4.11590190369828 4.109483940880135 4.111574329056029 4.12060494226903 4.134701486453938 4.1539546377216645 4.176571250051189 4.198200792894824 4.212614087834901 4.2140961023465335 4.201579643382554 4.180887536121786 4.161268872706121 4.14893805022011 4.143929856076213 4.143259137846826 4.145993368861182 4.15409896638414 4.169119911167676 4.1887262716494975 4.2062537262785265 4.212865541306712 4.202139597218695 4.174645003568717 4.1379075832843295 4.102229396412084 4.076955271438884 4.066091389937606 4.064291252839487 4.06566849870763 4.075103144877436 4.098123152454108 4.13143571715689 4.166525931572541 4.193601470357656 4.204682484244604 4.19854614631281 4.182077218770101 4.165084630801035 4.154084694423446 4.149758883271336 4.148879107834656 4.148941479822354
4.127912158847127 4.1197894493723295 4.116316422976172 4.117234443393036 4.122417616509647 4.132093550585588 4.146477778253753 4.1642449800776475 4.181759764196975 4.1935240838621155 4.194419238864639 4.183463723068537 4.165664772047369 4.148833380403667 4.138172694062237 4.133793988175545 4.1330314959494725 4.1350500047139285 4.141917979115364 4.155108494016271 4.172420152333944 4.187595643046747 4.192276687680858 4.180511040080338 4.153479437700793 4.1195919579244435 4.089624116092889 4.071275814483428 4.064893611389733 4.064124513873259 4.064687895228943 4.070038332098977 4.0863225183029925 4.113859721757118 4.145989253613411 4.1725995814551045 4.184848581448475 4.180756390274436 4.166476290843211 4.151247168485127 4.141569865654022 4.138583881178666 4.138894832881419 4.138963493127374
4.110175579883389 4.102098314806506 4.098640730702264 4.099550633367873 4.104793926092296 4.114456592001664 4.128306551915231 4.144953396471256 4.161087938609682 4.17156392072509 4.1713177802358485 4.158913063401658 4.138413290745183 4.116701392437261 4.099248710798682 4.088931204752949 4.087108558029177 4.093773569960121 4.107617009890941 4.126722978245087 4.147834881746201 4.165091627743836 4.170914375668593 4.160206266421396 4.135095986491478 4.104743328800914 4.079650711324086 4.065935069553364 4.062537936781023 4.062710504700606 4.062460857536265 4.064953197242172 4.076779987040971 4.099588916216781 4.1282175163434776 4.152855060044142 4.163894455989535 4.158265037840913 4.141075766193853 4.120694832992869 4.103386695903149 4.091823485761029 4.086359699137827 4.086771168103357
4.069565080562793 4.0542002817022285 4.046269712952252 4.048882744526672 4.060840039923287 4.078052453562609 4.097627672792356 4.117869561467392 4.135977395520385 4.14713342127938 4.146127581500823 4.131070640644849 4.1058444618529535 4.078192926354559 4.055795428384169 4.043351074723888 4.041529003152054 4.0498836739051844 4.067996843835678 4.092939184735381 4.119506327437234 4.1409147748888255 4.149596796917035 4.140868539580325 4.117256334728382 4.087767667010359 4.0618042519603765 4.043980255563363 4.033986334003824 4.0304419505550815 4.033298555979176 4.04237471431463 4.0587029380688255 4.082782110477248 4.110798549140033 4.133955553191294 4.142631598156375 4.133092062436596 4.1097338885047625 4.080552881671487 4.052386318268661 4.0304214904465985 4.01881036505076 4.019485222464014
4.031046990612501 4.014994913849067 4.007841453197126 4.0101223375010395 4.021941281016824 4.041314479449658 4.064377057358139 4.088205995048228 4.109329147629806 4.122400763050686 4.121712068881385 4.105432604018434 4.07881404023282 4.051992253852682 4.033843988414347 4.026341578991408 4.025532334387446 4.030193896536623 4.043774848260794 4.066904864395316 4.094537605733163 4.118402294887796 4.129639710412815 4.1228728392086555 4.100151464252624 4.069743596942306 4.040344782944025 4.017285634926191 4.003658468562157 3.999717434926826 4.002903279029539 4.0153501580364725 4.036982896077519 4.0647976787923845 4.09405107844704 4.116411096347732 4.122669388979295 4.109266444797727 4.08117286039351 4.04780502560787 4.018198226646361 3.9989859674707415 3.9913914782051343 3.991785232541119
4.010710077468867 4.000959461771198 3.9979346770486055 3.998760163714698 4.0048343850664505 4.018499043348516 4.038558191826773 4.0622036325738975 4.084832511945422 4.099759685417809 4.1003409620842115 4.0850453346626425 4.060829975978923 4.038977516573906 4.02680813440297 4.0232396622494075 4.022983368537987 4.024892392566154 4.033189617110353 4.051162617100895 4.075976535715039 4.0995621717947115 4.112021364020579 4.1069266636331 4.0856205088665 4.055949713438378 4.0271882137175155 4.006820848805517 3.998226390063473 3.997103818895261 3.997927184823785 4.005395840441063 4.02413750362125 4.051337418684747 4.080088416710513 4.101181432941569 4.105492425864403 4.090044195337847 4.061100998612398 4.029476868302479 4.0042549056822985 3.9903773119209345 3.986661234529494 3.98678553539271
4.000558762087634 3.996087476449802 3.9960117879230626 3.9958650822902424 3.9975364832703155 4.005628575273687 4.021112389980996 4.042324110907941 4.064639397479476 4.0805744325270625 4.082638292141707 4.069296299969822 4.048201191595279 4.0303993915432645 4.021859923704391 4.020725929311396 4.020838396365992 4.020837481989017 4.026004483161219 4.040376604504972 4.062202777193778 4.0843193191037415 4.096853548797144 4.09304752012861 4.074032137689419 4.047534682698095 4.022622708300125 4.005842680877727 3.9987679389669712 3.997446310157428 3.998476117055052 4.004653767354199 4.020002597652043 4.043538227847487 4.069381065234864 4.088446113117661 4.0916105833451075 4.076248941825074 4.0494569813482455 4.022292849382631 4.002038554167168 3.9905434381112275 3.9867997545037115 3.986950517875969
3.9919684243667777 3.987274780327285 3.9856090701613747 3.9861325028773535 3.98912557634944 3.9962109916656186 4.00925386347246 4.028119023906591 4.049146024824185 4.065096640453739 4.068208183037145 4.056461970414543 4.036699712825833 4.018520843042571 4.0064487304157685 3.9999499299771304 3.998969312261826 4.003723959296366 4.013487967817927 4.029424990257956 4.050725599654971 4.071713463877928 4.083614166818202 4.0803374042477145 4.063337425899489 4.040287820476892 4.0195450142931195 4.006034841860026 4.000050672120008 3.998621016605952 3.9997257193478015 4.004964757830152 4.017316399610321 4.036992204274306 4.059754290204646 4.077276636839783 4.080545138499431 4.066851725044393 4.043224192091992 4.020395360424921 4.004817041986587 3.996891534174245 3.993953887073393 3.9941221207529143
3.9863551121342806 3.9816376199514645 3.9802448992613697 3.9802499953158055 3.9835701497880045 3.9901718981436987 4.001765346333881 4.018617128252944 4.037812805852907 4.052889710874772 4.056483546101692 4.046018085372506 4.026751929823941 4.007043698732995 3.9923528875822947 3.9850957586275446 3.9842937531066993 3.9891734586064995 4.001339130886939 4.019551293011655 4.041267405340026 4.061166528233836 4.071689427156279 4.067761834161307 4.051090229955298 4.02889489593671 4.008653178589206 3.994403577979113 3.9866040058723393 3.984077469574539 3.9860819535297405 3.9931685096685277 4.00651693945368 4.026078031543355 4.048516936608226 4.066468748647536 4.0714199287602755 4.060450369388281 4.039818335203902 4.019575135431499 4.006165928636637 4.000550291903682 3.9996222933089807 3.999639357718787
3.9845288017852236 3.980057597356382 3.975220865271505 3.9778357810315472 3.982028771339361 3.98785724234269 3.997961233594303 4.0126864217514004 4.029553578800107 4.043045092665615 4.0467462410099175 4.03799771779839 4.020689973996686 4.002365852260431 3.9894287267076933 3.984042317317141 3.9835197808241998 3.9869381581903625 3.9972210117833065 4.014324180104368 4.034617670441771 4.052320453137285 4.060587530518414 4.055004239556826 4.0370959134600355 4.013290381138249 3.990376338006466 3.97259142739346 3.961872806756078 3.958331455743909 3.9612196905919252 3.9711265684266928 3.9881060485410087 4.010674922328466 4.035356960917093 4.055549061728351 4.063461984606372 4.056027845667659 4.038434509327532 4.019810060849809 4.006726929634619 4.000856121831663 3.999649250998309 3.9996820984369603
