src/interpolation/Data/testdata/yz2056-slice.grd
DSAA
151 151
126.8 138.00000000000088
0.0 1500.0
3.80021553861221 24.691118738336964
[rows 60 to 79 of 151, columns 44 to 87 of 151]
8.8921429758664 8.813885932187464 8.736074251023457 8.658222024813545 8.56642850295221 8.454530016522437 8.33502763726976 8.232148760940953 8.166129253558525 8.142523647907133 8.14698408873518 8.150595081660574 8.138835068703903 8.128059718053724 8.138101355319092 8.170127161026207 8.209959268481436 8.238344448830214 8.241798678777224 8.220790505476275 8.188363209906976 8.160396469561974 8.146605164171657 8.14648085746692 8.150452251841214 8.148794113075667 8.142127144999497 8.13964123010824 8.147493844839605 8.161733566422036 8.169240797754174 8.154390124566325 8.110024708178475 8.044225876679944 7.973750727432721 7.910540186323089 7.856207956609339 7.813588741817624 7.804402450645623 7.83766983158107 7.891647033318044 7.960085146156885 8.049445811693642 8.159533634813704
8.285497174597385 8.304176958283024 8.319476321228755 8.315670419914388 8.275591421892203 8.191435605518805 8.073469088727263 7.943500056201727 7.8194729891065595 7.711420137858265 7.633319382383535 7.608068474572427 7.644498642915641 7.722297606537038 7.81407297437892 7.903293465818614 7.9778803452610685 8.023927783446231 8.030908726577389 8.000273122559546 7.9455250615242194 7.8834956888660725 7.826940242949638 7.784003376244923 7.761165065110118 7.762952349548499 7.788090875415924 7.830082044469549 7.88082372059408 7.930152336967193 7.964060608791519 7.968021803527001 7.935722554531217 7.873672468402765 7.793716905003236 7.7033950802673505 7.613378933165139 7.553530624117809 7.543596944923145 7.5837244532239 7.668329194700395 7.769129986767078 7.87351404287905 7.98136505247662
7.662282106552139 7.7831629400645985 7.899227359208894 7.975923186428414 7.991277947879887 7.936779600747081 7.824353675410335 7.681527431846011 7.537478494571939 7.419196007023299 7.349520210633276 7.331773100574812 7.360483421718109 7.437279773919801 7.547205967613277 7.6623408926931855 7.758914328372736 7.817292806998187 7.824117587384272 7.779909483885741 7.699550759287364 7.603649547459572 7.511405929932673 7.439877502133645 7.402874712626594 7.406834226704258 7.450433204249841 7.524297191296584 7.612413191861811 7.696789599697142 7.759067579306414 7.783838877930959 7.766720402276739 7.717936252969175 7.654397752308677 7.590718711437157 7.541294359297478 7.518258188597939 7.515471939585642 7.5288397042970745 7.570248936722317 7.637347640517476 7.719544974245608 7.807710959393262
7.396319442678435 7.4811310656084915 7.595610827421508 7.696651456188094 7.742785125961407 7.712344137650237 7.615978279755467 7.49116724873075 7.380655097742176 7.31278516194676 7.28752233089773 7.283562369120791 7.290526732709444 7.321141798428504 7.388284317941039 7.481549364937519 7.573173019639369 7.632286467917428 7.636949883286473 7.585199244465228 7.496272296349661 7.399945052957894 7.323583463911605 7.281042056220145 7.26652006392317 7.267803428128076 7.286292359181784 7.333714160135501 7.410684385686472 7.499136850745449 7.572287990377592 7.6078213844637315 7.600264429414673 7.564576486050139 7.525839482293604 7.5038328308967115 7.501560193675613 7.506132146870796 7.5072249413804375 7.503989869343367 7.503743813636887 7.52327348753828 7.570305460994027 7.633417047249926
7.332652834950681 7.34871898157709 7.408472839691987 7.4884116161571335 7.538343426109162 7.522166672609829 7.445161248855073 7.349164379585653 7.281163690841546 7.262284295554844 7.271361348206036 7.275563338671089 7.268025922048385 7.259375858706679 7.281136402687683 7.341937800365654 7.417537484602089 7.471547696758077 7.4756763651418305 7.426176293329841 7.346399243944877 7.272454052243261 7.233716963351631 7.234357129598859 7.245556444674096 7.243896737656186 7.231520946469301 7.235872922046083 7.278678372336123 7.347762823490376 7.412165164266191 7.442824995210073 7.43051651439783 7.390853438175184 7.352404683835048 7.3398318561167715 7.359385942894476 7.389246956849314 7.3963746887868265 7.373486072201991 7.347878980078578 7.351697740993872 7.3913410756039735 7.4483563398254296
7.284317759018041 7.246391799033723 7.266743085842727 7.324074665892226 7.367911311740195 7.357726299515749 7.293322181663634 7.2116410054332345 7.154093105162959 7.1420430614871755 7.165976850649834 7.179944383760165 7.157392050307502 7.137055678374654 7.154375485003896 7.208652913087156 7.277810521369388 7.329651398937846 7.33734233400697 7.297292271696911 7.232650778430016 7.177525938161308 7.158904706836395 7.186266662973715 7.225820287394782 7.219942438139997 7.176813294925332 7.156868272228791 7.179987504099315 7.229676492055894 7.276071545613747 7.289370057010785 7.2576033843921195 7.192431762448357 7.116383214071746 7.047293525740602 6.993541904610092 6.959952808732211 6.953933333312227 6.978037982378304 7.026147123116221 7.093438104565368 7.174520215550196 7.254141530030673
7.0505866835257365 7.069204431433715 7.116164320808341 7.176431869777073 7.217758954250469 7.209599078703967 7.150264304867645 7.065990682732849 6.982393811449314 6.906858597599066 6.843010609324866 6.819927658523659 6.856978891335626 6.9231354011367925 6.995019486610649 7.071399807180849 7.145903577181455 7.199951777053982 7.214524986106855 7.187252173487019 7.136189198086547 7.085059832693841 7.0465649605190555 7.0180700988887414 6.994396577688245 6.9982842759394615 7.023363319741458 7.051514243233572 7.087745360308448 7.128659469489425 7.156017301538715 7.1465357310286866 7.089551468804027 6.993887142158682 6.877129166835449 6.7547156673860265 6.644430922741554 6.573400438683797 6.560873305254044 6.60949067991904 6.708534949921676 6.831836146580104 6.957371791464987 7.067598104157436
6.771950312341943 6.877964721593905 6.968769755884647 7.039559594160906 7.079107551823755 7.071598448793446 7.01770364913905 6.936286386438636 6.846659902273246 6.764092491451684 6.711990030752413 6.700137965188831 6.721351830854993 6.782279678737769 6.86419419364566 6.947215217011841 7.022140289131488 7.076927829655932 7.09868333802857 7.085434587685996 7.048705235780188 7.001608306415219 6.94691252478457 6.8837482125383245 6.840313838772769 6.845646745323816 6.896816941682105 6.957093572155213 7.00385170002238 7.035643218338656 7.043402928441631 7.011863649853465 6.934776561374503 6.8231846361116215 6.698802223571015 6.585606230512353 6.506891353834545 6.4723736522908055 6.467957886302153 6.487995585811121 6.54925836176057 6.65371619086044 6.781165992618841 6.9048507894275355
6.711095277038652 6.780704141562848 6.855950451325694 6.914579373077196 6.944784182153146 6.936776606917928 6.893064426901216 6.830474451500511 6.768216992818087 6.720983224033274 6.697518577602375 6.692943825127861 6.701268820743693 6.730136185791538 6.779795951276542 6.841019837890788 6.903426532361049 6.954043200451509 6.980706311425155 6.980649679728552 6.961554186217508 6.932156636555838 6.895649087199847 6.858103651283536 6.836658129300103 6.839137611425211 6.864769303913791 6.900807327277126 6.928910794156087 6.941115062759655 6.9289808876248165 6.880961950926435 6.794225335512302 6.6837018098702154 6.576853637280632 6.500481357598733 6.465750284662581 6.458351007956899 6.457966608586139 6.460990640721024 6.482609493106163 6.54481400932115 6.647534820467 6.766945444929586
6.697691666036754 6.72248266930117 6.754782289921786 6.785937816193234 6.80328764669153 6.7946400928133 6.760782363385691 6.7184744068919375 6.687976066188153 6.677840511887511 6.679733502563817 6.681219213209332 6.678659565438516 6.677924810337747 6.692227061774093 6.7279074593765 6.7769471271586825 6.8230202183487485 6.8517158553753905 6.859547152232216 6.854324960642042 6.8461883530066965 6.83952055667327 6.833965929135024 6.8303761645524625 6.8305661137278335 6.833647856334551 6.8361187537020385 6.8352374511163445 6.827420558460156 6.802838600926075 6.748654176874347 6.661807593472772 6.558076173925786 6.466157139643493 6.412559636272925 6.4059920225864575 6.4234319753152525 6.4282594480145105 6.4129509413141275 6.406253956450054 6.443436711393003 6.529193040475515 6.642566946758388
6.611365339004259 6.599695413353617 6.6055221035250415 6.62581491489759 6.6423416397584125 6.636422677307716 6.604620666457155 6.562231883799816 6.531106095811419 6.523921139759987 6.533869573843835 6.5393951536518165 6.530531379459732 6.52309248979213 6.537252982159521 6.576764991237556 6.629946368657523 6.678384278674019 6.706873490618649 6.712248444579291 6.704086804703114 6.696392878640618 6.698185723571561 6.7084052310509215 6.717209817073062 6.715317300606722 6.703407188283583 6.690533830657205 6.683219576370569 6.677378208166745 6.6590253980433465 6.612310398440543 6.532246194963508 6.43202098892811 6.335225937258772 6.26043896279415 6.212981232841186 6.188768729444076 6.184750866508313 6.201083366478571 6.239780533850417 6.3071503553993296 6.404935300803487 6.52150695609777
6.298033284045863 6.324578004938015 6.369735448685539 6.422184453730846 6.460690129512609 6.4645620219516875 6.427843250314669 6.3627988583368245 6.288323986926789 6.219377060103171 6.169131263781952 6.153479132363557 6.179395610844033 6.235954309298105 6.308935801952488 6.389041925533324 6.465679175436642 6.523828956314981 6.550156051710408 6.5421868817499025 6.509949355976156 6.468492069118794 6.430122128483568 6.402077117026649 6.387877057633495 6.388815574378422 6.404231629799991 6.4313189535351984 6.464341957862753 6.492877244342416 6.501420253081886 6.474494650015092 6.407123443201677 6.310419143505839 6.203265991648417 6.099425940160711 6.008442596546518 5.949733129558021 5.939619372934184 5.979348581121284 6.061527435556745 6.165899685173319 6.282762584030728 6.404260513344401
5.870095837505264 5.975538832043664 6.0931056788747595 6.2001203814110175 6.274020399131528 6.2943798250918155 6.255690420653515 6.172295070054623 6.068858847868032 5.972838183326244 5.910666544230969 5.894017366518903 5.92268866147553 5.99578788494505 6.098376491952232 6.207892652282441 6.3051560675896114 6.372110981610916 6.394137405001901 6.3683050866729385 6.305282169527522 6.222085582707643 6.1357667606752715 6.063877671580785 6.024501084258196 6.028956255183836 6.075332400292257 6.149159878670553 6.230826930513423 6.301675818342427 6.343617635067458 6.341415826746509 6.2913247987146335 6.205614813516051 6.104954376172216 6.009268635701103 5.93866471484904 5.907047210691299 5.903278441784832 5.92121555921996 5.977649042904712 6.070283698359667 6.182175257941977 6.297010080984135
5.636106377151883 5.733886355636145 5.867798534251494 6.003439254738505 6.10459551765638 6.142738343109504 6.111680122172004 6.032866984020433 5.942393976627904 5.8740548459701145 5.842472547038419 5.836530484320249 5.847632818733899 5.889020122968053 5.968251196752719 6.070091467926851 6.168490110342562 6.236293157771242 6.252738146887248 6.213382918429559 6.132453429805506 6.034329685433348 5.944051559639388 5.881251255612071 5.853175683776491 5.85624279030561 5.890972143775268 5.958934139114048 6.048646473654541 6.13782173912926 6.201203920321732 6.2186076893373805 6.185377264936489 6.116187091694661 6.035760005030565 5.9666906041104495 5.923072307466284 5.9054447526746765 5.903275795496899 5.9135385289448035 5.9473346985906055 6.012233823292978 6.101899119453008 6.199698151381521
5.568914967436686 5.623044478992918 5.726869485491869 5.855578575119888 5.965367993931034 6.016498851464668 5.998759942744337 5.9382895130387015 5.876132921469307 5.840556989189787 5.8310207722534395 5.830268562534398 5.8321046494397875 5.847633882603659 5.894982095448699 5.973162250724081 6.059402542965267 6.121626100915168 6.133532254490542 6.089719484731971 6.009072798753749 5.922383309845753 5.856200036474472 5.822023008911391 5.812189590968565 5.8130297483833795 5.826423145262024 5.866145325933962 5.9349741799402205 6.016629883157126 6.083108389498775 6.108469107306823 6.084774047162655 6.027158170083408 5.962470792046279 5.913827181067576 5.8908583909406955 5.886370306902115 5.886543855022996 5.888533151710072 5.904549598292065 5.948593312658258 6.020553695878075 6.104524695620945
5.548458759007571 5.568734306579219 5.640221242106326 5.749687652399683 5.855593554231916 5.912798282636617 5.9059453651438725 5.859745472944316 5.813788175567855 5.793996653868808 5.799204066717306 5.804334526540352 5.796852629241695 5.797553792777729 5.8298638101831 5.893726552712359 5.969308182686383 6.025700502147343 6.036141496009347 5.995933072081539 5.926226586566436 5.858345764615036 5.815041686347705 5.802069297748082 5.8049385660750366 5.804227596593741 5.802467935393645 5.820424666075639 5.867192809852511 5.9318859137006035 5.988963695360268 6.010707396063534 5.985965104239737 5.927208811147114 5.85865666649756 5.800516623462883 5.762215418556719 5.743753019646795 5.74122181819669 5.7539125060997165 5.7863999410022 5.84294716651704 5.920786879534023 6.005771723015259
5.478753842607248 5.501670434260945 5.567938173287247 5.667617599869333 5.767698627118492 5.826063067378255 5.8244230927624505 5.780993489385211 5.72691180165086 5.6807865082112805 5.647702077656122 5.63666999524339 5.6552736092596705 5.693509461244333 5.747546603764744 5.816973633665942 5.890087834844793 5.943467435527044 5.955384843033893 5.923276272630662 5.866990176777792 5.812950463073086 5.777004246315775 5.760680470136205 5.757192098268628 5.757318271986317 5.7625450632008555 5.781740719158268 5.81929631431782 5.869423059232046 5.912458781703927 5.923489076437534 5.89040905493379 5.822199930914152 5.738657868883243 5.656872381511424 5.588953486464011 5.546837488426926 5.539534853797504 5.568917108786929 5.630311064094734 5.714091345045464 5.810908931600892 5.907378899364534
5.348228353875651 5.415124114455827 5.499009875109956 5.599337407092543 5.69489343875024 5.752099190109927 5.753547010199197 5.711123548013582 5.649669434548922 5.59053115157384 5.5526421877171535 5.5436086242610125 5.5599686990940045 5.6063240632837275 5.67325433560851 5.748504702127029 5.820023966142739 5.870448056913011 5.884472785069003 5.861833240664116 5.818919293739534 5.7752495986920485 5.740102589185039 5.712489336169738 5.695829822535201 5.697887914402652 5.71759409736658 5.745669398925212 5.779723532902012 5.817542132048075 5.845559198824533 5.8439460211948395 5.802146015198666 5.727847961655519 5.6401788526020695 5.559330951916454 5.502473739673824 5.4765962750242245 5.473140900283514 5.488808412905981 5.534960432275405 5.614206731171486 5.714812132629913 5.81840225133971
5.309171318240974 5.365961456408339 5.448743340677153 5.544249943383496 5.632485282557885 5.687031032758472 5.693481651511416 5.660249324736882 5.609245218794742 5.563998168378327 5.540658786048708 5.536246597657857 5.544717198223627 5.575787526532648 5.630523809360599 5.696417249076384 5.7586881503852725 5.80225897512487 5.816179248416641 5.801732190048265 5.772192635676816 5.741972703941937 5.717634214051875 5.70020744979593 5.691950004618818 5.692847921685432 5.702967600587177 5.720791913814095 5.743048796098465 5.766250297404853 5.779873708598358 5.76815739047867 5.7225855786058695 5.65120341804202 5.574072097472684 5.51200068491931 5.477100255378491 5.465665882194345 5.464566050266677 5.470624648922551 5.496541387842558 5.554843281117978 5.642633926002107 5.742983743466444
5.309620028240328 5.350931224252328 5.417062671104118 5.497638321328213 5.57436415589445 5.6252308399106825 5.638242159796328 5.619868223478858 5.587846535352603 5.559501996008812 5.544080947735183 5.540629610177015 5.5473050638657435 5.568415990889187 5.6059374041554175 5.653785368843353 5.700645359815159 5.733435461769898 5.743246771418077 5.73213743350348 5.7121584225848 5.695904841880302 5.68832854574847 5.686685280202779 5.686673400570809 5.686545772686613 5.686175800732461 5.687106676586115 5.692564082718364 5.70214334821802 5.70667698660032 5.691580981870656 5.648722663869638 5.585833842050516 5.522583465344398 5.478078624267153 5.459965037866493 5.458858412548396 5.4594591209936745 5.459039759134598 5.47060210240559 5.511507650165233 5.584729811820395 5.6772400095598785
