src/interpolation/Data/testdata/yz2056-slice.grd
DSAA
151 151
126.8 138.00000000000088
0.0 1500.0
3.80021553861221 24.691118738336964
[rows 20 to 39 of 151, columns 0 to 43 of 151]
18.69568700645087 18.594023595557555 18.65102983829878 18.81816715436285 18.91819955858414 18.93284634381403 18.90202901210081 18.85314919961601 18.80124617218925 18.756996937588898 18.731068460641804 18.732505915642445 18.76103596393544 18.802370913261132 18.837578401258327 18.85693611335486 18.86072073971725 18.84972572584601 18.821411483589962 18.77528527531381 18.71788551110663 18.663577416806426 18.63107138687062 18.634942659856303 18.676705916891045 18.746063896785373 18.83276110201323 18.928327149628085 19.004428790815822 19.02971719222833 19.00906102970555 18.937557379891704 18.843846458462725 18.757979616438472 18.687430769776718 18.640773438554945 18.630292609386924 18.65901785155682 18.71587971829776 18.78498468762988 18.855146684243095 18.917855378495894 18.957535190367082 18.956096153474462
18.097817552917434 17.980967673834286 18.003457534367094 18.170293235320855 18.337990495120152 18.433055326451292 18.47303776362665 18.48048180633162 18.470488244500288 18.453401970413907 18.436602248338183 18.421778510519445 18.39948612546172 18.35302575131631 18.282187320126067 18.221217345928288 18.20995459599923 18.253907163663005 18.32049113160319 18.369097421406778 18.386129705593167 18.38491686576967 18.38906893249057 18.417373530805424 18.472530915919172 18.540923228653238 18.605849967131032 18.660864261665612 18.707069472506213 18.730627734642404 18.71091356819549 18.66660933570994 18.614232784120656 18.55263845630793 18.485235696674966 18.42591896456783 18.38914213096983 18.37557675688199 18.36878158171569 18.346061170874442 18.293697959752592 18.221706339303672 18.16881151713651 18.173776412775965
17.935593751307717 17.921027077830697 17.924374911518676 17.956330434665464 18.00159753413377 18.054574924096496 18.103272652985037 18.13793064415948 18.156852794573393 18.16319943183072 18.161083649557668 18.151025489165193 18.12726560257649 18.085986212633074 18.041099697298357 18.014776070133106 18.011199309920446 18.028236743571874 18.06427178838693 18.10279549885468 18.128017476666443 18.142872892992443 18.16409507395545 18.20709154801341 18.27117248743157 18.335300590285097 18.368826679028473 18.351203811226494 18.299316716134115 18.270737202895212 18.29497999880456 18.347928132969294 18.372154176187692 18.345928806308525 18.285193255266147 18.21720892124095 18.16298680157147 18.125078795690328 18.088106771388457 18.03373157333822 17.959848978649212 17.890314336959943 17.853938386862417 17.856478588648983
17.820772059984932 17.889692820929177 17.902285624362637 17.883325721488227 17.82460283218039 17.80634522891603 17.826334819835306 17.85740397779522 17.88413087977621 17.902764269121974 17.915851621605974 17.927102600573498 17.938787905836822 17.954065929485402 17.97393926466086 17.98750680008691 17.989108487099408 17.979786611379097 17.961609697955378 17.94682876885324 17.93895195900183 17.939464611405995 17.95826360641747 18.006238130202032 18.081082337642155 18.161742786609448 18.217951384850227 18.23288091967188 18.225391272854356 18.22247173352391 18.224818200378508 18.233177692270925 18.223914940263416 18.17507549082561 18.09781084747359 18.01845410858471 17.95777464744223 17.919443543540872 17.891864149892033 17.863138786293295 17.834452614927198 17.816542586111495 17.811514201719916 17.811726500082663
17.534486688259307 17.595261957235326 17.794124233434832 17.79386238275462 17.667915975073015 17.619576339650564 17.620089809640387 17.636997306792395 17.656067369058757 17.674781891965438 17.698038641416748 17.732792064611264 17.78160212580648 17.84233398927467 17.91044807678367 17.961761754949492 17.969036651684192 17.931816144809286 17.871356322539288 17.81953576211687 17.781726196540994 17.760041254456997 17.76539361198553 17.809257461217225 17.891502270521123 17.9972608050421 18.102702505725542 18.180993206996977 18.215992830385577 18.221788524184213 18.217365841657944 18.18690011211618 18.115193098872318 18.015587735909133 17.911605250671283 17.824468260055887 17.76947184212708 17.748700506932167 17.75045386541852 17.761592856399115 17.778479401310403 17.799536933512627 17.810178453308957 17.80976038034771
17.3054378535333 17.31463732902137 17.308076099698482 17.438734062878286 17.461783072865394 17.461409570764996 17.460995140022348 17.46112632077113 17.462761980658126 17.47146812905294 17.497476842696294 17.549171280399158 17.619103083385358 17.682603454441356 17.723224574854708 17.74396895068749 17.7475443010152 17.734898474823655 17.710777889547174 17.674013005041765 17.62833112877264 17.58873839743794 17.576536117920043 17.607551918159494 17.682953439696888 17.79159795335804 17.91944672046526 18.047837129387386 18.141772234167203 18.174562383750395 18.14777809073026 18.06034337301184 17.936775477879543 17.81232064829851 17.70451714463157 17.625680914134968 17.58827251185996 17.59409301721824 17.628018585445943 17.66861277347608 17.70385625350562 17.735730031054807 17.76403167288425 17.761562911032673
17.19556293816166 17.083296919233444 17.235277782510863 17.34682109469776 17.360719448107584 17.356502796730688 17.337236086967298 17.310665982689205 17.28704240674625 17.279086338292466 17.302319764872355 17.3670587134483 17.45744241056597 17.525516749665353 17.534777143257834 17.509571032021782 17.504624298895656 17.530584886628517 17.550582607465024 17.52900162378085 17.474273580181713 17.416132007881494 17.384988022819954 17.398010293103404 17.451968204080785 17.528566855959568 17.609043363999746 17.683948635018663 17.746303909846667 17.775065816132184 17.75156666521541 17.69272184678693 17.62151647855295 17.545433838617367 17.471789507975917 17.417904887489414 17.404592775190665 17.439147040051868 17.5050654151326 17.57137009045345 17.611211275092305 17.613836306980776 17.597823683478264 17.599259561286665
17.18486927609804 17.1773731873669 17.357160985240572 17.358784017276445 17.33255827969635 17.282475587057156 17.221145002638504 17.158096664057272 17.10614211288325 17.080479333100488 17.09919069962298 17.176080589304746 17.298277109048726 17.41281633818283 17.470002756594607 17.48082397456186 17.481308990755217 17.479801471640123 17.459386701435985 17.400479879904186 17.31484366142889 17.233982346022444 17.186648712826212 17.1852597042828 17.219365990443254 17.26000284698883 17.274391309385383 17.2447479436288 17.188934056738567 17.158525041002378 17.18454521130873 17.241314960850218 17.277293356877497 17.27085542231035 17.236275665755286 17.205437614412606 17.21118832829715 17.269294016008903 17.36748847059161 17.472530250163434 17.549088522616277 17.58087343428667 17.585245361001025 17.585178302497035
17.158365485976088 17.217493895763873 17.29929037194198 17.31253926870586 17.255305919842087 17.161552886383127 17.059066923211283 16.965642500336727 16.894201072784604 16.85811475411864 16.87413231369063 16.957565570177273 17.10405392614214 17.27074211791973 17.394443933871333 17.44891011361526 17.455992652190243 17.42762653136002 17.35391409993826 17.2434659883532 17.12597526430296 17.030835745961042 16.97855622173208 16.97556141109323 17.00863671237452 17.048149579065154 17.06371392288752 17.047114619078197 17.023276323469844 17.015087081817125 17.02187331409495 17.045364991458026 17.0662227088512 17.057946471163234 17.02440948158235 16.994561872807406 17.002439161390857 17.068100052656387 17.186849948516823 17.332314523583154 17.465354160495362 17.548536990604777 17.57669699409832 17.57524159794204
16.896052696185865 16.983894431091027 17.052723847351942 17.060847632736625 16.996244305044275 16.8948708426469 16.789299607210943 16.697675814696627 16.631060595779378 16.600323014291213 16.619034326098177 16.699311128233393 16.8391887412564 17.01154338604582 17.16938238127334 17.267538538848363 17.28652884187821 17.231392979778033 17.124059717909493 16.998820833338588 16.88432059404782 16.79982658203701 16.759714275187086 16.76982638502293 16.82056737264114 16.888985607218792 16.95104529252697 16.9917794853576 17.008127157819285 17.01019676274383 17.008700299762506 16.99483872066793 16.958731614729214 16.90214676104559 16.836971779120848 16.78562152351743 16.775106479201067 16.823033929112718 16.929122400427858 17.0786273913623 17.244918295093495 17.3854992964944 17.459052465879733 17.453551458082522
16.10351374175257 16.023033502363475 16.111379175011532 16.30273156650378 16.409288218891522 16.421303344115703 16.389151129567463 16.34744760850648 16.315957882927286 16.30893546819262 16.33906850824155 16.413343610132127 16.522954085834378 16.64103164798988 16.738198887400532 16.797463923109937 16.81343652080366 16.789905775415452 16.73791805976512 16.67034115322995 16.60158813383815 16.549598194567093 16.533230917603042 16.56387514756443 16.637008212974997 16.734293703687417 16.83649796037035 16.928502712323134 16.98792083019339 17.004074527771266 16.991113130038823 16.936705243996208 16.849178538129415 16.750684404237937 16.653416576257865 16.573412139968063 16.53124395358829 16.53865740298568 16.591296365872402 16.675148044890115 16.774941294776664 16.871513517817675 16.932817700571146 16.926375664497485
15.300525821170988 15.089531651320758 15.138614456973592 15.448224989042894 15.726231206178403 15.869647186008962 15.931297268929045 15.957093208302124 15.974279352044675 16.00137596380115 16.052411217149217 16.132430597444497 16.22762934515285 16.3063676774784 16.344472207454178 16.35108985519998 16.355021035719876 16.367226782911754 16.373012056451223 16.357960823901536 16.32743483933451 16.30206287690688 16.30598026382397 16.354686506939256 16.444476799750596 16.55312506346802 16.65567355543586 16.74087334096385 16.807814516716455 16.839281701887796 16.81308341456917 16.749405087191672 16.668237510297136 16.569560038553895 16.458822747693908 16.354968463305756 16.279687964055196 16.241154647012163 16.227824725872228 16.216918471952837 16.18883626605588 16.142263355768204 16.103447566273363 16.10448904951119
15.067635283706386 14.940712078813108 14.966156622386581 15.178260575100778 15.350241028484511 15.456770465109798 15.533453154449406 15.592598920551415 15.644384056825242 15.701867829138461 15.779175098094152 15.884240754965044 16.00746318296405 16.119820734084186 16.193279321850962 16.224719364276435 16.22986604642284 16.217812394880113 16.188506299308443 16.14630061471961 16.102756504878883 16.0752022922877 16.08404480559815 16.142983840317985 16.24585106076039 16.363144200299647 16.45523116226777 16.493594715801574 16.482449973689114 16.467197835096663 16.480638600075487 16.49548177024792 16.464855408121302 16.378784292939045 16.257676237928727 16.133193304310172 16.032200789114373 15.963112425949449 15.914033663318246 15.865403224455752 15.807749405266208 15.75298233036718 15.722570087120282 15.723803513694262
15.027706215648811 15.075035583237616 15.16410078634784 15.279377158565714 15.231684098760576 15.212181762559428 15.24198440243511 15.293336507620586 15.353932076050784 15.427841368540175 15.528543257470064 15.66842612564142 15.84345722752236 16.023956651814704 16.162598118584388 16.225691753160888 16.232460121870922 16.196902619931016 16.110756298038144 16.006971536854415 15.920273710548352 15.86845422795205 15.867038411150103 15.92748636630861 16.044163568468615 16.188267740572684 16.316458965830307 16.39204418088012 16.414574011187078 16.416663419217073 16.415193717908345 16.39683670846204 16.329421923551408 16.20666654785429 16.055274138764265 15.909653070963323 15.79541074311423 15.720621401472394 15.677727362291014 15.6568050937749 15.654845496573808 15.665918528458759 15.673825945247465 15.673251429499576
14.786067574636522 14.917677631415037 15.339386562710041 15.348706452732328 15.126704896118332 15.036116050375867 15.029722712193392 15.059359374265243 15.109432846472819 15.183499845273532 15.29661562730284 15.462424211186777 15.672484607500095 15.89300450911064 16.085530719375193 16.198429869718357 16.212416051788143 16.139104687663806 15.997978382569075 15.855779342483444 15.741310780949366 15.666242458005856 15.647444471190694 15.699764430402574 15.823156365734512 15.998205172503809 16.187749301424773 16.337752487802696 16.406173206181904 16.416463513249603 16.408717107345552 16.348686851177842 16.208164839735538 16.021409067177352 15.834532519373854 15.677183819440634 15.56636524000525 15.506360422154177 15.490307910053902 15.511388050384745 15.568704058220924 15.642154585562645 15.675152040412787 15.67398994025667
14.481424117016868 14.441324541586479 14.603457536283319 14.888739717053017 14.899923104417825 14.876501763890625 14.866818928400072 14.874113616654906 14.902075869178207 14.962433994888627 15.074138453024464 15.248249883575951 15.45884441552334 15.646784939943764 15.78103110186623 15.869961853028375 15.886997568673861 15.82502723824249 15.738801535014987 15.64180168817042 15.539240783510445 15.453756862693323 15.416159625992014 15.44902188219388 15.556795661950805 15.728554390923893 15.944464087567985 16.164302343691627 16.316941478656023 16.365707361679604 16.325955861964818 16.184264102192124 15.970540332388273 15.752722833091429 15.566427539745494 15.424733018715898 15.336479748475552 15.302594345118099 15.311317158700065 15.347285766531161 15.4066583294445 15.498881540688316 15.592421343438367 15.584597684071776
14.361969824178965 14.272825100780878 14.556016033199668 14.843451492920506 14.81767989310067 14.779499010128486 14.74375977215349 14.71813407309442 14.714828532498029 14.751816554578516 14.851636545430427 15.024226877309292 15.229680259787619 15.375346664427598 15.397258049043046 15.342633189774407 15.331134275723675 15.390767437104524 15.43643948075881 15.406538578540545 15.320234806551431 15.22568582892065 15.16792183552882 15.17228232733585 15.238815564608425 15.35004838117838 15.48700534562077 15.637005028605351 15.775656750663567 15.841203528207107 15.786781748422804 15.653375622784463 15.50497163601894 15.366127353954873 15.24360554213689 15.149262938155577 15.098582280870632 15.096187611852828 15.125692112247263 15.15567668828993 15.153685925172582 15.09684120431791 15.015300771504815 15.022330813920465
14.339096644723709 14.329339939359615 15.114271601836656 15.04542912355952 14.847410026814876 14.72347092419392 14.632247092754383 14.562671876223776 14.523924802240854 14.534279894081449 14.617237068985153 14.786292255230821 15.008188669837779 15.189471203170443 15.259515124478408 15.260084132208664 15.258933460475944 15.269243755697696 15.26540313094445 15.203140133059742 15.0921860000886 14.978091678073167 14.901156562187731 14.878344526100923 14.898818801445927 14.929839467933153 14.931443782508998 14.877389703319759 14.786358756390335 14.735205015316863 14.778767708793618 14.870478386164766 14.930899896057607 14.934121104135352 14.899235252654528 14.860447174196358 14.849186190285884 14.879007377033254 14.93608945566493 14.984719070327225 14.987969617759138 14.946468723840143 14.920340386658042 14.921313909528873
14.363386543419375 14.482867827446876 14.863209991020355 14.910221836309333 14.76212821690602 14.606723231726018 14.471858874760574 14.366363404646854 14.300794071139121 14.290452505372171 14.35593736189508 14.513923300403093 14.75008243510291 14.995116625464567 15.160750946813142 15.225616699716022 15.23345654907406 15.203261434977014 15.117509777938665 14.980304137591704 14.828276772491563 14.69899642511786 14.615096497865721 14.580544577478372 14.578715672666815 14.576721064837235 14.541055397579283 14.467115887591648 14.399303168841652 14.376255418666466 14.395246390499251 14.45994148174184 14.536643225135226 14.577590340506283 14.580026012983698 14.572167470635495 14.585808953272004 14.63869042604777 14.72533585383364 14.819578398572082 14.88807106281434 14.91523742608053 14.918997636101478 14.918801230598062
14.209354214778108 14.350114187996361 14.513516239213246 14.562795257124472 14.472168357477189 14.331181349567233 14.195480159148788 14.088082049598642 14.020893197947089 14.00556070712042 14.056901232836166 14.188000745307338 14.395524148999009 14.644651588813424 14.870465346013507 15.007930829948668 15.033422890137764 14.956503608954488 14.807088821334917 14.637234685693475 14.487868674489132 14.376933850387308 14.31031664783811 14.28583260414222 14.291937874905638 14.311663421640775 14.331912486282194 14.347375172502726 14.355305186064319 14.35658564651069 14.35563968754121 14.348855670099228 14.335460435262792 14.31797309847932 14.299415496147512 14.289937997544936 14.305924024961072 14.360102138259004 14.453537461027684 14.575312048435267 14.703320971993774 14.80468309898131 14.853984188876401 14.849875760152852
