src/interpolation/Data/testdata/yz2056-slice.grd
DSAA
151 151
126.8 138.00000000000088
0.0 1500.0
3.80021553861221 24.691118738336964
[rows 80 to 99 of 151, columns 0 to 43 of 151]
5.466589236895735 5.465985770085163 5.457807643498454 5.450644463406381 5.448134060181531 5.450511153085226 5.4595998453656165 5.476635568467917 5.500392355283731 5.526086545864422 5.5451097709743635 5.547617925723942 5.5298974008221915 5.5009351401048665 5.476459179278273 5.464403138400452 5.46266972872122 5.470253317146522 5.491098548443738 5.5261263151581765 5.566922282904411 5.5971450077391545 5.597977378731351 5.557094951213987 5.47811221806247 5.381979445146488 5.297516881528196 5.246823365777334 5.2301646088323075 5.228501457878737 5.229636615728344 5.242562895219435 5.28311247342227 5.350542996970636 5.4247601874970695 5.479324795027836 5.494586913801865 5.468637461121157 5.417542578300353 5.363609638597592 5.323294099473754 5.301833729074175 5.294491931774857 5.2950779639057055
5.27403580036222 5.228927517205333 5.242413175349826 5.297058057465274 5.3363142911751025 5.358244442190497 5.375833948714383 5.396161608169085 5.420371473477911 5.44472966301824 5.461299134289455 5.460863415333439 5.440042770429224 5.4070786126104275 5.376611307201493 5.358550488288695 5.355300964874837 5.366924054883886 5.39366409567534 5.4329370007000435 5.476040163193346 5.507861881795292 5.5107762768888815 5.473593036685623 5.401667975782132 5.318363186526979 5.253367956319837 5.224776250896621 5.223972973826648 5.22658517195783 5.224142382695819 5.221972046608395 5.240932369805384 5.289697113938042 5.352180838724475 5.401175159720582 5.414772704493766 5.38918159207805 5.338977886887481 5.285265959028312 5.243995912338449 5.221151142340841 5.213293272267064 5.21421624857997
5.091328231379269 4.986987729356339 5.000606533928428 5.112447733340424 5.19510940596877 5.240505865841912 5.272537095592739 5.302295059180969 5.332257906207365 5.359127901776837 5.374695854984825 5.368524561397578 5.335321904803544 5.282716205919436 5.229453788160667 5.194669708545958 5.188588510474965 5.211779502612272 5.257922176205059 5.316047734542897 5.373481722515511 5.415349046125481 5.4255751753227255 5.394342574150517 5.327663893421826 5.248040459901633 5.182039538570205 5.145738983319655 5.138445238187871 5.141659668581958 5.137997201743188 5.141108813625594 5.168442546530886 5.220000146476401 5.280608978022931 5.3257764223012805 5.334261351963817 5.30126178725196 5.239437285775222 5.167633972771136 5.1006872676376505 5.04852036629447 5.020118328829628 5.022573078714977
5.079727620079367 4.9524526795172 4.965452246282668 5.072825473068329 5.116677125299605 5.1441309665068875 5.174551299417839 5.208876198920854 5.244180825546109 5.274734704441716 5.290877455340098 5.28098981802723 5.2405289979816905 5.183150777428014 5.1355174017546945 5.112601353188717 5.109641370653399 5.123636140074373 5.159915262617332 5.216302660458411 5.2787077821580395 5.327999302913646 5.34546842318103 5.319913438667925 5.255393218298869 5.170324953105237 5.085177962139752 5.011342813466787 4.956397975806356 4.934538419107734 4.952332129178833 5.002861142647491 5.069534101821168 5.14226409865599 5.210076537066299 5.25418389292751 5.256831576220779 5.21447911751603 5.1404088965291335 5.055317910989535 4.978612527063549 4.925591984567109 4.902039515350647 4.903656112314133
5.124961521765933 5.183347135802362 5.136034177057178 5.107403901450345 5.079777500597869 5.074417338615303 5.093463383783345 5.126293885401073 5.163743678823352 5.196923075589235 5.214545448742326 5.204981408015936 5.167744679198319 5.124239867875477 5.100274794482219 5.095289250285531 5.09506752470476 5.096764017210156 5.110524584781613 5.147846888060473 5.201848465688895 5.251238257913772 5.272968617418719 5.252620677914977 5.191501457955683 5.10516545201015 5.01456033150842 4.941243812552423 4.904021840998076 4.897256481056433 4.902416339986549 4.934721672994626 4.999913983473405 5.078293712177468 5.148267348310318 5.189697553287862 5.186877210345956 5.138587487087624 5.061302784476022 4.98015449608407 4.917581590434657 4.884990786601767 4.876029081383218 4.876426531768923
4.974731066631984 4.9984786150898906 5.085238921672211 5.082857040039224 5.026476982660993 5.01085851427437 5.026137129026553 5.057368538011223 5.09468324083635 5.128556042150826 5.147144251183873 5.139289081494433 5.107691102396562 5.077738902726426 5.073842825305203 5.08551651480859 5.0876787454342 5.076819560140829 5.070944807730733 5.09263950056043 5.137686758590966 5.184407299690766 5.208200827887142 5.193222973104504 5.1398197566001205 5.06296339151884 4.984378627873798 4.926248634704233 4.900822698835761 4.896907335308151 4.899826902513046 4.921256955259958 4.971469171279491 5.038044788129599 5.099242270469464 5.133805204620474 5.126322539998407 5.076935958170211 5.004526681868998 4.936001264666995 4.891614081353668 4.875741241312289 4.874381425746424 4.8743794901798365
4.839619756865 4.790003337743241 4.841590277402418 4.924103298493088 4.936325746218812 4.94788251399426 4.970342582699017 5.001791171205086 5.0375337424375335 5.0699766077207 5.087839865742173 5.079636501797222 5.04622566346718 5.008275767654039 4.987375944511143 4.985774685154233 4.9865830028698035 4.984316295134338 4.99608397866718 5.029049621622801 5.077225291448034 5.124156529152608 5.149371004611435 5.139369799566346 5.09582207609522 5.034036091540949 4.973619444745223 4.929783625984992 4.907941082011936 4.902249143939093 4.9065442961664205 4.924836770302959 4.961577404749312 5.010939161539789 5.058225662057207 5.084367007713582 5.073983878891719 5.026924463252728 4.961466296758185 4.902404875853205 4.866140445404457 4.856040217531865 4.861777407766685 4.861077118287453
4.823834464849056 4.7996163049874445 4.837048801167805 4.87011033322511 4.883768863147805 4.904347942097802 4.929360371527031 4.9588860635525105 4.990958214299232 5.019854065975595 5.035328232352085 5.025221018042723 4.985539823209029 4.927897729827799 4.868802211920784 4.826446180214215 4.820152400564167 4.851487006574093 4.904505248200746 4.962480008176323 5.020272531647931 5.068901670242428 5.0944351117760895 5.087450763001261 5.051329823854926 5.001202927028207 4.954493613422373 4.921998530518534 4.905402970746123 4.900450127112775 4.9036492953756206 4.916839811935736 4.943005915205876 4.979853576867838 5.016971125843944 5.037635152645385 5.027169347877724 4.98450334842169 4.924964846900334 4.868614152495313 4.8260815794113245 4.7956446743530865 4.77646504376197 4.777880780528189
4.831369509908258 4.80812656036264 4.878459410097933 4.877829209889535 4.8730326436749785 4.883682681434968 4.902311473631788 4.925798976416696 4.951847145107164 4.975546808813936 4.987876648136681 4.97739121357687 4.938231230924184 4.8799863181377 4.826700046114612 4.800530927112693 4.797887445997109 4.814371996517094 4.85733374439184 4.914909977263555 4.972331815159723 5.018398693184044 5.041747131064441 5.035221064860434 5.002421342927482 4.956963268599884 4.913905956105997 4.881976148450003 4.863055582748135 4.8564076742370705 4.8612648204396836 4.877193622860365 4.9035852557230175 4.937817152174262 4.971653686269535 4.991031290349842 4.983119474712024 4.946570521820663 4.893774889023648 4.841129333700624 4.798798685366746 4.7717858363503725 4.76329874293683 4.76356283019259
4.842047078109925 4.845259574381497 4.863291865293864 4.868092584367268 4.8664770576186855 4.87019908907456 4.8804298735334175 4.896147972203436 4.915278320554471 4.93329849529999 4.942423139214255 4.933508771700892 4.902769801368101 4.859318936088794 4.822215926849083 4.8040405775702695 4.801837230895423 4.81326611675769 4.842148786739337 4.884817704366534 4.931213097358827 4.969955031106862 4.989442815349812 4.982331487573769 4.95146088197782 4.909611482295431 4.87186589186888 4.847614072722318 4.837320688803414 4.835084053044455 4.836721548442578 4.844900864490979 4.8640843620553715 4.893421638575956 4.924534219635918 4.9437279793792515 4.939097418656903 4.909388939271395 4.865446338214546 4.821929776667107 4.788960098147714 4.770491017554958 4.76450838362376 4.764808855394629
4.832416535332928 4.838529941739558 4.846005102325638 4.84911904990267 4.847603097752631 4.847198012091882 4.85163752527004 4.86168652524291 4.875640307404627 4.889093892215129 4.89502076097822 4.8863994414547935 4.862494033537275 4.832991053364471 4.810991462487823 4.801021317698399 4.799468504412949 4.80480035679279 4.820522077688118 4.8487747789630085 4.884818691317537 4.917891043031622 4.935291721516309 4.928774968384332 4.901040358841485 4.866044901193335 4.840680212049636 4.832415012172688 4.833284436253253 4.833796352832281 4.833367723650901 4.831634993966299 4.835562384329481 4.852768427793545 4.8776228871239296 4.895125683254806 4.892235227661178 4.8672360733064695 4.830497661355424 4.796331554566328 4.7742548337864505 4.765065100138553 4.763008767462072 4.7632078876894655
4.777977448771364 4.7771951866032705 4.783071551238207 4.79173122143049 4.7967423294136 4.800138591140431 4.806043171063497 4.8161086056032065 4.828997686154176 4.840315894931182 4.8429983642510965 4.830260265136333 4.801895615762919 4.767739719453359 4.740759435019459 4.72675412617174 4.7238858951783085 4.73094718831028 4.750349782725957 4.78250550169492 4.8219464388305635 4.8579499157574775 4.877931264442742 4.873825574648022 4.8490687652271705 4.819408218176421 4.804207834418754 4.811685241112871 4.827085126867994 4.832270390244162 4.827999377082297 4.812409041285978 4.800527423612535 4.807747801449352 4.828031356472507 4.843913896016612 4.8405066630962255 4.815081998096703 4.777398949646253 4.741526861243768 4.717611650612719 4.7079382499692475 4.706847274700199 4.707100598185409
4.71434282263498 4.718410321662886 4.718189204170096 4.71601223693769 4.7212652657586505 4.731295516498117 4.7441920682179655 4.759521413792839 4.77546944414564 4.787289617704437 4.787053941520295 4.766359869853101 4.723030142715335 4.666213234372599 4.612492207745316 4.577640443142764 4.570967932826336 4.592750039932543 4.63566949382021 4.689696754899579 4.7452734825596 4.7919674202430835 4.818404489762315 4.817263571177173 4.7920905621463525 4.75804358567201 4.733834750779833 4.731848002787716 4.749946508206009 4.763732804882969 4.751641737518673 4.731657601842796 4.7287171225746585 4.745870428579266 4.771899590025085 4.789584063456902 4.784441840372425 4.753415393220988 4.7053183126596005 4.652831229753419 4.605419464521253 4.568898202069461 4.5488671962203755 4.550506364743712
4.686057723499234 4.718353153118765 4.713119796859314 4.672466003369575 4.65464610845633 4.660950045805098 4.677825722974562 4.698738673295706 4.719262392777935 4.733216613730816 4.731145218979807 4.7027955517054165 4.645674674864449 4.573923848580084 4.513620412505146 4.482130803274379 4.477596574141265 4.496727011654012 4.541190104203001 4.603976616916512 4.670831914988156 4.7272849319351264 4.760200156063596 4.76125131456995 4.7323375175106435 4.685140848947183 4.632422110918454 4.5802135339942645 4.533379477358577 4.511101953891657 4.529612298205188 4.574205342029443 4.623519742008548 4.671185340933319 4.711999387240708 4.734601124761339 4.72768231589171 4.689461868907021 4.629439594893193 4.561604388052524 4.498893299527859 4.452875640838681 4.430752522380399 4.432239900831071
4.641309454832771 4.6616337253551 4.649625566591454 4.6078413762576025 4.594853491798868 4.600083754224711 4.617648956171802 4.641633809262471 4.665796000178293 4.682203747639292 4.6798878653685545 4.648075711184949 4.587468765072323 4.51956970340869 4.473042507896999 4.455582695168722 4.453893110603905 4.463421139149382 4.493894519448513 4.5473899770928625 4.61215657098897 4.671014532853684 4.707196760346594 4.709620123177448 4.677932733111497 4.6216639143510765 4.553974476805847 4.490514975039662 4.452261152590103 4.443481373318344 4.450398391074581 4.484836380266327 4.544166737316191 4.606971866824003 4.657601850640018 4.683555633104423 4.6750478312962125 4.632178612267154 4.567245413198106 4.498277091159615 4.442030200730816 4.4094914180729 4.39889851553239 4.399418752366724
4.556150114932032 4.559807320100226 4.557141263625015 4.552330789692842 4.5446329077348535 4.549288531517958 4.56712772570208 4.592557531295772 4.6188289848794755 4.637142302837889 4.635813230008801 4.604921641993037 4.549312330730898 4.493705970028362 4.461283536572055 4.451822334855624 4.451117286256976 4.455415095924648 4.474273266459829 4.514610004158887 4.5702627678361445 4.625375763361564 4.661277651006217 4.664775173256836 4.634490120309264 4.5803282945981 4.518373214574522 4.468236072436701 4.445052516518103 4.441739665447736 4.444190145712567 4.464252936567692 4.509757821708362 4.566345247955877 4.614874084119139 4.6395007776648685 4.629590852658633 4.5862149246883215 4.524209117811014 4.463895124097324 4.420711773120531 4.400162855382263 4.395814785173782 4.395922039061672
4.479831877991444 4.453530023646119 4.473649712874624 4.493975765312204 4.494019895378057 4.504881362492998 4.525875339288885 4.55268606992284 4.579839665628797 4.599044010685799 4.59889375625551 4.570520599625753 4.5206500273768455 4.4730783726423695 4.446145256831754 4.4387821746840945 4.438257422487818 4.440611581652529 4.4558220599060565 4.489688831418278 4.538291398144923 4.588281363683262 4.62183325958645 4.625953655459649 4.599921395170067 4.554727217655565 4.506219178622625 4.4687935589768015 4.449808718500823 4.445086289316167 4.448780762538175 4.465311011401232 4.498634965489959 4.5418951130686676 4.581488070765694 4.601898773247529 4.591424183945217 4.550779227381116 4.4952115644758734 4.444575266594606 4.411384482721923 4.39728833915535 4.395178222825911 4.3951924199507975
4.468937985311528 4.45540104243749 4.443732746319076 4.43018613377753 4.446514359991523 4.469041736767567 4.494438050412988 4.522071425837117 4.548748624709902 4.567498435837423 4.56788690819189 4.541626166798192 4.494219606769904 4.445550234883927 4.410455446899639 4.391254037637236 4.38845364511391 4.401365495482256 4.426992614392337 4.46436767829926 4.511029583771268 4.556886462312449 4.587020616985648 4.59047551033367 4.56777643745668 4.530385171531666 4.492967003685796 4.465806476292293 4.4517365752742855 4.447647702703694 4.450589139642957 4.462481373989228 4.486000813645157 4.518552589730296 4.550631180722242 4.5680226417917655 4.558776200494272 4.522686483501338 4.473412780082011 4.428478796675168 4.397650262196769 4.380338202921567 4.371965072369394 4.372563701663793
4.462746084521452 4.431437350405466 4.392255078988653 4.396161419635855 4.422273911997195 4.448167376067746 4.473900146305924 4.499997889989821 4.5243450590728935 4.541126441913472 4.541251523887079 4.5172186554480875 4.472752345970572 4.424985865358164 4.391251838761468 4.377343836933129 4.376019155596482 4.3840902163185005 4.407357484280967 4.444262565388565 4.4882674477854865 4.5293472719996215 4.554946934411084 4.556090706182138 4.533759213229426 4.498446875923522 4.46290325371264 4.435341507393136 4.41835545347273 4.412204499997999 4.416902559612566 4.431873595759092 4.4562578734708085 4.487434776234765 4.517917056823407 4.535526514978386 4.529466756325654 4.499086961242659 4.455840422325477 4.41468545800941 4.3846268417840255 4.367790269598878 4.362838174117899 4.363001717911948
4.454578628912544 4.431941763227576 4.399762121822547 4.401464621252109 4.42019225320019 4.440783584868027 4.462100593253462 4.483927608143547 4.504164982256594 4.517675897189023 4.516813590322488 4.495694639912272 4.457687818512156 4.4172991944797975 4.389733635707129 4.378571132465265 4.377335267200433 4.383572885951817 4.401501739101749 4.431796814088609 4.468941774664823 4.5033962456959395 4.523811335871869 4.522056574491176 4.498800503679835 4.463478892229942 4.428204451817107 4.402006314404024 4.3884246907524345 4.384781515795485 4.387627014352596 4.399437156901234 4.422535145376895 4.453594219111922 4.484419676175003 4.503584065785385 4.501417931535485 4.4772776287273395 4.440958600327446 4.405567621676667 4.379975429589359 4.366831173872863 4.363147698370763 4.363303715308448
