src/interpolation/Data/testdata/yz2781-slice.grd
DSAA
151 151
126.8 138.00000000000088
0.0 1500.0
3.799821370178477 24.85084152991297
[rows 100 to 119 of 151, columns 88 to 131 of 151]
4.727244414396657 4.796554852773734 4.829828435958226 4.823860912462736 4.798432516735143 4.774785315457482 4.761300334192614 4.757259043625152 4.761452538371739 4.776731038007388 4.808350483876823 4.857288110226571 4.912357269312171 4.949993751616751 4.949037336559168 4.908752188875325 4.84884478890922 4.793134265524543 4.755419577003877 4.736619825113472 4.73031101957323 4.730628560598348 4.737888378633732 4.757866502608126 4.7951444339185425 4.844898715397739 4.888860252852598 4.902317251511284 4.871698065171342 4.807615729197508 4.737226547073973 4.683513321224831 4.653423089113236 4.641394344556752 4.639150340818405 4.643788704007284 4.6598262795693834 4.692823847333222 4.737738003069479 4.772672111360162 4.774114168525261 4.739900658764855 4.687494725528374 4.636574075755328
4.708054877432866 4.784092492758284 4.829692934307831 4.8378591497796934 4.822004880790574 4.801283946539026 4.787028465924807 4.782572851940216 4.788861332547114 4.807957478116917 4.842126999913816 4.889250136390131 4.93793826612942 4.9687904369822835 4.965624967727122 4.928185074468708 4.872331260150711 4.818041976567983 4.778048818639544 4.7549917027530935 4.745468436442648 4.745925824408629 4.756413665635398 4.780065681837119 4.818473745143999 4.865550700362872 4.904836558486736 4.915760234090835 4.887738223371741 4.8297518797967856 4.764015746032335 4.710211931527068 4.676130869999227 4.659656214415412 4.655864879563278 4.662753581978302 4.682315224135423 4.715902452344138 4.756175161423826 4.784463234456955 4.783065460675401 4.751049309869993 4.702736380556911 4.654732495240849
4.69451225177468 4.776295039729601 4.832935536422987 4.855701563234162 4.852391118673804 4.838732047354642 4.827247520318952 4.824303836578104 4.83271180729683 4.854081629037203 4.888439332055525 4.931556735600924 4.97267395694656 4.99664331485652 4.991872839736412 4.958407899627059 4.908083981533434 4.856674499972453 4.815664247261207 4.789399201804367 4.777297398659791 4.777724607753417 4.7904953624984286 4.816485143161991 4.854496178259469 4.897330598683866 4.930787617644847 4.939006765214753 4.914436962079808 4.8639607892667245 4.804467904910954 4.752173844842455 4.715544285677009 4.6956143722208195 4.690317996875856 4.6982391611052225 4.7191480381612365 4.750793294025782 4.784345874885462 4.804728063302966 4.79978392831305 4.769724051921082 4.725596669399036 4.680557688492607
4.6893169928719916 4.7749665685226335 4.840219749573563 4.8762550157467155 4.886797562118951 4.8836175644555695 4.8784966488096355 4.879222841172812 4.889846144599713 4.9118256046700814 4.9439710510558195 4.981289593294537 5.014484557360464 5.032269202108731 5.026661523032013 4.997819454182765 4.95415429634378 4.907583627287804 4.8680194248384465 4.840783355716698 4.827347437692486 4.827503831896378 4.840879227024854 4.866669027447201 4.901737412232515 4.938569687243618 4.965520107354858 4.971020758034387 4.950009722468452 4.907480315215392 4.855674858303422 4.807392578620234 4.770940386726784 4.749389980518924 4.742675685650213 4.7497086051232875 4.768613321455617 4.794925413638052 4.819801767785394 4.831822811800997 4.823169694566524 4.794693319041247 4.754557865117262 4.712742193518141
4.69513838338653 4.782226119193304 4.8530766414815245 4.899672368670713 4.923197331952964 4.931799264217046 4.935279576352564 4.941311312458292 4.95437982159922 4.975963561607372 5.004576655098167 5.03555638677325 5.061497460289988 5.074303762157993 5.068606164852338 5.04459281364303 5.0081060233941 4.96789858577296 4.932121942329125 4.906212633996656 4.8927486884905065 4.892389764444139 4.904646369773869 4.927729227316484 4.957606863086924 4.987274589211266 5.007623873435743 5.010512363103531 4.992669564273219 4.957631745479957 4.9140395395390355 4.871614345923035 4.837720571989093 4.816206105963017 4.808051388363022 4.812323029503443 4.826303694896737 4.844833382629521 4.860202231352625 4.864216048588455 4.8520321958329875 4.824694933426636 4.788078173414711 4.74953679464686
4.713340342979938 4.799513965315627 4.872976339184057 4.92686607248715 4.960953011132364 4.980519983735068 4.993008710316041 5.005005108610545 5.020746290984512 5.041735516490971 5.066745662581572 5.092031047332426 5.1120911196022245 5.121310225807466 5.116150699726374 5.0968254338371155 5.067387485726143 5.034170949942747 5.0036067780871525 4.980617046560655 4.968078179801914 4.967022774849311 4.976925698934493 4.995646236912907 5.0191181471057424 5.041367997703708 5.055536209782439 5.055999383098433 5.040675561825085 5.0120471503673905 4.976133285752601 4.9400912837582736 4.909930871953056 4.889346600294281 4.879620915290257 4.879917300297477 4.887409055398685 4.897321046091156 4.903559221408789 4.90046204261946 4.885078856777364 4.85839614927248 4.824578689035035 4.788944150958859
4.74384432475461 4.827186399357681 4.900714723790699 4.95876611512377 5.000399247111071 5.028819437212464 5.0492956461633645 5.066967063546426 5.085423399769454 5.106104507632624 5.128229644294482 5.149109663736513 5.164904882831862 5.171855348830144 5.167700253179244 5.1526942988026265 5.129689810902445 5.1032474860144745 5.078281863037196 5.0588945781776085 5.047748899381938 5.045915486729079 5.052900761968933 5.06664986133523 5.083578625669908 5.098919479040956 5.107648945712925 5.105913261021613 5.092383314368734 5.068790808739906 5.0392955539798745 5.009034333736427 4.982607916644406 4.963089108667604 4.951649267130981 4.947558414307362 4.948334123932391 4.950086961601702 4.94831345487776 4.939199046305661 4.920956143985618 4.894415838120961 4.862505827612114 4.829009738134499
4.785513996444767 4.864620428385026 4.936261096655102 4.995848211223589 5.042125445074914 5.0768658096629755 5.103582617487831 5.126013116241547 5.1469679662863355 5.167728794909602 5.18792530610183 5.205802407301269 5.218835264764488 5.224611491899988 5.22175917932465 5.2105839555588185 5.193140258682494 5.172715299395564 5.152980306350741 5.137164228145306 5.12748770431436 5.124889741687478 5.128949624482253 5.137921089547158 5.148905291464115 5.158276357957852 5.1624292900041135 5.158727183103617 5.146307538861798 5.126364977439487 5.101749811408198 5.0760672082168545 5.052671776041184 5.033899077819225 5.020660633581595 5.012353275524188 5.007011006253063 5.001710195757845 4.993272153855202 4.979171282847702 4.958327745485042 4.931397787581471 4.900419168086179 4.868031418471393
4.836558173782058 4.910514051206799 4.978901171717812 5.038019575037103 5.08650697918035 5.125180506482998 5.15623882528265 5.182244593380209 5.205267411097221 5.226373033631404 5.245481632859077 5.261551527010178 5.273025652306743 5.278440922338057 5.277037076685847 5.26916487335083 5.256343626039317 5.2409540778785475 5.225698218756479 5.213023280799251 5.2046664971336085 5.201381950391823 5.202837726558773 5.207660631736356 5.213638186523292 5.218107528739617 5.218519668820524 5.213067887421856 5.201177479342659 5.1836570951836265 5.1624368981167 5.139994971510896 5.118686669866078 5.100182856472941 5.085130168618116 5.073055510345939 5.0625014441900325 5.051381231440902 5.0375196951602 5.019264309254489 4.995961591682044 4.968101637533523 4.937075204344842 4.904667705844412
4.894859703966493 4.963193773258794 5.0274805508276925 5.0847219537951895 5.133557285329127 5.174183909278098 5.207864001313692 5.236254397878409 5.260798811827111 5.2823311438975145 5.300939145076614 5.316072944801432 5.326845482132836 5.332439339013895 5.332503850460399 5.327418566166149 5.318336011647391 5.306993411348712 5.295363569717458 5.285257861147991 5.27798423376148 5.274120354123199 5.2734212271576935 5.274862884583539 5.276823384720267 5.277395931041652 5.274797562708809 5.267786763084851 5.255967482052332 5.239871930353506 5.220786661368284 5.200380588687449 5.180257570098068 5.161561649523472 5.144723123603044 5.129384080480984 5.114507597441868 5.098651410526789 5.080354614095136 5.058539924353696 5.032802755374099 5.00348189914967 4.971489431524289 4.937971995090497
4.958250224230242 5.020871328975451 5.080639961858674 5.135107415404518 5.18297172124481 5.224043648557161 5.2589437165491315 5.288666914135271 5.314164818689204 5.336052969516106 5.3544923178868125 5.369243601428538 5.379857599811075 5.3859378720355195 5.387395947796809 5.38462000565639 5.378503689551334 5.370326912602399 5.361527257147612 5.35342876292888 5.346995929531492 5.342662015500838 5.340257509747745 5.339047716935137 5.3378772104420475 5.335405193454582 5.330393757327535 5.3219859417603494 5.309898153947101 5.294466769381128 5.276531798531899 5.25719329259732 5.237513860486197 5.218248839717835 5.199668016143532 5.18150398552892 5.163034068355192 5.143276655368532 5.121255481878213 5.0962598756782596 5.068020045436993 5.036738448648726 5.00296784541395 4.967379562396437
5.024724594068225 5.081836367936808 5.137001005315597 5.188205695352723 5.234239808294129 5.274688224608351 5.309748236743248 5.339950563680641 5.365878167652649 5.387957329235644 5.4063607990109865 5.42102792029241 5.431778329175528 5.438475771020208 5.441188313217458 5.440293904404224 5.4364973288770475 5.430752093052849 5.424109063317474 5.417532439647848 5.411727832400364 5.4070191646481405 5.403297493895439 5.4000511474446595 5.396473969503777 5.391635074749447 5.3846785459523705 5.375008797284642 5.3624142873619505 5.347094724028177 5.32958340611799 5.3105872834140975 5.290790240490386 5.270672213116163 5.250388430737475 5.229735352030396 5.208208793116551 5.185138372543602 5.159862469590412 5.1318937308058175 5.101024040350277 5.06733462366887 5.031107507850978 4.992666214094825
5.092577081421755 5.1445815856611725 5.195292713839816 5.243051516775064 5.286757743289881 5.325880138106291 5.360349435127043 5.390382485414001 5.416296382805471 5.438362675114521 5.45673148912085 5.471432217792893 5.482437044341892 5.489758989203887 5.493549245943818 5.494160715040577 5.492155708633359 5.488252840343667 5.48322571399189 5.477778562910694 5.47242833890959 5.467419366075752 5.462688409992733 5.457887792811824 5.452463496132257 5.445774425882197 5.437229054928875 5.426409059280031 5.413149848111251 5.397557170661677 5.379955687636998 5.360784163172469 5.340466164482609 5.319290395128313 5.297330488153287 5.274422769982636 5.250205586299124 5.2242081713800355 5.195963497354576 5.1651115596154344 5.131460835622485 5.094987602104663 5.0557722700895305 5.013892024167255
5.160457481327591 5.2078645664250285 5.254422932393075 5.298766451987546 5.339914758360531 5.377293815845369 5.410677261741995 5.440078151776073 5.465628280319539 5.487478321985479 5.5057401920151 5.520478084615581 5.531740688508249 5.539616826745467 5.5442919013839385 5.5460838135446044 5.545444010467062 5.542919967148424 5.5390865378701015 5.534461965592083 5.529427908652647 5.524171452423354 5.518661930078603 5.512668103939196 5.505813165031551 5.497657089588864 5.487789332174522 5.475911308336787 5.46188932870813 5.445765245855281 5.427722769934793 5.408019074964538 5.386900261061058 5.364522816370055 5.340900773456494 5.315890902207709 5.289218080792528 5.260532244864506 5.229479443935708 5.195765011647719 5.159188638335288 5.119639506332865 5.077052484093027 5.031339792654019
5.22736412706052 5.270718986365313 5.313505297448714 5.354601452652854 5.393148727898986 5.42857735561332 5.460578290805778 5.489038977752218 5.513966687845746 5.535421345506778 5.553472836054075 5.56818833950525 5.579645956793314 5.587963868334329 5.593330808180499 5.596024262969129 5.596407115046583 5.594900118905113 5.591934677110788 5.5878959040153955 5.583068615913954 5.577598326787213 5.571476068070063 5.564550828678784 5.556567636455583 5.547223752947544 5.536231164295992 5.523371609007853 5.50853163591903 5.4917097468236555 5.472994585940829 5.452520502066907 5.430412469500844 5.406734702095624 5.381455794916446 5.354438428857444 5.3254548716040775 5.294222376936371 5.260446922614918 5.223861202124555 5.184244486888933 5.141417871996232 5.095217124081667 5.04545453646804
5.292598759429733 5.332432249409861 5.371855261577626 5.4099502067237495 5.445975559722731 5.479393935431925 5.509862523251548 5.537197184272459 5.561325172201291 5.582240864909347 5.599974873212979 5.614580997688372 5.626139464746122 5.634770148951576 5.640647047156439 5.644005485140518 5.645136145931533 5.64436416591178 5.642016039838238 5.638380687550141 5.633672890067876 5.628007079173384 5.621387371183186 5.613716335747792 5.604821011413738 5.594490902460415 5.58251990139184 5.568742982122439 5.553059536917806 5.535438324216703 5.5159034742919655 5.494505690828441 5.471286384837141 5.4462439892381855 5.419310750070994 5.390345172937539 5.359140859374318 5.325447857132773 5.28899912581428 5.249533382820407 5.206807081351417 5.16059248212742 5.110664797173046 5.056787694792647
5.355705945343441 5.392505924921451 5.4289680262427735 5.464343640327814 5.497999554568807 5.529445564629088 5.558335834889526 5.584450892311938 5.607669711514721 5.627941292992072 5.645262838357373 5.659667996733587 5.671224787321606 5.6800396766487165 5.686262585687449 5.690087600106965 5.6917457046874125 5.691488433471009 5.689564164688386 5.686191121320228 5.681532384493432 5.675678130941627 5.668638949160942 5.660351817326096 5.650697643368682 5.639526743530233 5.626686827788133 5.612047423240262 5.595515433159477 5.577038600915762 5.556596557125626 5.534182133618882 5.509777924732856 5.483334046640156 5.454752440511381 5.423881065954624 5.3905184868778955 5.354426446694257 5.315345910863331 5.273011437875874 5.22716000742223 5.177533478597009 5.1238780313233 5.065948187817954
5.416412645836187 5.4506114207319625 5.484488613307507 5.517434153055627 5.548911616117298 5.578483790760492 5.605819914592266 5.630688653742666 5.652942738826768 5.672501360674378 5.689335156269532 5.703456416403503 5.714914704688899 5.723796038175564 5.730222609181092 5.734349931378911 5.736359192692147 5.73644417048084 5.734793838566327 5.731573279200508 5.726906322995704 5.720863287112107 5.713456295391722 5.704643158767242 5.6943390102900375 5.6824332223233505 5.668807965198464 5.653354389774968 5.635982960050087 5.616625835959629 5.595231096238096 5.571750524433396 5.546124155660402 5.518265411626875 5.48805028051177 5.455312744023483 5.419846879229634 5.381414290210857 5.339754315929831 5.294594277888546 5.245658100882303 5.1926738525298175 5.135383619066503 5.073561844301839
5.474576194503099 5.506548575194137 5.538180991863341 5.568975795304178 5.598480772883762 5.626311808063964 5.652162784190026 5.6758050159611955 5.6970798375293805 5.7158882670969735 5.732181003838504 5.7459507101276195 5.757227016253683 5.7660733743749 5.772584097338568 5.776879795176362 5.779099932990705 5.779392184272522 5.777899349355869 5.774745537054261 5.770023817349223 5.76378751168907 5.756046702573123 5.7467705505876685 5.735894830460431 5.723333005106573 5.708988402918729 5.692764837048175 5.674573379944973 5.654333912185273 5.631971292978199 5.6074072492215725 5.580550035251809 5.551284336185283 5.519463678739692 5.484906855033967 5.447398797644202 5.406695313560527 5.362530457960224 5.3146253986524385 5.2626985132791075 5.206478057917229 5.145720654823709 5.080240404895856
5.530143509723542 5.560210840531737 5.589900175064355 5.618804320568873 5.646542843731989 5.672781507035435 5.697242884021695 5.719709321025941 5.7400204055731745 5.758067419553258 5.773786947073865 5.78715505981685 5.798182581122064 5.806911102551655 5.813408902148193 5.817765798276843 5.820086255684354 5.820480626114327 5.819055072581826 5.815901296305446 5.811087495274009 5.8046519433555375 5.79660018863388 5.786906214304226 5.775517132657745 5.76236026933547 5.7473510089209645 5.730399635009929 5.7114156515403 5.690308667511512 5.666985727660244 5.641345784986419 5.613272639200905 5.582627959214359 5.549245911528011 5.512930486296843 5.473456008651031 5.4305707709858515 5.384003458663969 5.333472245863559 5.27869716501485 5.219417478234098 5.155416965783365 5.086560743302035
