src/interpolation/Data/testdata/yz2781-slice.grd
DSAA
151 151
126.8 138.00000000000088
0.0 1500.0
3.799821370178477 24.85084152991297
[rows 20 to 39 of 151, columns 88 to 131 of 151]
18.589710506668613 18.71364286818176 18.891627120407563 19.0935994740493 19.28728060756623 19.446007685155173 19.549952249217082 19.58776689677993 19.55611866118021 19.457969772329253 19.304473246994377 19.116325870629776 18.922832827591208 18.760863076154003 18.665921633555765 18.64955352669765 18.68164052369035 18.700481794158453 18.648048429891492 18.5341208120651 18.469585150188507 18.472553872008383 18.548065610609832 18.658977692008012 18.7004695432183 18.6771227565563 18.65384521369259 18.69454579024125 18.82464214643971 19.01991699993298 19.228505940880805 19.4018700574231 19.513038409189672 19.56275120041678 19.572359052374964 19.55256657520352 19.487831989304407 19.370153254552495 19.227756937855723 19.11877372831116 19.09304409716467 19.15355789763878 19.260886306164878 19.36516041410192
18.306723654445566 18.39479432922591 18.5160472920743 18.646105819482134 18.76484448510269 18.86010189785169 18.92327843115309 18.946850834906357 18.927283593745262 18.86790879077889 18.776784750100376 18.66398701193733 18.544170307425727 18.441156119627546 18.38376070762 18.38748072348267 18.436706726530833 18.488430663693332 18.501047564703196 18.478414590650093 18.46440600580172 18.465002105049496 18.481571981428136 18.502376409077964 18.485284755115487 18.43691503267722 18.407089596419436 18.443578356363176 18.562405113778418 18.74347233579846 18.948847870572106 19.141666426953268 19.292740220568138 19.382938011685077 19.405935226169202 19.362676415724756 19.258440435571497 19.114457934030916 18.971833658501914 18.879007942101723 18.868213331585903 18.93621131605061 19.050458077370717 19.17155353938878
18.02169471670573 18.077991735396346 18.145661173187342 18.198870047235577 18.223628378681454 18.22230382807654 18.209382462694084 18.20203301889847 18.20849076361725 18.222063851177342 18.22654503509582 18.20812150420967 18.165549685969808 18.114743161072347 18.083856821916413 18.096955748885293 18.158139970709552 18.25083226842794 18.34665468386261 18.41524899223517 18.443831575397585 18.442185873276706 18.40909035742576 18.336621754129535 18.242575923933675 18.16139125691274 18.126012151744813 18.15767603202268 18.255468388768534 18.39693521895127 18.553216224551342 18.70173686854304 18.825754103926243 18.90801254996013 18.93215698583029 18.894724359218415 18.811920517408712 18.712065719877206 18.626388325073673 18.5843187425483 18.604363362981754 18.68358955523166 18.801596247373713 18.936258078551496
17.74159683846964 17.790128363548884 17.836013715267367 17.85475043234759 17.840162061220052 17.80560178221699 17.77296577959597 17.75934436050635 17.770884818593352 17.802596376838373 17.838640346418373 17.857996022814255 17.847631495783364 17.813655646996803 17.779999519288847 17.77300648322548 17.805761461365158 17.87733700944718 17.979148106072074 18.088900025065417 18.161472952623882 18.156300962421774 18.07679019680252 17.967464793556992 17.872730643778212 17.815043370277635 17.805765048376415 17.8485745303401 17.931964123240732 18.03037814371627 18.117805467047717 18.179415808267954 18.213560607555618 18.228323141590028 18.235247061031693 18.24067984187661 18.24311154666009 18.241339061082115 18.242833508444843 18.263056523417436 18.315271585160307 18.399466168471406 18.503745702106972 18.61684733805209
17.47475484059466 17.54688785238945 17.611283609745982 17.646193355552256 17.649788495373087 17.63703243776392 17.624383085837394 17.619523305156527 17.623592835939103 17.63573654408952 17.649218640350934 17.648525985588847 17.61857523107047 17.559594818954125 17.49067781420603 17.43476934733906 17.40048316714389 17.379704262072853 17.35863416167385 17.331113349042703 17.308476422602425 17.310546391577105 17.33577170161529 17.364495411257238 17.388734880286155 17.41755306943173 17.465686556559024 17.539740231009386 17.628785433175295 17.708921519246935 17.759552508920965 17.775985167311074 17.769852217276892 17.759659350836866 17.75936838649395 17.77524129965897 17.80749703172171 17.850642982466166 17.899623260293517 17.956441769528595 18.025654281193933 18.104223543469296 18.17995360238094 18.23897639468198
17.228499919077752 17.34617346276497 17.457251771610164 17.536513195059094 17.57807843433652 17.593647203720728 17.598062339608653 17.59931588689688 17.598245570931134 17.59424888883883 17.580040251222524 17.540998666252445 17.464249467891573 17.352762103443617 17.22859467163227 17.115789821717915 17.020659201952586 16.931403093407415 16.835870321916797 16.74457413824945 16.690508602155635 16.694392082493014 16.755345934281692 16.850376458871626 16.948170966845126 17.04157805787322 17.14187951722951 17.255623635985426 17.37191519730978 17.468859284113627 17.532632775551534 17.569480221262253 17.59772230671285 17.623796790713822 17.633359849358452 17.620908872739292 17.607334255820234 17.61486688978188 17.64636021342597 17.696540556765388 17.759773219450576 17.82566505151735 17.877890976924004 17.899393979918568
17.001094439914556 17.168838034558153 17.336812859044134 17.46871932293181 17.54883536961504 17.58538202201953 17.597118883756465 17.60335926516833 17.59761930574016 17.5870654454539 17.553161505877316 17.47630422929118 17.345625449475524 17.172708193410514 16.991207662179892 16.8350299238192 16.71863910454808 16.64076181025487 16.597624065000744 16.58261972749639 16.580599378034353 16.580660746106993 16.58371232291701 16.60271649585692 16.652647458928357 16.737948487837983 16.8579754309044 17.006159584482017 17.162548391433937 17.299607483978566 17.402074810692326 17.47992336342676 17.55929875771643 17.64017455532086 17.66601361751032 17.61693637001573 17.53968958028321 17.491004996309275 17.47581436105964 17.489370927316294 17.527610652999346 17.57880897988177 17.625083992387637 17.652264881056706
16.779429321270154 16.986700811712097 17.20736117258789 17.392715903503447 17.514431381036843 17.57444925728064 17.59324169705223 17.591884733585438 17.59367787284824 17.57731466484446 17.521333279693277 17.40361793941835 17.218298901031275 16.989017872752743 16.76287723521315 16.584118109206454 16.475193576584626 16.442928394401072 16.48314056788745 16.55211152820782 16.579978355844478 16.579163419884047 16.544933141967782 16.476248966813763 16.44655449466808 16.49189138718171 16.609338081060006 16.782512708110172 16.980729594216175 17.163873700552706 17.304020968970967 17.40343034382549 17.49925927606273 17.644962403184604 17.69945147561933 17.591804661848197 17.46819687120642 17.398103112081333 17.347107585628084 17.317065274687984 17.321371676652078 17.35768651558783 17.408762611693213 17.461452779255445
16.54574621717424 16.772548824121063 17.029091537813716 17.262667777006943 17.433957766164774 17.532756625072107 17.574497643747648 17.58431535835388 17.576259788492223 17.538108096744498 17.44428170341186 17.276627709540225 17.040991821296444 16.772882465058988 16.52491460986527 16.34069172024214 16.238440111393455 16.220385004439883 16.28962117336511 16.430963807300543 16.538912633462513 16.531804930349352 16.412316667417137 16.277612150763513 16.22259504972383 16.256830417082185 16.37470149895462 16.565486767620495 16.79842366070013 17.02361149191943 17.195584484644726 17.29395307537773 17.318516958532292 17.245729580811503 17.14244211567387 17.286616950847698 17.322603984771252 17.290497437171382 17.2212464606341 17.15169190247786 17.122529360417964 17.144804514645465 17.19952215923749 17.266234963454078
16.28818690809081 16.509056189703486 16.77054692735788 17.02979935799685 17.246589617869756 17.396976537249884 17.478764210332663 17.504537259413585 17.48286577104275 17.406027058494217 17.26026259108116 17.044830342665076 16.780503493350224 16.505856336593066 16.265292138381017 16.08999090446054 15.98317883068241 15.924279669309366 15.884802288261103 15.83984040071708 15.788973001102812 15.793922482207682 15.846709884091583 15.891497018108378 15.936055726654754 16.008236489869525 16.136837217290477 16.33624822416632 16.58905948620579 16.847080672215117 17.054813288652706 17.17242204026863 17.180332473290424 17.100101636875813 17.0682875016352 17.130787257571164 17.194980834057574 17.16644874675797 17.069608329832562 16.964472154454928 16.910117795078243 16.923474525513697 16.979612204397835 17.0442751030424
16.008000138249834 16.195642541020263 16.420322798256535 16.655631402679397 16.874128778654967 17.05076719265214 17.16535839671497 17.206611828711463 17.17135511355868 17.061647693171082 16.88715090314811 16.66641703850056 16.423399965472004 16.185687029218663 15.982412036446544 15.83282835877368 15.730660271046116 15.641762674958525 15.522979374361032 15.374588125555075 15.290799228574613 15.295233683112553 15.39221853927072 15.542269422396666 15.660960502332298 15.761236483181401 15.890806486080725 16.08206248122938 16.331679695129797 16.60310875038261 16.846272757480595 17.017369786544705 17.094582219525126 17.099343489487826 17.093592870242265 17.103514492201136 17.085729654113624 16.996977595146237 16.856802217581276 16.72755481905233 16.665447121377763 16.681564021460158 16.74607193378077 16.817157378335505
15.716523680883203 15.84972074340416 16.001174112616216 16.1530647160541 16.291744700412693 16.406689329854785 16.485646728567716 16.5153180999081 16.488970259912005 16.411654315073946 16.295586075387245 16.152287117265686 15.99163330199043 15.82761526650804 15.681252501933553 15.57142114147047 15.498489480394946 15.439512961139021 15.369283138062334 15.302012013138883 15.27746068433 15.278275860456892 15.30876763789066 15.380740043812088 15.455201007049814 15.528586846922474 15.633611305313204 15.796333318143956 16.015227867534648 16.265066413445112 16.51215793620041 16.724216634458617 16.875126929629158 16.954922956913695 16.973608264280493 16.938835302153088 16.84439584292462 16.69808390344931 16.5388389047754 16.419140425335296 16.37511515396679 16.4079497311168 16.490991915986292 16.589452994851502
15.42505444198102 15.499973616896844 15.569428510128837 15.615108277076933 15.63021451935014 15.62099537830482 15.602976869658832 15.593247502341695 15.599670058655603 15.614726200348276 15.620591157524347 15.599917053981688 15.544430601866306 15.460276518613817 15.368505746577078 15.29558795723206 15.25747847063112 15.25149027533618 15.261644940056927 15.271370743916112 15.27495992797826 15.27482277622664 15.270987037654606 15.262674908165348 15.2596545439861 15.28305451481504 15.35332690914365 15.477771011128404 15.645174428103367 15.833112450278033 16.02088626373385 16.194014444822574 16.33830922806163 16.43406757489818 16.461815515854397 16.41740049977656 16.31944667783265 16.201094251679965 16.097149179903187 16.036514501575194 16.035397543676055 16.09185702793032 16.190826518714708 16.315518343652823
15.140852022963108 15.17584095971606 15.189621594325969 15.165974125635632 15.107434952538263 15.034431282473788 14.974873884518555 14.950638085673912 14.969601749209676 15.024061056001289 15.091599387634925 15.142242887574476 15.152373351930235 15.117177639816896 15.05412809053686 14.993347251217505 14.960715667513007 14.968445911624071 15.014841627254555 15.080168975570642 15.126107943384195 15.122944486786242 15.073207964277703 15.010556219735236 14.973582764154784 14.98175607925382 15.03836788967179 15.134177055485171 15.247857294358406 15.35416301943927 15.43574942684912 15.487708395378187 15.514640865122555 15.526320074984092 15.533333200128446 15.541648659108644 15.55118210680501 15.561462106061102 15.57698443850583 15.60664156123175 15.658080109508473 15.732394580474484 15.82584360125863 15.93695957372241
14.871215976570426 14.897731813282553 14.900270649156043 14.868762027977883 14.81350208744066 14.757236813923322 14.718777234156796 14.704898597662272 14.715818728931282 14.750340477700345 14.800577924247115 14.845406493065362 14.857951742611979 14.823940562388199 14.753249079615191 14.67227766185822 14.60436463503811 14.558091379950206 14.53020210532434 14.51414579135727 14.506397033246175 14.507225567791233 14.516799571784818 14.535679057062266 14.568478870506478 14.621963144731275 14.698086536773546 14.786490449927143 14.864173054266686 14.906755078454125 14.902659200021624 14.859044835898246 14.798977097231436 14.752468347708215 14.743554995456341 14.781998791557678 14.862291849675264 14.96701695552018 15.077007979460241 15.180145625537952 15.2716457020183 15.3499886890522 15.414129701435186 15.463057284328203
14.62327415763555 14.669364387854467 14.698763544208827 14.702193214454411 14.686872469352078 14.667977239602461 14.65496084136254 14.649732010888409 14.653948849649298 14.665222246628282 14.679609775711663 14.684035345084327 14.65724585228213 14.585987036630087 14.478764811156173 14.359551850477022 14.247483389237253 14.145575544203034 14.048309390991587 13.961274636540535 13.909423159739912 13.91318957577138 13.971336302758747 14.061500713852011 14.159706724405604 14.260392521698979 14.364331400796862 14.461510039593454 14.53003145886233 14.551159234813131 14.526447504986763 14.481133595619003 14.448529838061459 14.441467855102152 14.443904937274613 14.449124661895087 14.482128260108109 14.563838320085928 14.68198686250784 14.806098123700815 14.90987182852536 14.980127819958895 15.013156275837966 15.006302136541938
14.396369855247162 14.47596407662942 14.552443739059694 14.607664753927141 14.637089182062093 14.647791659454002 14.647408222670267 14.635566546573559 14.646786440068775 14.6474419365891 14.63429565064347 14.59489965072538 14.513545269379607 14.386365084483181 14.230821334545723 14.076768788351886 13.94799707807921 13.855244641310568 13.8007461555833 13.778717586884644 13.773878437166339 13.774087718062034 13.780273690395607 13.805767361357711 13.863713230492673 13.954082427684657 14.0651943134038 14.17535014398146 14.25743583097838 14.294820999056917 14.297352960560996 14.300247155567027 14.341523109819512 14.412842002341755 14.4390192334268 14.39139953834086 14.33346326010532 14.338910821344733 14.408189036380236 14.505709204237096 14.593170620176549 14.648397908695607 14.667833541590296 14.657560734006108
14.177878122339235 14.290230931087361 14.417427596303249 14.528112214715486 14.602589003844157 14.640301537721884 14.654865125972686 14.678336955421756 14.655791233808872 14.641565631852941 14.602777340887018 14.518838270020902 14.379543302525832 14.194705469465026 13.995656754561452 13.821282572860184 13.701982495735674 13.65635590914963 13.685868835854116 13.746669271891813 13.771885876801802 13.77107598406527 13.740156602786643 13.678873635099547 13.655680065583915 13.70215829049203 13.802747532297312 13.92475108658848 14.032932586591297 14.104786737845126 14.144141583142043 14.18085978493464 14.264934911720779 14.430598843556675 14.488698991433726 14.371596673712725 14.232903912651995 14.193371863096246 14.215759987040949 14.267537324361829 14.319825893741916 14.35460158136176 14.372050624768672 14.387811063057823
13.948341292514229 14.081725092503767 14.249253751928713 14.412193608486007 14.537109745707008 14.61152893928098 14.645227035304094 14.65560001801837 14.646729266160595 14.61455445207342 14.539392384850295 14.403779645368763 14.208904296051688 13.978964374426402 13.75391389232633 13.5732031295394 13.463310990274353 13.440036979610008 13.513823110245644 13.657920872521167 13.751925825482203 13.746551642045153 13.639678362784348 13.49929594780264 13.435974060444074 13.463051731442578 13.55875740992266 13.69292164991399 13.830140964603139 13.939828299256137 14.008496037001807 14.040162614573578 14.044571966177148 14.015303553025566 13.964494453637204 14.031767239683841 14.049991635524483 14.05373851273121 14.056300527927986 14.062793210593924 14.072456249528452 14.08124296151247 14.090411291528346 14.113150960125203
13.691749966899383 13.825899764758352 14.007889277063674 14.204885162220451 14.379063889794145 14.503546823261177 14.572127836875278 14.593831385005748 14.574997672225928 14.508661363628025 14.382061979514132 14.193710374223945 13.960939125293391 13.714882153101263 13.490798149623123 13.316311766917062 13.201582250782623 13.139805206263652 13.117145298840242 13.122143706518456 13.14113849812743 13.139120183291848 13.12041389924792 13.118452128541541 13.144683709690577 13.208138239223299 13.315326295924617 13.460535014721069 13.62132315615902 13.765944146013625 13.865640946540747 13.898568934031612 13.84062624604411 13.692316276700808 13.640383537928646 13.7454396952893 13.876606824895143 13.915229544481289 13.8971184423806 13.860064859142772 13.82919859960723 13.811116466712082 13.800642193814168 13.79307202874007
