src/interpolation/Data/testdata/yz2781-slice.grd
DSAA
151 151
126.8 138.00000000000088
0.0 1500.0
3.799821370178477 24.85084152991297
[rows 0 to 19 of 151, columns 0 to 43 of 151]
24.339236304368047 24.519998135813964 24.474246755042202 24.189768339776663 23.78372534267088 23.4019357764929 23.086041373957237 22.833410036375298 22.643974008919784 22.535803350067987 22.545787202996706 22.707411235108253 23.003250337530456 23.34153221310392 23.612520111417336 23.762247245886964 23.791311182425932 23.70912946817974 23.517447530145763 23.228599004723808 22.87936467679303 22.5281537645521 22.244826990503753 22.091176191747834 22.090590502424945 22.20880463511737 22.372661748468015 22.51495520976402 22.60303884481893 22.63272404378332 22.605881832941883 22.517444584583842 22.36258181239425 22.156072215930084 21.944666641596093 21.795175827799213 21.7594041835811 21.842945108581183 22.00642824253718 22.193736566852042 22.358415296274817 22.47396902104422 22.532137513020484 22.53506266557564
24.518617569402497 24.71746654941252 24.67845161766957 24.292707674204465 23.771856270597773 23.353794890514333 23.033692592202712 22.786607100064355 22.60545595964386 22.511120877432138 22.55296564049442 22.7779587209937 23.15921811828205 23.56557535727761 23.85817372182839 23.996802135463223 24.016748346455657 23.935838043784745 23.735562470698543 23.417513426695315 23.024474129406546 22.62487795000229 22.301704665668304 22.132465800781137 22.147127357594375 22.298623090982638 22.49054064553358 22.642026989953457 22.72527534344179 22.750767116720606 22.728949478402896 22.6486524328669 22.49114832721716 22.26344411813039 22.019022699507662 21.84277113737696 21.80219494522334 21.903218314140307 22.094053916680792 22.306364333033812 22.487413663058476 22.608780697381473 22.665247478923664 22.66430095989354
24.531044275178697 24.85084152991297 24.677584204553003 24.020050766143566 23.54891228405611 23.18857943705825 22.907740852849997 22.690556442757966 22.530615000370286 22.454085282820163 22.522852933938427 22.796054003566866 23.23888088146623 23.692572578898652 23.995894024531303 24.11242379192016 24.12326709154351 24.05658216802595 23.851521216214888 23.508387727988495 23.08664985528908 22.65780389368468 22.308901484549875 22.1295831203452 22.157518235776188 22.33730028357714 22.55369437291326 22.711885072406645 22.786618799679488 22.805200331253236 22.78987616701541 22.720210204540813 22.561003703028295 22.31453646366591 22.043641281062243 21.848481569511762 21.80736103951411 21.923965554384555 22.135677246572357 22.36744869817184 22.564673382646767 22.693472152341332 22.747207357804395 22.744748671180844
23.942923757371183 24.559498297517855 23.61977221208003 23.483457199117236 23.23093887729795 22.942046771291754 22.726258174201206 22.556938155666998 22.426376848769042 22.367095729096455 22.45005802943935 22.739575266586503 23.196322857048955 23.669946388347377 24.011313636942432 24.137183125947576 24.142979501356916 24.077070660932065 23.832525751879498 23.46392382210496 23.041470750627607 22.613727622971346 22.25976769924037 22.07654093980716 22.109920650983323 22.306567695580757 22.547141037677104 22.724399768955816 22.80264310321936 22.818005402456603 22.805736303013514 22.73437860605675 22.558681154630392 22.29027816564105 22.00455965444245 21.80565730083707 21.77068598588282 21.897715019103288 22.117353949190544 22.35672255364488 22.571360218816178 22.72205275011307 22.779238635241466 22.776643956852443
22.50907182954051 22.37718358901748 23.316381460084482 23.238433777183417 22.845672433713954 22.647095886227888 22.51988392768768 22.404822326353507 22.302868902837627 22.255073252831618 22.33621402873531 22.605608683130388 23.011714165127593 23.42181599337227 23.77536399868976 24.024250011648427 24.059443722729892 23.876765839205643 23.577267343280088 23.251852964112523 22.885715631304 22.49361426542991 22.15413381320146 21.97073001303424 21.99475230923811 22.183651339350526 22.43696640171222 22.652807130957168 22.770121167865295 22.80062966556522 22.775700835373108 22.666650807889386 22.45054338336659 22.167184034113554 21.892104458360134 21.712136534796034 21.691445311119796 21.82205823648661 22.031314038998225 22.250369465713682 22.45675240235166 22.645273507365303 22.753593510902117 22.74726530062631
22.061124116400755 21.779468395257226 22.03556107184674 22.324107573584232 22.381545517410604 22.374318402723958 22.32982389890356 22.25382146980483 22.168763078553745 22.12288978513663 22.189703598607437 22.419481943390345 22.741610343809512 22.987973471586745 23.05748465850571 22.980431896206248 22.955956882671916 23.050455051313236 23.06269502074995 22.926357168225316 22.657951804489013 22.315369672289847 21.999097943429472 21.81632455541507 21.814848946228086 21.95766905205268 22.1695721616692 22.385197327228468 22.548659660785543 22.61219395401595 22.558723615464046 22.4006503521881 22.178282838479703 21.93427232493657 21.712352994348876 21.574181287922645 21.573981358601912 21.703550602228614 21.88950777419303 22.055207158903627 22.165868158392495 22.22593716338397 22.25373088217285 22.252356333659144
22.061300779130605 22.00298698212036 22.229806815354795 22.24963574517046 22.20765075105732 22.213086001054034 22.181888769411387 22.11102160860178 22.025113515764147 21.9713918592788 22.01772231412213 22.211041026474163 22.485364605460113 22.665767498083202 22.659023767780965 22.59377808024946 22.58715840092936 22.637448944584353 22.70577531059894 22.639207878342972 22.41334390044867 22.099898992607308 21.80527676527852 21.626094266468698 21.59588493623777 21.67080712511626 21.776546161615492 21.859799722580362 21.903360037736846 21.915299938166292 21.904454686861005 21.861295338567825 21.77177764997999 21.63933088436803 21.49717576398268 21.407146291862816 21.426512660968815 21.554342581640114 21.722964136392513 21.84896968610191 21.87744478940848 21.806185546903855 21.729442656770424 21.734956969318812
22.13668290437155 22.425995749496057 22.238264700364137 22.214675651945136 22.155552645424557 22.11610017409491 22.052512015222906 21.961149711099214 21.86217584935504 21.795454814420168 21.819238352368277 21.981560276798024 22.247939598924088 22.480048984490892 22.57531200769857 22.584618247144537 22.584345760219435 22.58553034146905 22.551570908959032 22.410811677899325 22.15718746661026 21.852320090005538 21.581737286232514 21.417362044871346 21.376547448555606 21.41164218111044 21.44961716673053 21.444182749950656 21.40659660180025 21.38481527127196 21.402567845529994 21.438202464915815 21.439472758891046 21.38070400194676 21.289653168701133 21.228919757282316 21.256974742142706 21.380961874747197 21.547061712645704 21.681207988878853 21.734866926929328 21.719437534454112 21.699376928528757 21.700680928928605
22.078799402707475 22.145592201068492 22.137901039553935 22.114637230584073 22.063008410872563 21.985319545263717 21.88619374738408 21.773537333458364 21.66396152539774 21.58728245889222 21.58856695181169 21.71181600879619 21.953908559471397 22.2327098422603 22.438264137837237 22.52908831201309 22.540356066921092 22.488649367534453 22.349825756248222 22.124275008409274 21.847252763770552 21.56623091680252 21.33585788984336 21.203659286378254 21.17896129882428 21.222342127495143 21.275753361300968 21.30310265562502 21.30724653970381 21.306537551098963 21.307018136368214 21.302621004600972 21.271730217622906 21.200434230670563 21.109803491907975 21.050054030777186 21.07030024255729 21.18039441792932 21.34261389245145 21.501660271099688 21.615395720215844 21.670951203180596 21.68703801797862 21.686978392041734
21.796932913607026 21.844314384747765 21.86804041759699 21.86205220821805 21.814536198685737 21.732940269074255 21.63174503820624 21.523054480920834 21.42025356434173 21.344284930871357 21.32637131414501 21.39763915761059 21.562459211856098 21.78274260807236 21.996130731222948 22.1383399284296 22.164377440144175 22.072009981172958 21.898459610906368 21.68691994801062 21.462452444799514 21.247442176540286 21.077476733417424 20.990069384887686 20.99599508717276 21.06844271593753 21.164496036747984 21.247135136211647 21.291945247443927 21.302266904604608 21.293933900576796 21.252160197114726 21.167769697924488 21.056476385944297 20.94479363902141 20.870551058462162 20.870378925672316 20.951681311481977 21.086762034077736 21.23752175891308 21.375870159766688 21.481874626747132 21.538258150656308 21.537155509410113
21.256248687641218 21.201837205355424 21.228814653834043 21.317792128892467 21.36137995615292 21.343414198160566 21.288342508037193 21.21542978622941 21.13919791563074 21.076095200102248 21.04680189441728 21.067370766283958 21.129964961514826 21.19840777422202 21.238238654266578 21.247786475437945 21.249620532780597 21.250075118606247 21.227228329784975 21.161174747524377 21.053022120568574 20.926081645525688 20.82065363884506 20.77705676326799 20.80968588498729 20.898745507523493 21.012421426356987 21.12741116311157 21.217853674916128 21.252480617008974 21.22357478734459 21.13652229637548 21.01907268921866 20.892892276170286 20.772873981741178 20.686635702250232 20.663845146415905 20.708967050437284 20.795592030634648 20.88894559823801 20.966503898711263 21.020326336876305 21.048823009926753 21.05163219829285
20.96513383822669 20.964894648157234 20.96182043655366 20.947395158855674 20.943191305256146 20.94251785979615 20.926302258159314 20.892490826922586 20.847718546084756 20.803250113886513 20.773023917818414 20.764825844288236 20.76525054370593 20.742486299029295 20.686043847534602 20.632927195005117 20.62373029839252 20.663147136986673 20.71841615643905 20.739766998914597 20.707073911172127 20.639794711506347 20.579637692982605 20.567165944896185 20.61538737057899 20.701198984082314 20.78715984621147 20.848889005746862 20.88232930183842 20.893031545907558 20.884034934117054 20.852352247752982 20.79075100215274 20.697721399903052 20.589250750837156 20.499233085210147 20.46043284145843 20.478047655004133 20.52558617407294 20.56709369594269 20.57983505906843 20.565350873897142 20.54791574744527 20.552605165784787
20.90071958345373 20.966910822087662 20.937789873805453 20.771823426762783 20.671070874637458 20.633573514883093 20.616879138099662 20.599871254595694 20.575235195594292 20.546486139518574 20.52388130027133 20.516300900170556 20.519890364590406 20.51984158401221 20.512111647731437 20.506379737808402 20.505670930005035 20.508973723477723 20.51305257615156 20.50220547040538 20.463248309202523 20.40585954372291 20.361680962146345 20.364626400891403 20.4233466667639 20.51000541768165 20.57864783814282 20.596966338018007 20.574946244869018 20.5589143671428 20.57248785027098 20.59569514328298 20.580740371084303 20.509673442974883 20.406177080673356 20.313290511030022 20.267929421998176 20.277452145101748 20.318694932200238 20.361212661934992 20.38816626842238 20.3994966981945 20.40268915943093 20.403473133552772
20.75071636940588 20.9359703836651 20.64477618408447 20.538965902377093 20.470741257373955 20.404852036924492 20.373482508180984 20.35586764712158 20.337084076265267 20.31631511934787 20.303980306393733 20.314780615721602 20.3556063341394 20.417559654239824 20.476582633238532 20.502323237326458 20.50366625435257 20.489126784067487 20.438760575413703 20.368222499847814 20.289843979045944 20.213256070877534 20.163136784917416 20.168350457562838 20.236541683874904 20.342705582032007 20.443337643002245 20.503556058591705 20.522369034613035 20.524592468487032 20.522914614459967 20.50679677743266 20.450522267382336 20.348405484582766 20.227514450559244 20.12909071530967 20.086396914203426 20.10532635827072 20.16481723869232 20.239365618144163 20.31400135547505 20.372787317819228 20.397435809217754 20.396334612505054
20.304682255143874 20.364761864013218 20.505612099721223 20.46206055369866 20.29453170421388 20.210004192772402 20.17618820221252 20.154949451670817 20.132608107756592 20.11137311895419 20.10571291206949 20.134784266823118 20.204829530670175 20.30115666388732 20.40551538401074 20.480301232027255 20.489494435758758 20.435869560222766 20.338491959806472 20.238066247588254 20.135799007847485 20.03849034979286 19.973035936185656 19.96974880345159 20.038941059183216 20.1633248695926 20.308313321775803 20.43159388031915 20.498838592204734 20.515606667041798 20.502119502995203 20.440905480881202 20.322220769938795 20.174692170571404 20.03574972581404 19.93886514492874 19.908473246316497 19.945465729894647 20.025851642371972 20.123298977321408 20.228459986188117 20.3322582030824 20.389190813074855 20.386125310724193
20.077033726472745 20.305190980528238 20.13443811081608 20.07869723903497 20.046427664621497 20.02760422614268 20.010367070447057 19.984826957278894 19.951981015642605 19.92272785778228 19.917610207883534 19.95771674187434 20.038011736043828 20.116220676480854 20.154401519570985 20.152079522809068 20.14884660024878 20.158517593716077 20.13944858498708 20.0763214398641 19.97569987162399 19.863831586981007 19.780408849279354 19.75972403041514 19.81205900580291 19.9231253389983 20.069646925523223 20.225368617561717 20.348719543264 20.396797021901012 20.357057963786318 20.240028443339444 20.085942530701338 19.935127723281028 19.81064085283226 19.734189698347983 19.725356042363344 19.782373016529817 19.8755524817478 19.9681334881318 20.041450085258354 20.10069131014167 20.14977755435991 20.145877604584843
19.93406969297752 19.90068374389857 19.934467531836646 19.917804694320456 19.88879542839674 19.89131538803798 19.87226612682946 19.83135724416164 19.780332964914905 19.737383610659297 19.728190749491198 19.77680167042045 19.873230594830247 19.954987377817417 19.96728365017285 19.94379772239043 19.94054990762171 19.960761818663688 19.974013183445162 19.922143012047666 19.810362733789933 19.680073426905793 19.57820411831347 19.536757535373443 19.558739928937793 19.621097906480074 19.693785380812614 19.756735390523286 19.80107732445914 19.819000741861977 19.804348115314724 19.762601465337124 19.70140050243733 19.62726085956882 19.555851205706308 19.515042599886787 19.531662616495687 19.60821332212214 19.713370752547647 19.799352766925363 19.826866031405487 19.785122753905068 19.7289718755461 19.733445429994667
19.88800761688938 19.889264677268752 19.926659524378667 19.8742557447436 19.818197673021807 19.79119793519532 19.740967248529937 19.671462593538205 19.597746109814555 19.539702781027692 19.524343421962698 19.579881413168064 19.70585100946172 19.843403888082147 19.920185394634842 19.936944529815346 19.937526357247005 19.93098254207877 19.887537734502825 19.780571003218746 19.629287471157436 19.476678758172834 19.36226430949546 19.307462983494926 19.30570504413619 19.32482303965407 19.32487511669826 19.283477439017283 19.22038986691709 19.188212914630785 19.2153597505711 19.27795862096537 19.32309510752862 19.325539924536393 19.30203147067672 19.29021399669385 19.325142896744836 19.416535829069748 19.539569619329036 19.648805558081413 19.704546080771337 19.70465134364122 19.693305029217882 19.69407146905071
19.811238256722177 19.836926360511615 19.812779174928377 19.775347393802818 19.726960681859918 19.656314600274523 19.56699967101584 19.47098631795582 19.38140354776753 19.314179258735727 19.292458789979634 19.344459481862035 19.482730840558084 19.671043959993654 19.827636770195788 19.90030791835472 19.908752366659847 19.86503416800456 19.749759684059715 19.57886557137756 19.39679589384126 19.239519073244583 19.130386814764027 19.07959738944459 19.077312867605922 19.09473590613275 19.10021471022979 19.082500531586078 19.060307880296985 19.05233610405205 19.058930613778 19.080401689164866 19.10006692976776 19.0967039537615 19.07651082664714 19.068704081379806 19.104462697311888 19.19624771096498 19.329749644791868 19.47286871094907 19.58977774405789 19.656692352332083 19.679252016034162 19.678341355995933
19.481577900077628 19.52849574423049 19.54101128828123 19.521225547024347 19.46631796454268 19.3847488132291 19.291422736418337 19.198345487612077 19.11488614999708 19.051974679907232 19.02605118160331 19.057836180915306 19.160618063729856 19.322672621081047 19.498462675421607 19.620928204175776 19.642276909033157 19.55929998159113 19.4079517127636 19.23958630873951 19.08654741969213 18.96416814944881 18.88455737064576 18.855592837904254 18.87234032695564 18.916865221682215 18.969065013101332 19.01347984971743 19.038112149526807 19.043813350773085 19.039294909960013 19.017128898097578 18.975228318121903 18.924156147175577 18.87691954713053 18.85205866583028 18.86994541435422 18.93941840782031 19.052370667385574 19.191691188471033 19.33705928148035 19.459732057214314 19.527018618764334 19.523371655258853
