src/interpolation/Data/testdata/yz2781-slice.grd
DSAA
151 151
126.8 138.00000000000088
0.0 1500.0
3.799821370178477 24.85084152991297
[rows 60 to 79 of 151, columns 0 to 43 of 151]
8.393283271783796 8.441305096245099 8.539272100315577 8.627938513215813 8.64839905545236 8.623076191745513 8.589333774790541 8.568110790016453 8.568273311529872 8.592592308112982 8.640015349005633 8.706049193622341 8.78447267932748 8.870842423043147 8.95852992119168 9.025057653186144 9.040271924362944 9.002797903345602 8.946798283712228 8.904965529691035 8.8842443143869 8.87378033529058 8.857818588493522 8.824744600143642 8.774950227042725 8.72452891055205 8.698457482396494 8.708575291326003 8.731360787707379 8.739379734681835 8.732714342823044 8.709499872890294 8.692259078163946 8.705186980663157 8.739366081762375 8.771636084805285 8.78683860575377 8.786329841050227 8.7848100038937 8.80014470290096 8.84189417894737 8.89946661971214 8.940305310745002 8.93497189979193
7.743330088012604 7.602648501230382 7.665508734381754 7.909748208481281 8.107128425678432 8.203767538481818 8.24727807285699 8.275246721419837 8.306141617696815 8.34623580958627 8.392880704364424 8.43508693817231 8.456928010360581 8.447670186932562 8.412750847933717 8.377072876838058 8.372792681881897 8.409031649280342 8.466139893200296 8.524039981002023 8.573019907521108 8.606069184754771 8.614989530212952 8.5949463205463 8.55283386711219 8.511167038246384 8.501190984718368 8.543794742262707 8.617352642767624 8.655493863820208 8.622973025603628 8.548099237112615 8.495527697807546 8.489613254464146 8.51096761633855 8.529212746910307 8.522758598079898 8.4875134086852 8.43421323505267 8.378097700743298 8.330523945437866 8.297001148640227 8.279291110846575 8.277298066732216
7.3725626364862915 7.2554629309902685 7.2779376741925015 7.479443682727385 7.687800516582862 7.819608116138037 7.906573357869841 7.974568385876699 8.036741496801994 8.096842788269939 8.149087560192518 8.177045344384409 8.159130856130586 8.087985769025218 7.992490201480086 7.925307911912012 7.915696906576268 7.966750380502792 8.066320202956208 8.180502105743429 8.27948738853927 8.348502300678103 8.37940408189787 8.369148485950499 8.32457585482359 8.262504765661756 8.200718557331319 8.148111401685 8.106447861919735 8.08657136692951 8.102485437934046 8.140373334677871 8.185582984192674 8.233329840688725 8.27349963177873 8.288114788799119 8.260747111888122 8.187153653174496 8.07610570070383 7.941391241198135 7.798300385378678 7.671677111769127 7.5976890419874605 7.601131534069484
7.319207717971002 7.314298469367809 7.313301660889786 7.490481840581177 7.547434378066929 7.579494566940518 7.636775702807831 7.709543416242075 7.787446974221703 7.8630570616436115 7.925482012076678 7.956840372527712 7.941344373108893 7.889187760107229 7.840674889236185 7.820871415067999 7.819157179989566 7.832041977905772 7.8770783183862125 7.956981488822559 8.048112523297357 8.122761837523322 8.161110407969478 8.15390594363429 8.103640319227482 8.019971061072388 7.910518186274389 7.783898314717858 7.675418601426104 7.633675652478795 7.667841760498893 7.769223579430944 7.888614832165363 7.984286145565814 8.043504477973197 8.056966992550452 8.014471937129183 7.915898776015264 7.776830857053298 7.623886634785657 7.488840179902044 7.40047937294298 7.364802534589247 7.366423506655232
7.292667059289956 7.3505975903207865 7.81865392147087 7.803958561657036 7.54266872691258 7.430438084313873 7.4357958487151175 7.493769551797246 7.572613767854102 7.655618333625231 7.728381582370536 7.774425814274248 7.78660866030695 7.786258294697857 7.800790110218452 7.8145278216868945 7.815386262748943 7.807352926436479 7.796197151469614 7.818150526168195 7.873056445836915 7.931012895063218 7.962871097881908 7.953197858840699 7.902909586316747 7.823833380014741 7.7308817193971775 7.644905780503501 7.5944604972774385 7.582524116043317 7.591875938806776 7.6361158064529455 7.711834200164783 7.786872389763961 7.8362191692276335 7.842204819020749 7.791769929314213 7.687238002944205 7.553409709013444 7.430184938135628 7.354486245172283 7.333650065297728 7.335210690144817 7.334905477685199
7.112756460776111 7.2312206176152145 7.856926613555088 7.753337863198424 7.392516924277362 7.270103435033348 7.2688232348055735 7.318737566023539 7.39262351745654 7.475628445412516 7.554302779214556 7.613128084400747 7.644993443136971 7.669943029579844 7.721342792461039 7.782965965635472 7.792809075792498 7.744329102551776 7.692429690163995 7.688411424849515 7.721281774578268 7.761005215228846 7.779651254680266 7.7625912995331605 7.714131514507997 7.653907933862339 7.605423660119477 7.582082968535598 7.577797397895881 7.57807540875224 7.577442294844845 7.578349864815293 7.590556767781132 7.616939373466214 7.642110031665792 7.640362050193264 7.590967249433314 7.4944417768879035 7.378474991235475 7.285703412651717 7.2525726522505245 7.283672160894519 7.321738229367654 7.3190996460369515
6.963180806353434 7.129380471906912 6.9430429174916535 7.071076763381074 7.087816266656399 7.0956536457701205 7.125046648166663 7.175008550328751 7.241288261164419 7.318237513451946 7.396632427929176 7.460780152201737 7.493130245562937 7.488818531353268 7.4557019292453734 7.406337949724762 7.395266227505731 7.442564319942133 7.491056400362691 7.532941403600956 7.5722354310415705 7.600731977684229 7.603789855329291 7.573036668585937 7.516304725446593 7.457416216402257 7.425268414720926 7.435818981092673 7.47212990625979 7.492314016494631 7.474127208507638 7.433835753496583 7.409446486652954 7.416730477064597 7.4381742383516345 7.4425807183015165 7.405243325984509 7.323985492003751 7.221937240908609 7.13140870807238 7.073621605452527 7.051924851467357 7.054380452919785 7.05346088273651
6.911460463588991 6.92580580005112 7.027651334977984 7.010660613503821 6.9540301625298575 6.979001782072762 7.0137274077672584 7.055927741667564 7.1096234509652465 7.175478314436232 7.248660220691132 7.3153363218376635 7.3514930396734 7.335297536624576 7.274702313071837 7.229007726971835 7.225072953512429 7.256217499659586 7.327617002712807 7.3905425101231605 7.429606563861691 7.444495522753761 7.429440181655743 7.379299324698967 7.30001272937772 7.209583003803567 7.128500616356545 7.069418372298674 7.034793915741537 7.022383871305702 7.030441413062043 7.057926715737122 7.103557238549823 7.161334457131638 7.215821830506874 7.244424594414893 7.228561460479539 7.167132774424852 7.077630065686684 6.979862867134249 6.879138770889352 6.7755571616194175 6.708313777730137 6.712564934791579
6.9123661716170925 6.958681528205333 6.994431140237049 6.965804606980522 6.908882327901633 6.910097866505839 6.924274498769263 6.947919901397274 6.984860086800461 7.036973694809858 7.101898122806594 7.1707067035210095 7.225623664858562 7.246738158770668 7.23609954732844 7.224511980505708 7.223534150433666 7.232367834767742 7.256988726480756 7.281067699234437 7.292361373127915 7.285929961069114 7.252763488989376 7.183896323340136 7.079749530671459 6.951016288301462 6.811037112536578 6.674500387635481 6.569024052792442 6.527461341140751 6.56061919441781 6.656677841553368 6.780093739774337 6.8981679433258565 6.99290559989793 7.049521763887928 7.05698320381623 7.017825347338151 6.948537906710677 6.866513162222833 6.7821844281624974 6.713154997662155 6.684443863537272 6.685784643191418
6.868960941228471 6.8916956369305975 6.887431510215126 6.872085829312191 6.8489753725799085 6.8302105713526595 6.821739946090051 6.827831023269231 6.851050593548908 6.8914420371527605 6.946363850595305 7.010842258127099 7.078532187843234 7.141443098120572 7.187817102532837 7.209654964361595 7.212673861828105 7.201875572948393 7.178815869602885 7.15419382850863 7.135089646395335 7.113248588071906 7.070959851992767 6.993221798673536 6.878220193467499 6.739367932787761 6.599858471370424 6.4886849158960835 6.4293214390842 6.4143377424798205 6.426017802909097 6.477239578211108 6.573385609038553 6.688972552715894 6.793671743618172 6.864031966744439 6.886714073207147 6.865269097513935 6.818641136260959 6.768133105644755 6.726579536122627 6.699329399209777 6.68768103521364 6.688191308151617
6.656648594344006 6.675029117904824 6.689813102555145 6.695309834267276 6.686359496432145 6.672643617814628 6.665950078391708 6.672787807123305 6.695027014068754 6.730927078507475 6.775661320208158 6.823191462640528 6.8713605581641755 6.925269728314451 6.9864715861612465 7.03572632654475 7.045977709855946 7.015031957257428 6.970444962391968 6.940626864070022 6.928757604337746 6.91748067988583 6.88355247656407 6.810949919299882 6.701902601866371 6.579565665050112 6.478045351425392 6.422341586634573 6.4067430195640975 6.40525235009682 6.406106076188119 6.416793890023394 6.458055116765114 6.534322817663214 6.622160312278874 6.689339971113807 6.714024672736162 6.696348558402257 6.656545879473649 6.620861024389895 6.606695045475223 6.613337046230075 6.623718801967654 6.622287829056696
6.156963716658937 6.046865075768562 6.0829599493524125 6.232908720580061 6.3473510331551966 6.407723450295514 6.444749379352078 6.4781162924853435 6.515392349890584 6.555971091082338 6.592587261506817 6.613483174048523 6.6092788561965055 6.581896406821556 6.545043034373519 6.516758544967502 6.512518845212325 6.5361236706276555 6.578857511770348 6.629644714352809 6.67677447235763 6.704436083639831 6.694596184669568 6.636529195321859 6.538864319526036 6.432528448953062 6.3577102186992285 6.3396625503856585 6.3621638512592495 6.377453128603591 6.363884511751847 6.336980470583703 6.340074665197443 6.38982688418467 6.462931270150986 6.521890415021763 6.538303091697531 6.5073546256402635 6.446482658735724 6.380893064636808 6.329916650900416 6.301178218193508 6.290713496530091 6.2905108656770174
5.8110298912068155 5.668623416003502 5.6860202552366985 5.851536003033316 6.010136749782854 6.121046616961387 6.201527355894026 6.267321933410668 6.326098366194726 6.376854277973582 6.409313465928802 6.405309410175945 6.348143674394734 6.240721551179388 6.1184770654992064 6.034797091140221 6.021376854836992 6.080095508800491 6.191156041681766 6.316498922971196 6.424444678279737 6.494990639829546 6.512638574773292 6.470020308732802 6.377986154683963 6.26647173194156 6.169700981411439 6.108225684900032 6.082453636062394 6.077327753617938 6.080028886273571 6.099336073672084 6.1475411337596055 6.222257129990744 6.3035504686691715 6.360031476070594 6.364791870469935 6.311232217617619 6.213906196341771 6.095252051298037 5.975166103983149 5.873591747264955 5.815286962806771 5.819011441625752
5.796563975820767 5.780570789429626 5.714163509792813 5.770742483651932 5.834746100689877 5.912754064835754 5.995073433272652 6.074696049395611 6.147917851864323 6.207992111387097 6.2404300648337205 6.223754967288167 6.1446458077408295 6.025687463775765 5.926082950971605 5.88245491896405 5.877892871540526 5.904210969402178 5.979936037854182 6.097007144021562 6.21899964778653 6.310770171587926 6.346992105747389 6.315729158405214 6.224439748723465 6.097072612328973 5.959035594165749 5.827449412375082 5.725039393256993 5.684856885337166 5.717521248934863 5.811963419150331 5.932257645300268 6.050977167663878 6.15066020407461 6.208453453497865 6.202903255019928 6.129915656955046 6.007094066017756 5.863652548841138 5.731052938926461 5.6382502342122915 5.597261602468885 5.599683713446029
5.809959419648103 5.900903330833972 5.803492050333168 5.761122954724419 5.7528555125343654 5.783051943823058 5.844125207297864 5.919213291919906 5.995465363168849 6.059938276689221 6.094474683629357 6.07793606719396 6.007118435356337 5.921582925681609 5.874330111762283 5.865602006242471 5.865423842972846 5.8684580880969515 5.895862363157606 5.968830787894203 6.069856846723101 6.159755658140952 6.202514581093286 6.178611167272362 6.091354613197125 5.962618005492674 5.821557540903761 5.701388711913666 5.634832812678623 5.619157575293455 5.631450729249972 5.689792386296288 5.796643140173195 5.917637682415851 6.019141883751878 6.0735453022398405 6.060306587364211 5.978512901858138 5.852494677763058 5.721031916391716 5.620687869206874 5.5697564854598784 5.556130461212172 5.556699642600695
5.672480171213668 5.696779244137337 5.763853077154272 5.745766837103725 5.688137502638779 5.690964886003158 5.735466564634746 5.800761779542251 5.872525619843824 5.9359584421361715 5.971606295782829 5.959591332385497 5.902872775222216 5.8460847751747735 5.836326361572728 5.8569181843054885 5.8603718831700515 5.8417612980361815 5.833110211770569 5.8750933269077175 5.955386795157306 6.035867257993799 6.077707234847747 6.05842551668131 5.980756433131827 5.868573850260392 5.754406355890648 5.66888640458122 5.627578000736222 5.618225448248751 5.625401180822437 5.6602236361247344 5.7325514219263995 5.826036670746998 5.910899936979183 5.956065774762003 5.938481499529821 5.857894553724026 5.742477006128413 5.634362815289677 5.567158066681025 5.548454757852783 5.551468935437452 5.55111690314336
5.588587575907905 5.684162815265854 5.582074043172704 5.586043108361769 5.589247363993402 5.611678532902011 5.654455055970849 5.711843700592256 5.775717473773189 5.833800565007963 5.8676947902749985 5.857320768897828 5.801407761016351 5.731827423095907 5.681934809465528 5.6564502510165395 5.652550817286391 5.670284424374953 5.708294548720867 5.7719792941992205 5.854092648188312 5.929585847140389 5.967615682829504 5.949536390300991 5.880542930928359 5.786731746741686 5.700459139754823 5.644520998931581 5.62133705905824 5.616325187119607 5.619325487948712 5.636507928769364 5.67960067676792 5.74562164786785 5.812933086232714 5.850669838072835 5.833740748799976 5.760322535229501 5.656863378823707 5.5611962848263286 5.499700421686467 5.478706704275866 5.484683898864999 5.483658661054318
5.573118859468451 5.623928273684973 5.527932434817886 5.492609301273629 5.5203637243553505 5.555155242601647 5.596266368630857 5.64506895418275 5.698704647761975 5.748436506223114 5.778292837807405 5.767941092387544 5.707936767744694 5.614843498123085 5.52008610143817 5.464448445136917 5.4589934292595155 5.49560827333906 5.57840001126632 5.673294429601781 5.764431893717887 5.83619589646497 5.86767217787145 5.845943270798386 5.77772961996073 5.68770332189461 5.604544254493462 5.546877613293088 5.517960484661006 5.509543924108322 5.514459853493374 5.536698782423449 5.582250378702772 5.646749939827184 5.712209911942935 5.751448823379309 5.741140981061101 5.678422259479487 5.5849517465608365 5.490469064000868 5.411838132177303 5.349684748309283 5.3118293407489 5.3144152873342305
5.589892206341587 5.689890496866612 5.507502320053763 5.479595788323537 5.499028027101395 5.52480116995134 5.555354044005032 5.591983009814174 5.633450189826778 5.673359248605301 5.698652024020292 5.691353314862921 5.639855687718401 5.557158045449894 5.484167103759923 5.455625236453352 5.454060435602726 5.4696491551338084 5.526701857353872 5.6103127960559265 5.692736544742679 5.753509557969389 5.774684883450385 5.745580505459766 5.671465550371179 5.572596042773469 5.472418471395509 5.387621798976174 5.329527299951875 5.307464091267929 5.324454165420044 5.375711494159658 5.449486271357762 5.532583716005988 5.608809739731723 5.656446841068741 5.656682771774693 5.607469313938327 5.526683664752642 5.4390446038785765 5.3624951982867275 5.310097127195701 5.2908119994509075 5.291686225266475
5.566099945683639 5.578916500932954 5.529197155115515 5.494084584602111 5.492865365720663 5.501588177156913 5.517270605405766 5.540670703635268 5.570491162932037 5.601303821948172 5.622599041235699 5.620798903603834 5.588009030727174 5.534344027806358 5.486843158955289 5.464349328642243 5.461842125927459 5.476057057774812 5.514290962477039 5.571645283898539 5.631654529892263 5.675755153419465 5.685762377021855 5.64996537037089 5.571476762276485 5.468722751710037 5.3667326883301625 5.288676625206318 5.247749833224779 5.237039827348595 5.245321796967081 5.280337246590688 5.34718626647756 5.432085021357629 5.5130333714274835 5.567011251480282 5.576870279430302 5.541511761727775 5.477249470568362 5.406610703969407 5.347356572806828 5.3100256962985615 5.2956163363671145 5.296449116992656
