src/interpolation/Data/CTD/01w1h.cnv
* Sea-Bird SBE 9 Data File:
* FileName = E:\HOBAB2\w1.hex
* Software Version Seasave V 7.22.1
* Temperature SN = 5330
* Conductivity SN = 3693
* Number of Bytes Per Scan = 24
* Number of Voltage Words = 4
* Number of Scans Averaged by the Deck Unit = 1
* NMEA baud rate = 9600
# nquan = 18
# nvalues = 2510                        
# units = specified
# name 0 = prDM: Pressure, Digiquartz [db]
# name 1 = t090C: Temperature [ITS-90, deg C]
# name 2 = c0S/m: Conductivity [S/m]
# name 3 = pumps: Pump Status
# name 4 = sal00: Salinity, Practical [PSU]
# name 5 = seaTurbMtr: Turbidity, Seapoint [FTU]
# name 6 = sbeox0Mg/L: Oxygen, SBE 43 [mg/l]
# name 7 = ph: pH
# name 8 = altM: Altimeter [m]
# name 9 = dz/dtM: Descent Rate [m/s]
# name 10 = accM: Acceleration [m/s^2]
# name 11 = scan: Scan Count
# name 12 = timeS: Time, Elapsed [seconds]
# name 13 = sal00: Salinity, Practical [PSU]
# name 14 = sigma-t00: Density [sigma-t, kg/m^3 ]
# name 15 = svCM: Sound Velocity [Chen-Millero, m/s]
# name 16 = depSM: Depth [salt water, m], lat = 0
# name 17 = flag: flag
# span 0 =      1.006,   1266.784       
# span 1 =     3.8820,    23.4919       
# span 2 =   3.252179,   5.114319       
# span 3 =          1,          1       
# span 4 =    34.2317,    34.8124       
# span 5 =      0.025,      0.382       
# span 6 =     2.1842,     7.0308       
# span 7 =      7.444,      8.130       
# span 8 =      -5.88,     109.35       
# span 9 =     -1.407,      1.221       
# span 10 =      -1.12,       0.79      
# span 11 =      39917,     202876      
# span 12 =   1663.149,   8453.137      
# span 13 =    34.2315,    34.8109      
# span 14 =    23.5805,    27.3420      
# span 15 =    1483.83,    1530.64      
# span 16 =      1.000,   1256.000      
# span 17 = 0.0000e+00, 0.0000e+00      
# interval = meters: 1                  
# start_time = Apr 15 2014 08:32:11 [System UTC, header]
# bad_flag = -9.990e-29
*END*
[from data line 242]
    245.494    18.5105   4.625127          1    34.7760      0.034     6.0933      7.897      85.98      0.929       0.27      60263   2510.898    34.7743    24.9724    1521.10    244.000 0.0000e+00
    246.500    18.4810   4.622133          1    34.7757      0.031     6.0888      7.896      98.28      1.018      -0.06      60288   2511.942    34.7736    24.9792    1521.03    245.000 0.0000e+00
    247.507    18.4528   4.619425          1    34.7763      0.033     6.0829      7.895      98.71      0.537      -0.20      60339   2514.065    34.7742    24.9867    1520.96    246.000 0.0000e+00
    248.514    18.3620   4.610246          1    34.7762      0.032     6.1035      7.896      93.14      0.266       0.22      60421   2517.495    34.7729    25.0084    1520.72    247.000 0.0000e+00
    249.521    18.3244   4.606498          1    34.7762      0.032     6.1003      7.898      89.66      0.645       0.21      60453   2518.847    34.7727    25.0176    1520.62    248.000 0.0000e+00
    250.527    18.2861   4.602404          1    34.7740      0.031     6.1437      7.899      91.64      0.810       0.06      60483   2520.065    34.7700    25.0251    1520.53    249.000 0.0000e+00
    251.534    18.2567   4.599300          1    34.7721      0.038     6.1472      7.898      82.66      0.811      -0.04      60513   2521.340    34.7683    25.0311    1520.46    250.000 0.0000e+00
    252.541    18.2508   4.598689          1    34.7709      0.032     6.1491      7.898      98.01      0.577      -0.15      60557   2523.170    34.7677    25.0321    1520.45    251.000 0.0000e+00
    253.548    18.2337   4.596936          1    34.7695      0.037     6.1510      7.897      69.71      0.373       0.02      60618   2525.721    34.7669    25.0358    1520.42    252.000 0.0000e+00
    254.554    18.2294   4.596478          1    34.7685      0.031     6.1521      7.899      98.81      0.510       0.06      60666   2527.716    34.7664    25.0364    1520.43    253.000 0.0000e+00
    255.561    18.1748   4.590438          1    34.7639      0.032     6.1651      7.900      98.71      0.605       0.11      60705   2529.315    34.7610    25.0458    1520.27    254.000 0.0000e+00
    256.568    18.1508   4.587958          1    34.7629      0.030     6.1591      7.900      98.71      0.777       0.12      60734   2530.547    34.7600    25.0510    1520.22    255.000 0.0000e+00
    257.575    18.1119   4.583731          1    34.7598      0.033     6.1649      7.898      94.00      0.585      -0.18      60778   2532.373    34.7566    25.0580    1520.12    256.000 0.0000e+00
    258.581    18.0516   4.577329          1    34.7565      0.031     6.1897      7.900      94.50      0.335       0.14      60842   2535.046    34.7530    25.0701    1519.96    257.000 0.0000e+00
    259.588    18.0310   4.575198          1    34.7551      0.037     6.2212      7.900      74.96      0.642       0.17      60877   2536.504    34.7519    25.0744    1519.91    258.000 0.0000e+00
    260.595    18.0056   4.572510          1    34.7536      0.033     6.1964      7.900      98.62      0.754       0.00      60909   2537.849    34.7503    25.0794    1519.85    259.000 0.0000e+00
    261.602    17.9761   4.569432          1    34.7519      0.033     6.2232      7.900      91.81      0.648      -0.09      60948   2539.461    34.7487    25.0854    1519.78    260.000 0.0000e+00
    262.609    17.9626   4.568090          1    34.7510      0.036     6.2061      7.900      77.07      0.452      -0.06      61000   2541.642    34.7483    25.0885    1519.76    261.000 0.0000e+00
    263.615    17.9296   4.564496          1    34.7482      0.029     6.2317      7.900      99.16      0.478       0.08      61051   2543.752    34.7453    25.0943    1519.67    262.000 0.0000e+00
    264.622    17.8780   4.559217          1    34.7472      0.032     6.2244      7.901      98.71      0.638       0.15      61087   2545.238    34.7438    25.1058    1519.54    263.000 0.0000e+00
    265.629    17.8655   4.557956          1    34.7464      0.031     6.1860      7.901      98.71      0.809       0.07      61116   2546.453    34.7433    25.1085    1519.52    264.000 0.0000e+00
    266.636    17.8621   4.557636          1    34.7457      0.033     6.1954      7.901      91.33      0.758      -0.11      61149   2547.852    34.7431    25.1091    1519.52    265.000 0.0000e+00
    267.643    17.8510   4.556485          1    34.7446      0.031     6.1892      7.900      95.16      0.454      -0.10      61201   2549.980    34.7424    25.1113    1519.51    266.000 0.0000e+00
    268.650    17.8388   4.555253          1    34.7438      0.038     6.2018      7.901      75.26      0.551       0.26      61242   2551.716    34.7418    25.1138    1519.49    267.000 0.0000e+00
    269.656    17.8177   4.553076          1    34.7430      0.033     6.2135      7.902      93.76      0.844       0.22      61268   2552.782    34.7408    25.1182    1519.44    268.000 0.0000e+00
    270.663    17.7943   4.550598          1    34.7417      0.030     6.1987      7.902      98.48      0.937      -0.04      61295   2553.902    34.7391    25.1227    1519.39    269.000 0.0000e+00
    271.670    17.7188   4.542537          1    34.7376      0.039     6.1891      7.900      78.23      0.543      -0.20      61342   2555.870    34.7340    25.1372    1519.18    270.000 0.0000e+00
    272.677    17.6311   4.533157          1    34.7326      0.033     6.1235      7.902      95.97      0.410       0.21      61398   2558.193    34.7280    25.1540    1518.93    271.000 0.0000e+00
    273.684    17.5515   4.524803          1    34.7295      0.031     6.1426      7.902      98.72      0.731       0.22      61427   2559.421    34.7238    25.1700    1518.70    272.000 0.0000e+00
    274.691    17.5137   4.521017          1    34.7288      0.031     6.1194      7.902      98.71      0.870       0.02      61455   2560.581    34.7232    25.1787    1518.61    273.000 0.0000e+00
    275.697    17.5062   4.520271          1    34.7276      0.031     6.1201      7.902      98.71      0.796      -0.09      61487   2561.905    34.7228    25.1802    1518.60    274.000 0.0000e+00
    276.704    17.4943   4.519083          1    34.7264      0.032     6.1376      7.902      92.55      0.598      -0.12      61529   2563.652    34.7224    25.1827    1518.58    275.000 0.0000e+00
    277.711    17.4642   4.515988          1    34.7248      0.035     6.1329      7.902      95.31      0.476       0.04      61578   2565.697    34.7211    25.1891    1518.51    276.000 0.0000e+00
    278.718    17.4540   4.515029          1    34.7243      0.040     6.1338      7.903      76.13      0.630       0.12      61615   2567.236    34.7211    25.1915    1518.49    277.000 0.0000e+00
    279.725    17.4498   4.514658          1    34.7239      0.031     6.1417      7.903      97.36      0.724       0.02      61648   2568.623    34.7212    25.1926    1518.50    278.000 0.0000e+00
    280.732    17.4371   4.513399          1    34.7233      0.030     6.1400      7.903      98.71      0.738       0.02      61680   2569.975    34.7208    25.1954    1518.48    279.000 0.0000e+00
    281.739    17.4202   4.511866          1    34.7241      0.039     6.1440      7.904      65.17      0.706      -0.09      61716   2571.452    34.7216    25.2001    1518.45    280.000 0.0000e+00
    282.746    17.3976   4.509565          1    34.7232      0.030     6.1764      7.904      96.67      0.564      -0.01      61758   2573.215    34.7208    25.2049    1518.39    281.000 0.0000e+00
    283.753    17.3829   4.508070          1    34.7224      0.029     6.1665      7.904      98.73      0.631       0.06      61796   2574.784    34.7201    25.2079    1518.37    282.000 0.0000e+00
    284.759    17.3686   4.506568          1    34.7212      0.029     6.1671      7.904      98.71      0.655      -0.04      61833   2576.342    34.7190    25.2105    1518.34    283.000 0.0000e+00
    285.766    17.3488   4.504491          1    34.7199      0.029     6.1571      7.905      98.71      0.606       0.02      61872   2577.967    34.7177    25.2142    1518.29    284.000 0.0000e+00
    286.773    17.3228   4.501802          1    34.7187      0.032     6.1844      7.905      87.91      0.725       0.10      61904   2579.307    34.7163    25.2194    1518.23    285.000 0.0000e+00
    287.780    17.3001   4.499285          1    34.7162      0.031     6.1851      7.904      96.45      0.693      -0.10      61941   2580.822    34.7137    25.2229    1518.18    286.000 0.0000e+00
    288.787    17.2532   4.494268          1    34.7132      0.031     6.1567      7.904      90.35      0.609       0.05      61979   2582.431    34.7101    25.2314    1518.05    287.000 0.0000e+00
    289.794    17.2197   4.490660          1    34.7105      0.034     6.1216      7.904      84.94      0.689      -0.01      62015   2583.906    34.7072    25.2371    1517.96    288.000 0.0000e+00
    290.801    17.1898   4.487355          1    34.7071      0.029     6.0958      7.904      98.41      0.578      -0.05      62057   2585.660    34.7039    25.2418    1517.89    289.000 0.0000e+00
    291.808    17.1744   4.485782          1    34.7059      0.029     6.1128      7.904      98.72      0.584       0.07      62097   2587.341    34.7031    25.2449    1517.86    290.000 0.0000e+00
    292.815    17.1725   4.485644          1    34.7055      0.040     6.1218      7.905      68.93      0.734       0.14      62128   2588.634    34.7031    25.2453    1517.87    291.000 0.0000e+00
    293.822    17.1717   4.485610          1    34.7051      0.031     6.1015      7.905      98.50      0.823      -0.01      62158   2589.866    34.7031    25.2455    1517.88    292.000 0.0000e+00
    294.829    17.1712   4.485612          1    34.7048      0.032     6.0903      7.904      98.46      0.685      -0.14      62195   2591.429    34.7032    25.2457    1517.90    293.000 0.0000e+00
    295.836    17.1705   4.485583          1    34.7045      0.035     6.1056      7.904      79.88      0.470       0.01      62244   2593.472    34.7032    25.2459    1517.91    294.000 0.0000e+00
    296.843    17.1690   4.485492          1    34.7043      0.030     6.1301      7.905      98.77      0.604       0.09      62284   2595.109    34.7033    25.2463    1517.93    295.000 0.0000e+00
    297.850    17.1641   4.485007          1    34.7039      0.031     6.1294      7.905      98.44      0.693       0.07      62317   2596.515    34.7030    25.2472    1517.93    296.000 0.0000e+00
    298.857    17.1589   4.484515          1    34.7036      0.031     6.1027      7.905      98.71      0.801       0.06      62347   2597.748    34.7027    25.2482    1517.93    297.000 0.0000e+00
    299.864    17.1487   4.483448          1    34.7028      0.036     6.0829      7.905      76.89      0.717      -0.13      62382   2599.224    34.7019    25.2500    1517.91    298.000 0.0000e+00
    300.871    17.1269   4.481102          1    34.7012      0.029     6.1137      7.905      98.70      0.630       0.02      62421   2600.814    34.6999    25.2537    1517.86    299.000 0.0000e+00
    301.878    17.1109   4.479542          1    34.7011      0.030     6.1136      7.905      98.66      0.610      -0.04      62461   2602.483    34.6997    25.2574    1517.83    300.000 0.0000e+00
    302.885    17.1091   4.479385          1    34.7007      0.037     6.1103      7.905      77.28      0.591       0.01      62501   2604.181    34.6995    25.2577    1517.84    301.000 0.0000e+00
    303.892    17.1039   4.478890          1    34.7003      0.031     6.1167      7.905      98.96      0.601       0.00      62541   2605.852    34.6993    25.2588    1517.84    302.000 0.0000e+00
    304.899    17.0988   4.478380          1    34.6999      0.033     6.1118      7.905      89.36      0.657       0.08      62577   2607.341    34.6989    25.2596    1517.84    303.000 0.0000e+00
    305.906    17.0816   4.476645          1    34.6994      0.039     6.1103      7.905      66.26      0.738       0.01      62610   2608.703    34.6982    25.2632    1517.81    304.000 0.0000e+00
    306.913    17.0749   4.475949          1    34.6987      0.031     6.0889      7.905      98.54      0.679      -0.07      62646   2610.221    34.6976    25.2643    1517.80    305.000 0.0000e+00
    307.920    17.0496   4.473235          1    34.6969      0.032     6.1058      7.905      98.71      0.641       0.07      62683   2611.741    34.6954    25.2686    1517.74    306.000 0.0000e+00
    308.927    16.9990   4.467908          1    34.6946      0.031     6.1118      7.906      98.71      0.749       0.03      62715   2613.077    34.6921    25.2782    1517.60    307.000 0.0000e+00
    309.934    16.9842   4.466421          1    34.6938      0.034     6.0874      7.905      90.79      0.635      -0.11      62754   2614.728    34.6916    25.2813    1517.58    308.000 0.0000e+00
    310.941    16.9780   4.465824          1    34.6931      0.031     6.0522      7.905      98.78      0.465      -0.00      62805   2616.825    34.6913    25.2825    1517.57    309.000 0.0000e+00
    311.948    16.9766   4.465742          1    34.6929      0.031     6.0945      7.906      98.71      0.567       0.09      62847   2618.568    34.6915    25.2830    1517.58    310.000 0.0000e+00
    312.955    16.9758   4.465721          1    34.6928      0.038     6.1023      7.906      64.65      0.721       0.16      62878   2619.867    34.6916    25.2833    1517.60    311.000 0.0000e+00
    313.962    16.9757   4.465766          1    34.6927      0.032     6.0821      7.906      98.65      0.898       0.17      62902   2620.894    34.6917    25.2833    1517.62    312.000 0.0000e+00
    314.969    16.9723   4.465457          1    34.6925      0.030     6.0833      7.905      98.71      0.988      -0.03      62928   2621.956    34.6915    25.2840    1517.62    313.000 0.0000e+00
    315.976    16.9610   4.464248          1    34.6914      0.037     6.0760      7.904      79.36      0.436      -0.20      62983   2624.267    34.6904    25.2858    1517.60    314.000 0.0000e+00
    316.983    16.9291   4.460842          1    34.6893      0.029     6.0957      7.906     100.00      0.432       0.28      63042   2626.695    34.6878    25.2914    1517.52    315.000 0.0000e+00
    317.990    16.8735   4.454962          1    34.6866      0.029     6.0533      7.906      98.71      0.789       0.31      63067   2627.734    34.6840    25.3017    1517.37    316.000 0.0000e+00
    318.997    16.8233   4.449623          1    34.6838      0.032     6.0643      7.905      98.71      1.004       0.10      63090   2628.711    34.6803    25.3106    1517.23    317.000 0.0000e+00
    320.004    16.7872   4.445802          1    34.6815      0.048     6.0893      7.904      98.71      0.894      -0.19      63120   2629.961    34.6777    25.3171    1517.13    318.000 0.0000e+00
    321.011    16.7610   4.443105          1    34.6798      0.031     6.0660      7.905      98.71      0.549      -0.13      63165   2631.840    34.6764    25.3223    1517.07    319.000 0.0000e+00
    322.018    16.7519   4.442214          1    34.6787      0.030     6.0482      7.905      98.71      0.461       0.06      63216   2633.961    34.6760    25.3242    1517.06    320.000 0.0000e+00
    323.026    16.7458   4.441610          1    34.6780      0.037     6.0720      7.906      70.82      0.639       0.14      63252   2635.471    34.6756    25.3253    1517.05    321.000 0.0000e+00
    324.033    16.7226   4.439165          1    34.6764      0.030     6.0749      7.906      98.62      0.733      -0.01      63285   2636.850    34.6739    25.3294    1517.00    322.000 0.0000e+00
