src/interpolation/Data/CTD/01w1h.cnv
* Sea-Bird SBE 9 Data File:
* FileName = E:\HOBAB2\w1.hex
* Software Version Seasave V 7.22.1
* Temperature SN = 5330
* Conductivity SN = 3693
* Number of Bytes Per Scan = 24
* Number of Voltage Words = 4
* Number of Scans Averaged by the Deck Unit = 1
* NMEA baud rate = 9600
# nquan = 18
# nvalues = 2510                        
# units = specified
# name 0 = prDM: Pressure, Digiquartz [db]
# name 1 = t090C: Temperature [ITS-90, deg C]
# name 2 = c0S/m: Conductivity [S/m]
# name 3 = pumps: Pump Status
# name 4 = sal00: Salinity, Practical [PSU]
# name 5 = seaTurbMtr: Turbidity, Seapoint [FTU]
# name 6 = sbeox0Mg/L: Oxygen, SBE 43 [mg/l]
# name 7 = ph: pH
# name 8 = altM: Altimeter [m]
# name 9 = dz/dtM: Descent Rate [m/s]
# name 10 = accM: Acceleration [m/s^2]
# name 11 = scan: Scan Count
# name 12 = timeS: Time, Elapsed [seconds]
# name 13 = sal00: Salinity, Practical [PSU]
# name 14 = sigma-t00: Density [sigma-t, kg/m^3 ]
# name 15 = svCM: Sound Velocity [Chen-Millero, m/s]
# name 16 = depSM: Depth [salt water, m], lat = 0
# name 17 = flag: flag
# span 0 =      1.006,   1266.784       
# span 1 =     3.8820,    23.4919       
# span 2 =   3.252179,   5.114319       
# span 3 =          1,          1       
# span 4 =    34.2317,    34.8124       
# span 5 =      0.025,      0.382       
# span 6 =     2.1842,     7.0308       
# span 7 =      7.444,      8.130       
# span 8 =      -5.88,     109.35       
# span 9 =     -1.407,      1.221       
# span 10 =      -1.12,       0.79      
# span 11 =      39917,     202876      
# span 12 =   1663.149,   8453.137      
# span 13 =    34.2315,    34.8109      
# span 14 =    23.5805,    27.3420      
# span 15 =    1483.83,    1530.64      
# span 16 =      1.000,   1256.000      
# span 17 = 0.0000e+00, 0.0000e+00      
# interval = meters: 1                  
# start_time = Apr 15 2014 08:32:11 [System UTC, header]
# bad_flag = -9.990e-29
*END*
[from data line 724]
    731.299     6.8476   3.484353          1    34.3132      0.046     3.2041      7.942      96.56      0.878       0.03      78169   3257.009    34.3103    26.8964    1489.24    726.000 0.0000e+00
    732.308     6.8295   3.482803          1    34.3136      0.049     3.1961      7.962      97.06      0.811      -0.10      78201   3258.316    34.3108    26.8992    1489.18    727.000 0.0000e+00
    733.317     6.8106   3.481167          1    34.3140      0.057     3.1796      8.052      96.33      0.661      -0.09      78239   3259.901    34.3112    26.9020    1489.13    728.000 0.0000e+00
    734.326     6.7451   3.475294          1    34.3150      0.050     3.1791      8.015      98.86      0.462      -0.05      78289   3261.992    34.3113    26.9110    1488.89    729.000 0.0000e+00
    735.335     6.7100   3.472101          1    34.3146      0.058     3.1691      7.878      78.70      0.601       0.19      78327   3263.592    34.3105    26.9151    1488.77    730.000 0.0000e+00
    736.344     6.6639   3.467698          1    34.3122      0.047     3.1509      7.914      98.47      0.789       0.07      78357   3264.838    34.3074    26.9189    1488.60    731.000 0.0000e+00
    737.353     6.6360   3.465028          1    34.3100      0.045     3.1274      7.953      98.71      0.750      -0.08      78391   3266.230    34.3053    26.9209    1488.50    732.000 0.0000e+00
    738.362     6.5261   3.454131          1    34.3010      0.061     3.1224      8.003      70.69      0.665      -0.05      78428   3267.777    34.2940    26.9267    1488.07    733.000 0.0000e+00
    739.371     6.4531   3.446823          1    34.2929      0.047     3.1050      7.968      99.27      0.584      -0.01      78469   3269.491    34.2855    26.9296    1487.79    734.000 0.0000e+00
    740.380     6.4246   3.443970          1    34.2885      0.040     3.0692      7.952      98.71      0.647       0.06      78505   3271.020    34.2818    26.9304    1487.69    735.000 0.0000e+00
    741.389     6.3960   3.441121          1    34.2845      0.040     3.0598      8.023      98.71      0.681      -0.02      78541   3272.510    34.2783    26.9314    1487.59    736.000 0.0000e+00
    742.399     6.3695   3.438592          1    34.2820      0.043     3.0472      8.031      81.92      0.662      -0.01      78578   3274.040    34.2763    26.9333    1487.50    737.000 0.0000e+00
    743.408     6.3283   3.434597          1    34.2786      0.037     3.0557      8.106      99.14      0.647       0.01      78615   3275.580    34.2726    26.9357    1487.35    738.000 0.0000e+00
    744.417     6.1843   3.420337          1    34.2666      0.036     3.0576      8.101      98.71      0.736       0.11      78646   3276.887    34.2574    26.9424    1486.78    739.000 0.0000e+00
    745.426     6.0980   3.411630          1    34.2561      0.036     3.0436      8.087      98.71      0.745      -0.12      78680   3278.311    34.2463    26.9446    1486.44    740.000 0.0000e+00
    746.435     6.0316   3.405908          1    34.2565      0.033     2.9702      8.074      95.44      0.336      -0.01      78740   3280.787    34.2485    26.9548    1486.20    741.000 0.0000e+00
    747.444     6.0269   3.406163          1    34.2623      0.037     2.9380      7.992      78.04      0.581       0.15      78781   3282.486    34.2555    26.9610    1486.20    742.000 0.0000e+00
    748.453     6.0189   3.405457          1    34.2609      0.036     2.9188      8.012      85.48      0.710       0.02      78815   3283.897    34.2552    26.9617    1486.19    743.000 0.0000e+00
    749.463     6.0076   3.404419          1    34.2594      0.032     2.9143      7.965      98.72      0.692      -0.02      78850   3285.355    34.2544    26.9626    1486.16    744.000 0.0000e+00
    750.472     5.9981   3.403540          1    34.2579      0.034     2.9151      8.031      98.71      0.655      -0.09      78888   3286.955    34.2536    26.9631    1486.14    745.000 0.0000e+00
    751.481     5.9838   3.402094          1    34.2545      0.034     2.9167      7.965      86.84      0.318      -0.01      78953   3289.654    34.2513    26.9630    1486.09    746.000 0.0000e+00
    752.490     5.9629   3.400181          1    34.2531      0.031     2.9047      7.999      97.69      0.388      -0.06      79012   3292.146    34.2503    26.9649    1486.02    747.000 0.0000e+00
    753.499     5.9604   3.399998          1    34.2517      0.034     2.8987      7.974      90.10      0.122       0.00      79151   3297.907    34.2504    26.9653    1486.03    748.000 0.0000e+00
    754.508     5.9625   3.400195          1    34.2499      0.034     2.8916      7.693      94.01      0.006       0.01      80271   3344.599    34.2499    26.9647    1486.06    749.000 0.0000e+00
    755.518     5.9410   3.398285          1    34.2497      0.034     2.8803      7.687      91.82      0.094      -0.06      82479   3436.582    34.2497    26.9672    1485.99    750.000 0.0000e+00
    756.527     5.9201   3.396559          1    34.2512      0.034     2.8692      7.558      91.81      0.226      -0.08      82952   3456.273    34.2508    26.9707    1485.92    751.000 0.0000e+00
    757.536     5.8341   3.389086          1    34.2550      0.042     2.8649      7.514      57.66      0.238       0.36      83224   3467.640    34.2529    26.9831    1485.60    752.000 0.0000e+00
    758.545     5.8216   3.388545          1    34.2612      0.031     2.8558      7.587      98.63      0.730       0.32      83247   3468.580    34.2589    26.9894    1485.57    753.000 0.0000e+00
    759.554     5.8267   3.389331          1    34.2639      0.030     2.8286      7.608      98.71      0.899      -0.01      83275   3469.735    34.2621    26.9913    1485.61    754.000 0.0000e+00
    760.564     5.8327   3.389869          1    34.2628      0.034     2.7979      7.698      94.69      0.358      -0.15      83341   3472.497    34.2616    26.9902    1485.65    755.000 0.0000e+00
    761.573     5.8374   3.390625          1    34.2654      0.039     2.8049      7.779      97.53      0.371       0.23      83416   3475.616    34.2649    26.9922    1485.69    756.000 0.0000e+00
    762.582     5.8399   3.391241          1    34.2692      0.032     2.8160      7.782      98.69      0.608       0.02      83454   3477.224    34.2688    26.9949    1485.72    757.000 0.0000e+00
    763.591     5.8406   3.391433          1    34.2700      0.041     2.8170      7.742      75.24      0.583       0.01      83496   3478.941    34.2698    26.9957    1485.75    758.000 0.0000e+00
    764.600     5.8559   3.394037          1    34.2824      0.032     2.8077      7.540      98.22      0.604      -0.03      83536   3480.630    34.2832    27.0043    1485.84    759.000 0.0000e+00
    765.610     5.8640   3.395884          1    34.2948      0.039     2.8163      7.523      75.35      0.476      -0.07      83587   3482.760    34.2952    27.0128    1485.90    760.000 0.0000e+00
    766.619     5.8540   3.394471          1    34.2890      0.030     2.8062      7.786     104.22      0.174       0.03      83678   3486.558    34.2889    27.0091    1485.87    761.000 0.0000e+00
    767.628     5.8423   3.393981          1    34.2951      0.031     2.8036      7.658      98.71      0.610       0.29      83718   3488.208    34.2947    27.0152    1485.85    762.000 0.0000e+00
    768.637     5.8367   3.393493          1    34.2949      0.063     2.8017      7.711      88.38      0.832       0.07      83747   3489.399    34.2944    27.0156    1485.84    763.000 0.0000e+00
    769.647     5.8363   3.393495          1    34.2947      0.039     2.7954      7.733      94.72      0.692      -0.16      83784   3490.965    34.2944    27.0156    1485.86    764.000 0.0000e+00
    770.656     5.8330   3.393234          1    34.2945      0.036     2.7921      7.792      98.04      0.411      -0.05      83842   3493.392    34.2942    27.0159    1485.86    765.000 0.0000e+00
    771.665     5.8341   3.393291          1    34.2935      0.034     2.7943      7.763      92.08      0.181       0.03      83937   3497.315    34.2933    27.0150    1485.88    766.000 0.0000e+00
    772.674     5.8161   3.391673          1    34.2935      0.041     2.7958      7.748      74.49      0.612       0.28      83975   3498.900    34.2928    27.0169    1485.83    767.000 0.0000e+00
    773.684     5.8054   3.390683          1    34.2928      0.043     2.7870      7.748      86.49      0.861       0.17      84000   3499.978    34.2919    27.0175    1485.80    768.000 0.0000e+00
    774.693     5.7954   3.389761          1    34.2922      0.034     2.7716      7.601      97.51      0.863      -0.13      84031   3501.246    34.2911    27.0182    1485.78    769.000 0.0000e+00
    775.702     5.7993   3.390212          1    34.2923      0.037     2.7738      7.745      92.71      0.250      -0.08      84105   3504.347    34.2918    27.0182    1485.81    770.000 0.0000e+00
    776.711     5.7812   3.388475          1    34.2909      0.032     2.7729      7.654      98.71      0.424       0.09      84171   3507.081    34.2900    27.0190    1485.75    771.000 0.0000e+00
    777.721     5.7655   3.387033          1    34.2901      0.034     2.7700      7.611      98.71      0.553       0.08      84214   3508.872    34.2891    27.0202    1485.70    772.000 0.0000e+00
    778.730     5.7516   3.385780          1    34.2897      0.038     2.7666      7.598      85.09      0.673       0.05      84249   3510.346    34.2885    27.0215    1485.66    773.000 0.0000e+00
    779.739     5.7492   3.385608          1    34.2895      0.035     2.7525      7.492      98.93      0.364      -0.13      84311   3512.902    34.2885    27.0218    1485.67    774.000 0.0000e+00
    780.749     5.7326   3.384173          1    34.2896      0.035     2.7486      7.573      88.31      0.465       0.24      84372   3515.444    34.2885    27.0239    1485.62    775.000 0.0000e+00
    781.758     5.7200   3.383134          1    34.2903      0.032     2.7557      7.563      95.36      0.686       0.06      84406   3516.865    34.2891    27.0258    1485.59    776.000 0.0000e+00
    782.767     5.7105   3.382348          1    34.2906      0.032     2.7461      7.528      98.44      0.511      -0.14      84454   3518.881    34.2894    27.0273    1485.57    777.000 0.0000e+00
    783.777     5.7021   3.381702          1    34.2910      0.034     2.7359      7.655      90.60      0.304       0.05      84529   3522.009    34.2901    27.0288    1485.55    778.000 0.0000e+00
    784.786     5.6973   3.381343          1    34.2912      0.031     2.7379      7.640      99.08      0.444       0.09      84585   3524.337    34.2904    27.0297    1485.55    779.000 0.0000e+00
    785.795     5.6931   3.381021          1    34.2913      0.041     2.7349      7.658      87.55      0.632       0.14      84621   3525.854    34.2905    27.0303    1485.55    780.000 0.0000e+00
    786.805     5.6866   3.380520          1    34.2916      0.036     2.7314      7.635      92.69      0.793       0.10      84651   3527.071    34.2909    27.0314    1485.54    781.000 0.0000e+00
    787.814     5.6863   3.380544          1    34.2915      0.035     2.7242      7.632      94.65      0.258      -0.11      84731   3530.436    34.2909    27.0315    1485.55    782.000 0.0000e+00
    788.823     5.6697   3.379231          1    34.2931      0.034     2.7303      7.564      98.95      0.432       0.18      84813   3533.839    34.2924    27.0347    1485.51    783.000 0.0000e+00
    789.833     5.6544   3.378012          1    34.2946      0.035     2.7332      7.494      92.03      0.727       0.26      84841   3534.984    34.2936    27.0375    1485.46    784.000 0.0000e+00
    790.842     5.6349   3.376407          1    34.2961      0.042     2.7245      7.513      72.16      0.904       0.02      84868   3536.109    34.2947    27.0408    1485.40    785.000 0.0000e+00
    791.851     5.6144   3.374722          1    34.2975      0.035     2.7058      7.583      89.45      0.407      -0.18      84925   3538.479    34.2959    27.0442    1485.34    786.000 0.0000e+00
    792.861     5.5963   3.373311          1    34.2993      0.036     2.6866      7.500      89.36      0.341      -0.09      84995   3541.406    34.2978    27.0479    1485.28    787.000 0.0000e+00
    793.870     5.5905   3.372879          1    34.2992      0.030     2.6864      7.495      99.66      0.229       0.38      85083   3545.063    34.2983    27.0490    1485.28    788.000 0.0000e+00
    794.879     5.5794   3.371984          1    34.3000      0.032     2.6888      7.485      98.71      0.772       0.42      85104   3545.968    34.2989    27.0508    1485.25    789.000 0.0000e+00
    795.889     5.5712   3.371295          1    34.3001      0.036     2.6857      7.483      80.82      1.003       0.03      85129   3546.999    34.2988    27.0518    1485.24    790.000 0.0000e+00
    796.898     5.5529   3.369776          1    34.3011      0.032     2.6738      7.539      97.81      0.475      -0.20      85184   3549.284    34.2997    27.0547    1485.18    791.000 0.0000e+00
    797.908     5.5032   3.365519          1    34.3035      0.036     2.6676      7.695      82.90      0.343       0.03      85257   3552.323    34.3013    27.0620    1485.00    792.000 0.0000e+00
    798.917     5.4810   3.363768          1    34.3055      0.046     2.6435      7.617      68.15      0.377       0.03      85320   3554.973    34.3035    27.0664    1484.93    793.000 0.0000e+00
    799.926     5.4591   3.362164          1    34.3091      0.030     2.6275      7.560      99.24      0.556       0.14      85363   3556.760    34.3070    27.0718    1484.86    794.000 0.0000e+00
    800.936     5.4503   3.361574          1    34.3106      0.032     2.6307      7.567      96.85      0.583      -0.10      85405   3558.515    34.3087    27.0742    1484.84    795.000 0.0000e+00
    801.945     5.4358   3.360516          1    34.3125      0.031     2.6278      7.650      94.64      0.363      -0.03      85469   3561.186    34.3109    27.0777    1484.81    796.000 0.0000e+00
    802.955     5.4207   3.359456          1    34.3151      0.034     2.6158      7.712      92.37      0.375       0.11      85534   3563.886    34.3136    27.0817    1484.76    797.000 0.0000e+00
    803.964     5.4169   3.359217          1    34.3156      0.035     2.6103      7.690      83.66      0.517      -0.05      85580   3565.775    34.3143    27.0827    1484.77    798.000 0.0000e+00
    804.973     5.4136   3.359007          1    34.3157      0.031     2.6158      7.708      96.59      0.324       0.02      85648   3568.618    34.3148    27.0834    1484.77    799.000 0.0000e+00
    805.983     5.4098   3.358752          1    34.3160      0.038     2.6091      7.666      71.33      0.401      -0.01      85708   3571.117    34.3152    27.0842    1484.77    800.000 0.0000e+00
    806.992     5.4078   3.358638          1    34.3160      0.048     2.6087      7.693      96.68      0.260      -0.04      85787   3574.432    34.3155    27.0847    1484.78    801.000 0.0000e+00
    808.002     5.3901   3.357208          1    34.3175      0.033     2.6108      7.656      88.07      0.409       0.11      85865   3577.672    34.3167    27.0878    1484.73    802.000 0.0000e+00
    809.011     5.3842   3.356763          1    34.3178      0.035     2.6074      7.740      87.15      0.309      -0.05      85940   3580.808    34.3171    27.0888    1484.72    803.000 0.0000e+00
    810.020     5.3771   3.356239          1    34.3185      0.035     2.5898      7.679     100.87      0.195       0.09      86044   3585.120    34.3179    27.0903    1484.71    804.000 0.0000e+00
    811.030     5.3741   3.356052          1    34.3188      0.044     2.5996      7.512      48.54      0.604       0.23      86080   3586.614    34.3183    27.0909    1484.72    805.000 0.0000e+00
