src/interpolation/Data/CTD/01w1h.cnv
* Sea-Bird SBE 9 Data File:
* FileName = E:\HOBAB2\w1.hex
* Software Version Seasave V 7.22.1
* Temperature SN = 5330
* Conductivity SN = 3693
* Number of Bytes Per Scan = 24
* Number of Voltage Words = 4
* Number of Scans Averaged by the Deck Unit = 1
* NMEA baud rate = 9600
# nquan = 18
# nvalues = 2510                        
# units = specified
# name 0 = prDM: Pressure, Digiquartz [db]
# name 1 = t090C: Temperature [ITS-90, deg C]
# name 2 = c0S/m: Conductivity [S/m]
# name 3 = pumps: Pump Status
# name 4 = sal00: Salinity, Practical [PSU]
# name 5 = seaTurbMtr: Turbidity, Seapoint [FTU]
# name 6 = sbeox0Mg/L: Oxygen, SBE 43 [mg/l]
# name 7 = ph: pH
# name 8 = altM: Altimeter [m]
# name 9 = dz/dtM: Descent Rate [m/s]
# name 10 = accM: Acceleration [m/s^2]
# name 11 = scan: Scan Count
# name 12 = timeS: Time, Elapsed [seconds]
# name 13 = sal00: Salinity, Practical [PSU]
# name 14 = sigma-t00: Density [sigma-t, kg/m^3 ]
# name 15 = svCM: Sound Velocity [Chen-Millero, m/s]
# name 16 = depSM: Depth [salt water, m], lat = 0
# name 17 = flag: flag
# span 0 =      1.006,   1266.784       
# span 1 =     3.8820,    23.4919       
# span 2 =   3.252179,   5.114319       
# span 3 =          1,          1       
# span 4 =    34.2317,    34.8124       
# span 5 =      0.025,      0.382       
# span 6 =     2.1842,     7.0308       
# span 7 =      7.444,      8.130       
# span 8 =      -5.88,     109.35       
# span 9 =     -1.407,      1.221       
# span 10 =      -1.12,       0.79      
# span 11 =      39917,     202876      
# span 12 =   1663.149,   8453.137      
# span 13 =    34.2315,    34.8109      
# span 14 =    23.5805,    27.3420      
# span 15 =    1483.83,    1530.64      
# span 16 =      1.000,   1256.000      
# span 17 = 0.0000e+00, 0.0000e+00      
# interval = meters: 1                  
# start_time = Apr 15 2014 08:32:11 [System UTC, header]
# bad_flag = -9.990e-29
*END*
[from data line 563]
    568.902    10.2823   3.796526          1    34.3510      0.034     4.3195      8.086      96.99      0.913      -0.07      72222   3009.198    34.3474    26.3939    1499.43    565.000 0.0000e+00
    569.910    10.2655   3.794899          1    34.3498      0.035     4.3195      8.087      98.68      0.696      -0.14      72258   3010.725    34.3464    26.3961    1499.38    566.000 0.0000e+00
    570.918    10.2201   3.790734          1    34.3503      0.037     4.3224      8.088      83.33      0.569      -0.01      72301   3012.488    34.3466    26.4040    1499.24    567.000 0.0000e+00
    571.927    10.1748   3.786336          1    34.3487      0.035     4.3076      8.089      98.73      0.619       0.06      72339   3014.085    34.3444    26.4102    1499.09    568.000 0.0000e+00
    572.935    10.1584   3.784699          1    34.3467      0.032     4.2825      8.090      98.71      0.667      -0.02      72376   3015.616    34.3429    26.4118    1499.05    569.000 0.0000e+00
    573.943    10.1451   3.783378          1    34.3448      0.041     4.2944      8.091      69.28      0.581      -0.02      72417   3017.337    34.3415    26.4130    1499.01    570.000 0.0000e+00
    574.952    10.1238   3.781062          1    34.3412      0.032     4.3041      8.092      99.37      0.668       0.15      72451   3018.763    34.3378    26.4137    1498.95    571.000 0.0000e+00
    575.960    10.1003   3.778572          1    34.3377      0.043     4.2940      8.093      85.52      0.820       0.06      72480   3019.968    34.3343    26.4150    1498.88    572.000 0.0000e+00
    576.968    10.0822   3.776585          1    34.3341      0.040     4.2828      8.093      88.98      0.729      -0.13      72515   3021.432    34.3308    26.4154    1498.82    573.000 0.0000e+00
    577.977    10.0571   3.773816          1    34.3293      0.038     4.3252      8.093      84.34      0.562      -0.03      72558   3023.225    34.3260    26.4159    1498.75    574.000 0.0000e+00
    578.985    10.0144   3.769105          1    34.3217      0.032     4.3564      8.094      98.87      0.563       0.02      72601   3024.998    34.3180    26.4169    1498.60    575.000 0.0000e+00
    579.993     9.9880   3.766248          1    34.3171      0.037     4.3723      8.095      89.24      0.659       0.11      72636   3026.472    34.3135    26.4179    1498.51    576.000 0.0000e+00
    581.002     9.9493   3.761881          1    34.3096      0.042     4.3880      8.096      69.90      0.776       0.05      72667   3027.746    34.3052    26.4180    1498.38    577.000 0.0000e+00
    582.010     9.8713   3.753153          1    34.2955      0.034     4.4058      8.097      98.80      0.750      -0.07      72700   3029.129    34.2896    26.4190    1498.10    578.000 0.0000e+00
    583.018     9.7607   3.741211          1    34.2796      0.037     4.4320      8.098      81.76      0.703       0.03      72734   3030.542    34.2720    26.4238    1497.69    579.000 0.0000e+00
    584.027     9.7133   3.736325          1    34.2741      0.033     4.4995      8.099      92.54      0.749      -0.01      72767   3031.904    34.2666    26.4275    1497.53    580.000 0.0000e+00
    585.035     9.5503   3.719377          1    34.2569      0.035     4.5522      8.099      87.28      0.498      -0.12      72815   3033.916    34.2471    26.4393    1496.93    581.000 0.0000e+00
    586.043     9.3774   3.702618          1    34.2504      0.030     4.5420      8.101      99.11      0.509       0.12      72862   3035.881    34.2386    26.4610    1496.31    582.000 0.0000e+00
    587.052     9.3379   3.698935          1    34.2485      0.030     4.5202      8.101      98.71      0.715       0.21      72893   3037.160    34.2378    26.4669    1496.18    583.000 0.0000e+00
    588.060     9.3334   3.698657          1    34.2481      0.028     4.4924      8.102      98.71      0.910       0.12      72918   3038.220    34.2387    26.4683    1496.18    584.000 0.0000e+00
    589.068     9.3094   3.696394          1    34.2463      0.028     4.4785      8.103      93.81      0.847      -0.16      72949   3039.517    34.2379    26.4715    1496.11    585.000 0.0000e+00
    590.077     9.2971   3.695246          1    34.2441      0.027     4.4478      8.103      98.80      0.581      -0.06      72991   3041.236    34.2372    26.4730    1496.07    586.000 0.0000e+00
    591.085     9.2935   3.694970          1    34.2430      0.030     4.4351      8.103      96.98      0.626       0.03      73029   3042.837    34.2374    26.4737    1496.08    587.000 0.0000e+00
    592.094     9.2895   3.694620          1    34.2417      0.030     4.4441      8.104      83.59      0.617      -0.01      73068   3044.472    34.2371    26.4742    1496.08    588.000 0.0000e+00
    593.102     9.2851   3.694253          1    34.2408      0.025     4.4649      8.104      98.79      0.648       0.04      73105   3046.008    34.2371    26.4749    1496.08    589.000 0.0000e+00
    594.110     9.2776   3.693670          1    34.2410      0.032     4.4662      8.105      79.30      0.705       0.04      73139   3047.419    34.2378    26.4766    1496.07    590.000 0.0000e+00
    595.119     9.1549   3.681935          1    34.2388      0.031     4.4630      8.106      83.73      0.703      -0.04      73174   3048.883    34.2329    26.4926    1495.63    591.000 0.0000e+00
    596.127     9.0671   3.674336          1    34.2443      0.032     4.4384      8.107      98.72      0.619      -0.03      73214   3050.522    34.2376    26.5104    1495.33    592.000 0.0000e+00
    597.136     9.0530   3.673472          1    34.2474      0.043     4.3710      8.108      35.39      0.633       0.06      73251   3052.071    34.2417    26.5159    1495.30    593.000 0.0000e+00
    598.144     9.0406   3.672778          1    34.2510      0.029     4.3164      8.109      98.40      0.760       0.10      73281   3053.347    34.2458    26.5210    1495.28    594.000 0.0000e+00
    599.153     9.0002   3.668713          1    34.2473      0.033     4.2971      8.110      94.02      0.730      -0.11      73316   3054.802    34.2418    26.5243    1495.14    595.000 0.0000e+00
    600.161     8.9503   3.664094          1    34.2463      0.032     4.2724      8.111      98.81      0.524      -0.03      73361   3056.681    34.2411    26.5317    1494.97    596.000 0.0000e+00
    601.169     8.9119   3.660457          1    34.2449      0.030     4.2808      8.112      98.71      0.604       0.07      73401   3058.321    34.2395    26.5366    1494.84    597.000 0.0000e+00
    602.178     8.8676   3.656284          1    34.2430      0.038     4.2614      8.114      74.15      0.715       0.12      73433   3059.664    34.2380    26.5424    1494.69    598.000 0.0000e+00
    603.186     8.8025   3.649987          1    34.2413      0.029     4.2377      8.115      98.65      0.847       0.09      73460   3060.810    34.2343    26.5497    1494.46    599.000 0.0000e+00
    604.195     8.7660   3.646411          1    34.2378      0.027     4.2241      8.116      98.71      0.848      -0.09      73490   3062.062    34.2315    26.5533    1494.34    600.000 0.0000e+00
    605.203     8.7845   3.649087          1    34.2453      0.034     4.1904      8.116      81.52      0.462      -0.15      73543   3064.259    34.2413    26.5581    1494.44    601.000 0.0000e+00
    606.212     8.7881   3.649908          1    34.2489      0.034     4.1907      8.117      94.00      0.412       0.18      73601   3066.665    34.2460    26.5612    1494.47    602.000 0.0000e+00
    607.220     8.7679   3.648046          1    34.2483      0.033     4.1709      8.119      90.50      0.721       0.26      73630   3067.875    34.2454    26.5639    1494.41    603.000 0.0000e+00
    608.229     8.7515   3.646762          1    34.2502      0.029     4.1772      8.120      98.57      0.947       0.17      73654   3068.857    34.2473    26.5680    1494.37    604.000 0.0000e+00
    609.237     8.7249   3.644822          1    34.2552      0.029     4.1741      8.120      98.71      1.017      -0.04      73678   3069.886    34.2522    26.5759    1494.30    605.000 0.0000e+00
    610.246     8.6875   3.642289          1    34.2645      0.033     4.1503      8.120      93.98      0.746      -0.22      73714   3071.396    34.2612    26.5888    1494.19    606.000 0.0000e+00
    611.254     8.6646   3.641084          1    34.2731      0.031     4.0664      8.121      96.46      0.404      -0.03      73771   3073.741    34.2700    26.5993    1494.13    607.000 0.0000e+00
    612.263     8.6444   3.639457          1    34.2749      0.036     3.9943      8.123      83.79      0.488       0.09      73821   3075.817    34.2720    26.6041    1494.07    608.000 0.0000e+00
    613.271     8.6345   3.638471          1    34.2734      0.031     3.9978      8.123      98.88      0.666       0.14      73855   3077.247    34.2708    26.6046    1494.05    609.000 0.0000e+00
    614.280     8.6167   3.636910          1    34.2736      0.034     3.9985      8.123      89.59      0.810       0.08      73884   3078.458    34.2710    26.6076    1494.00    610.000 0.0000e+00
    615.288     8.5928   3.634693          1    34.2733      0.046     3.9907      8.124      64.02      0.813      -0.04      73914   3079.727    34.2704    26.6108    1493.93    611.000 0.0000e+00
    616.297     8.5830   3.633918          1    34.2737      0.032     3.9882      8.124      97.86      0.755      -0.04      73947   3081.091    34.2712    26.6129    1493.91    612.000 0.0000e+00
    617.305     8.5681   3.632581          1    34.2734      0.035     3.9787      8.124      92.53      0.531      -0.14      73994   3083.028    34.2710    26.6151    1493.87    613.000 0.0000e+00
    618.314     8.5342   3.629421          1    34.2727      0.033     3.9726      8.124      98.92      0.480       0.15      74043   3085.065    34.2701    26.6196    1493.76    614.000 0.0000e+00
    619.322     8.5188   3.628508          1    34.2773      0.033     3.9634      8.124      98.71      0.724       0.15      74074   3086.369    34.2749    26.6258    1493.72    615.000 0.0000e+00
    620.331     8.5147   3.628376          1    34.2793      0.036     3.9561      8.124      98.71      0.760      -0.08      74107   3087.749    34.2770    26.6281    1493.73    616.000 0.0000e+00
    621.339     8.5145   3.628424          1    34.2790      0.037     3.9282      8.124      97.79      0.571      -0.07      74149   3089.516    34.2773    26.6283    1493.74    617.000 0.0000e+00
    622.348     8.5146   3.628491          1    34.2788      0.046     3.9130      8.124      70.96      0.627       0.13      74186   3091.055    34.2774    26.6284    1493.76    618.000 0.0000e+00
    623.356     8.5120   3.628301          1    34.2787      0.036     3.9226      8.124      98.29      0.781       0.08      74217   3092.314    34.2775    26.6289    1493.77    619.000 0.0000e+00
    624.365     8.5082   3.628012          1    34.2787      0.097     3.9208      8.124      91.20      0.724      -0.12      74252   3093.779    34.2776    26.6295    1493.77    620.000 0.0000e+00
    625.373     8.5036   3.627636          1    34.2786      0.044     3.9259      8.124      72.09      0.536      -0.02      74296   3095.616    34.2776    26.6302    1493.77    621.000 0.0000e+00
    626.382     8.4998   3.627323          1    34.2784      0.041     3.9273      8.124      98.80      0.616       0.05      74335   3097.235    34.2776    26.6308    1493.77    622.000 0.0000e+00
    627.391     8.4964   3.627053          1    34.2784      0.038     3.9304      8.124      89.83      0.646       0.02      74372   3098.773    34.2776    26.6314    1493.78    623.000 0.0000e+00
    628.399     8.4881   3.626277          1    34.2779      0.035     3.9216      8.124      98.64      0.758       0.12      74402   3100.031    34.2769    26.6321    1493.76    624.000 0.0000e+00
    629.408     8.4371   3.621794          1    34.2804      0.036     3.9204      8.124      93.40      0.791      -0.07      74434   3101.363    34.2786    26.6412    1493.59    625.000 0.0000e+00
    630.416     8.4243   3.621071          1    34.2848      0.038     3.9040      8.124      94.02      0.655      -0.03      74471   3102.901    34.2828    26.6465    1493.56    626.000 0.0000e+00
    631.425     8.4122   3.620176          1    34.2864      0.038     3.8778      8.124      98.61      0.570      -0.11      74514   3104.709    34.2846    26.6497    1493.54    627.000 0.0000e+00
    632.433     8.3892   3.618372          1    34.2894      0.046     3.8443      8.124      70.99      0.479       0.16      74561   3106.659    34.2874    26.6555    1493.47    628.000 0.0000e+00
    633.442     8.3599   3.615702          1    34.2895      0.037     3.8364      8.125      98.81      0.769       0.22      74589   3107.838    34.2871    26.6597    1493.38    629.000 0.0000e+00
    634.451     8.3564   3.615827          1    34.2934      0.036     3.8279      8.125      98.71      0.835      -0.09      74620   3109.112    34.2914    26.6636    1493.38    630.000 0.0000e+00
    635.459     8.3612   3.616541          1    34.2953      0.051     3.8076      8.125      61.65      0.626      -0.07      74659   3110.731    34.2937    26.6647    1493.42    631.000 0.0000e+00
    636.468     8.3602   3.616568          1    34.2959      0.039     3.8029      8.125      98.44      0.627       0.01      74697   3112.342    34.2946    26.6656    1493.44    632.000 0.0000e+00
    637.476     8.3577   3.616399          1    34.2958      0.041     3.7922      8.125      92.62      0.601      -0.01      74737   3114.013    34.2947    26.6660    1493.44    633.000 0.0000e+00
    638.485     8.3295   3.613545          1    34.2933      0.038     3.7828      8.125      98.82      0.685       0.14      74771   3115.401    34.2914    26.6678    1493.35    634.000 0.0000e+00
    639.494     8.3104   3.611610          1    34.2910      0.039     3.7808      8.125      98.71      0.814       0.02      74800   3116.640    34.2890    26.6688    1493.29    635.000 0.0000e+00
    640.502     8.2877   3.609272          1    34.2880      0.042     3.7918      8.125      90.06      0.599      -0.16      74842   3118.390    34.2858    26.6697    1493.22    636.000 0.0000e+00
    641.511     8.2595   3.606795          1    34.2887      0.037     3.8111      8.125      98.94      0.534       0.10      74887   3120.237    34.2864    26.6745    1493.13    637.000 0.0000e+00
    642.520     8.2519   3.606214          1    34.2893      0.053     3.8081      8.125      70.12      0.677       0.08      74921   3121.680    34.2872    26.6762    1493.12    638.000 0.0000e+00
    643.528     8.2502   3.606162          1    34.2896      0.038     3.7845      8.125      98.66      0.756       0.04      74953   3122.997    34.2879    26.6770    1493.13    639.000 0.0000e+00
    644.537     8.2499   3.606204          1    34.2895      0.038     3.7725      8.125      98.71      0.732      -0.06      74987   3124.423    34.2881    26.6772    1493.15    640.000 0.0000e+00
    645.545     8.2504   3.606294          1    34.2892      0.050     3.7783      8.125      63.79      0.583      -0.06      75029   3126.157    34.2881    26.6771    1493.17    641.000 0.0000e+00
    646.554     8.2496   3.606287          1    34.2893      0.037     3.7799      8.125      98.79      0.608       0.05      75068   3127.795    34.2884    26.6775    1493.18    642.000 0.0000e+00
    647.563     8.2499   3.606356          1    34.2891      0.038     3.7710      8.125      94.25      0.649       0.00      75105   3129.347    34.2884    26.6775    1493.20    643.000 0.0000e+00
    648.571     8.2502   3.606429          1    34.2890      0.038     3.7740      8.125      98.71      0.704       0.09      75138   3130.722    34.2884    26.6774    1493.22    644.000 0.0000e+00
