src/interpolation/Data/CTD/01w1h.cnv
* Sea-Bird SBE 9 Data File:
* FileName = E:\HOBAB2\w1.hex
* Software Version Seasave V 7.22.1
* Temperature SN = 5330
* Conductivity SN = 3693
* Number of Bytes Per Scan = 24
* Number of Voltage Words = 4
* Number of Scans Averaged by the Deck Unit = 1
* NMEA baud rate = 9600
# nquan = 18
# nvalues = 2510                        
# units = specified
# name 0 = prDM: Pressure, Digiquartz [db]
# name 1 = t090C: Temperature [ITS-90, deg C]
# name 2 = c0S/m: Conductivity [S/m]
# name 3 = pumps: Pump Status
# name 4 = sal00: Salinity, Practical [PSU]
# name 5 = seaTurbMtr: Turbidity, Seapoint [FTU]
# name 6 = sbeox0Mg/L: Oxygen, SBE 43 [mg/l]
# name 7 = ph: pH
# name 8 = altM: Altimeter [m]
# name 9 = dz/dtM: Descent Rate [m/s]
# name 10 = accM: Acceleration [m/s^2]
# name 11 = scan: Scan Count
# name 12 = timeS: Time, Elapsed [seconds]
# name 13 = sal00: Salinity, Practical [PSU]
# name 14 = sigma-t00: Density [sigma-t, kg/m^3 ]
# name 15 = svCM: Sound Velocity [Chen-Millero, m/s]
# name 16 = depSM: Depth [salt water, m], lat = 0
# name 17 = flag: flag
# span 0 =      1.006,   1266.784       
# span 1 =     3.8820,    23.4919       
# span 2 =   3.252179,   5.114319       
# span 3 =          1,          1       
# span 4 =    34.2317,    34.8124       
# span 5 =      0.025,      0.382       
# span 6 =     2.1842,     7.0308       
# span 7 =      7.444,      8.130       
# span 8 =      -5.88,     109.35       
# span 9 =     -1.407,      1.221       
# span 10 =      -1.12,       0.79      
# span 11 =      39917,     202876      
# span 12 =   1663.149,   8453.137      
# span 13 =    34.2315,    34.8109      
# span 14 =    23.5805,    27.3420      
# span 15 =    1483.83,    1530.64      
# span 16 =      1.000,   1256.000      
# span 17 = 0.0000e+00, 0.0000e+00      
# interval = meters: 1                  
# start_time = Apr 15 2014 08:32:11 [System UTC, header]
# bad_flag = -9.990e-29
*END*
[from data line 1689]
    827.182     5.2914   3.350215          1    34.3279      0.031     2.5604      7.589      91.44     -0.622       0.14     159139   6630.760    34.3280    27.1084    1484.66    821.000 0.0000e+00
    826.172     5.2915   3.350178          1    34.3280      0.038     2.5714      7.731      76.05     -0.537       0.03     159185   6632.658    34.3280    27.1084    1484.64    820.000 0.0000e+00
    825.163     5.2921   3.350173          1    34.3277      0.035     2.5681      7.818      92.35     -0.496      -0.03     159232   6634.644    34.3277    27.1081    1484.63    819.000 0.0000e+00
    824.153     5.2943   3.350287          1    34.3273      0.031     2.5694      7.810      98.79     -0.661      -0.16     159267   6636.080    34.3274    27.1076    1484.62    818.000 0.0000e+00
    823.144     5.2957   3.350351          1    34.3270      0.029     2.5651      7.715      98.71     -0.752       0.05     159300   6637.462    34.3271    27.1072    1484.61    817.000 0.0000e+00
    822.134     5.2949   3.350247          1    34.3272      0.032     2.5691      7.668      98.71     -0.506       0.07     159346   6639.393    34.3272    27.1074    1484.59    816.000 0.0000e+00
    821.125     5.2993   3.350532          1    34.3264      0.038     2.5702      7.810      89.01     -0.607      -0.12     159385   6641.012    34.3266    27.1064    1484.59    815.000 0.0000e+00
    820.115     5.3004   3.350561          1    34.3261      0.030     2.5689      7.741      98.47     -0.715      -0.01     159419   6642.421    34.3262    27.1060    1484.58    814.000 0.0000e+00
    819.106     5.3022   3.350658          1    34.3259      0.036     2.5626      7.774      84.32     -0.592       0.08     159460   6644.140    34.3261    27.1056    1484.57    813.000 0.0000e+00
    818.096     5.3071   3.351011          1    34.3253      0.033     2.5689      7.775      89.21     -0.611      -0.04     159500   6645.786    34.3256    27.1047    1484.57    812.000 0.0000e+00
    817.087     5.3202   3.352012          1    34.3236      0.030     2.5702      7.790      98.58     -0.581       0.04     159542   6647.541    34.3241    27.1020    1484.61    811.000 0.0000e+00
    816.077     5.3288   3.352713          1    34.3232      0.030     2.5768      7.710      98.71     -0.536      -0.02     159586   6649.395    34.3239    27.1008    1484.62    810.000 0.0000e+00
    815.068     5.3585   3.355089          1    34.3200      0.033     2.5858      7.655      82.42     -0.663      -0.16     159621   6650.832    34.3212    27.0951    1484.72    809.000 0.0000e+00
    814.058     5.3735   3.356225          1    34.3178      0.028     2.5799      7.686      97.70     -0.781       0.02     159652   6652.144    34.3194    27.0918    1484.77    808.000 0.0000e+00
    813.049     5.3458   3.353896          1    34.3211      0.031     2.5965      7.647      98.73     -0.462       0.12     159703   6654.237    34.3215    27.0969    1484.64    807.000 0.0000e+00
    812.039     5.3830   3.356917          1    34.3174      0.035     2.5941      7.676      86.42     -0.558      -0.10     159746   6656.062    34.3186    27.0902    1484.77    806.000 0.0000e+00
    811.030     5.3996   3.358113          1    34.3144      0.030     2.5908      7.680      99.01     -0.643      -0.04     159783   6657.604    34.3159    27.0860    1484.82    805.000 0.0000e+00
    810.021     5.4085   3.358741          1    34.3130      0.035     2.5871      7.739      98.71     -0.761      -0.16     159813   6658.832    34.3145    27.0838    1484.83    804.000 0.0000e+00
    809.011     5.4131   3.359029          1    34.3122      0.031     2.6009      7.748      98.71     -0.858       0.05     159842   6660.051    34.3136    27.0825    1484.83    803.000 0.0000e+00
    808.002     5.3861   3.356904          1    34.3170      0.035     2.6208      7.721      90.60     -0.146       0.10     159917   6663.167    34.3174    27.0888    1484.71    802.000 0.0000e+00
    806.992     5.4301   3.360320          1    34.3109      0.033     2.6108      7.764      98.75     -0.663      -0.33     159952   6664.618    34.3119    27.0792    1484.87    801.000 0.0000e+00
    805.983     5.4759   3.363851          1    34.3037      0.030     2.5956      7.761      98.71     -0.920      -0.16     159976   6665.634    34.3061    27.0691    1485.03    800.000 0.0000e+00
    804.973     5.4581   3.362372          1    34.3062      0.031     2.6000      7.767      89.41     -0.831       0.20     160009   6666.994    34.3079    27.0726    1484.94    799.000 0.0000e+00
    803.964     5.4619   3.362636          1    34.3063      0.030     2.6410      7.707      99.62     -0.335      -0.01     160067   6669.412    34.3075    27.0719    1484.94    798.000 0.0000e+00
    802.955     5.5168   3.366992          1    34.2994      0.035     2.6220      7.684      98.71     -0.621      -0.20     160104   6670.950    34.3018    27.0607    1485.14    797.000 0.0000e+00
    801.945     5.5608   3.370574          1    34.2950      0.041     2.6213      7.796      78.07     -0.803      -0.08     160133   6672.168    34.2983    27.0526    1485.29    796.000 0.0000e+00
    800.936     5.5682   3.371106          1    34.2942      0.031     2.6435      7.804      98.34     -0.816       0.03     160163   6673.435    34.2973    27.0509    1485.31    795.000 0.0000e+00
    799.926     5.5589   3.370278          1    34.2958      0.037     2.6750      7.844      79.48     -0.514       0.17     160212   6675.439    34.2979    27.0525    1485.25    794.000 0.0000e+00
    798.917     5.5722   3.371347          1    34.2951      0.032     2.6872      7.739      99.56     -0.464      -0.23     160262   6677.545    34.2970    27.0502    1485.29    793.000 0.0000e+00
    797.907     5.5917   3.372910          1    34.2934      0.031     2.6743      7.753      98.71     -0.757      -0.17     160292   6678.773    34.2955    27.0466    1485.35    792.000 0.0000e+00
    796.898     5.5983   3.373437          1    34.2932      0.047     2.6753      7.824      48.75     -0.853      -0.01     160320   6679.947    34.2952    27.0456    1485.36    791.000 0.0000e+00
    795.889     5.6055   3.373996          1    34.2927      0.035     2.6830      7.824      87.68     -0.885      -0.05     160346   6681.058    34.2947    27.0443    1485.37    790.000 0.0000e+00
    794.879     5.6254   3.375608          1    34.2913      0.030     2.6915      7.867      98.14     -0.901       0.06     160374   6682.228    34.2933    27.0408    1485.43    789.000 0.0000e+00
    793.870     5.6129   3.374525          1    34.2929      0.034     2.7004      7.871      96.01     -0.356       0.16     160433   6684.686    34.2942    27.0430    1485.36    788.000 0.0000e+00
    792.861     5.6250   3.375515          1    34.2925      0.031     2.6973      7.873      97.67     -0.565      -0.27     160479   6686.602    34.2936    27.0411    1485.40    787.000 0.0000e+00
    791.851     5.6502   3.377565          1    34.2902      0.037     2.7003      7.875      76.08     -0.804      -0.15     160508   6687.773    34.2919    27.0367    1485.48    786.000 0.0000e+00
    790.842     5.6640   3.378707          1    34.2893      0.031     2.7042      7.876      98.84     -0.920      -0.07     160533   6688.839    34.2912    27.0344    1485.52    785.000 0.0000e+00
    789.833     5.6700   3.379159          1    34.2890      0.036     2.7027      7.877      98.71     -0.938       0.05     160560   6689.960    34.2909    27.0334    1485.52    784.000 0.0000e+00
    788.823     5.6573   3.378035          1    34.2903      0.031     2.7149      7.878      98.71     -0.664       0.17     160599   6691.569    34.2915    27.0355    1485.46    783.000 0.0000e+00
    787.814     5.6752   3.379483          1    34.2890      0.033     2.7169      7.880      95.39     -0.496       0.07     160648   6693.621    34.2903    27.0323    1485.51    782.000 0.0000e+00
    786.805     5.6858   3.380361          1    34.2887      0.036     2.7181      7.883      98.91     -0.442      -0.12     160700   6695.785    34.2899    27.0307    1485.53    781.000 0.0000e+00
    785.795     5.6904   3.380716          1    34.2886      0.060     2.7267      7.885      47.67     -0.722      -0.28     160729   6696.996    34.2897    27.0300    1485.54    780.000 0.0000e+00
    784.786     5.6945   3.381038          1    34.2886      0.031     2.7251      7.885      98.88     -0.972      -0.23     160752   6697.941    34.2897    27.0295    1485.54    779.000 0.0000e+00
    783.777     5.7030   3.381722          1    34.2882      0.030     2.7287      7.884      98.71     -1.081      -0.02     160774   6698.882    34.2894    27.0281    1485.55    778.000 0.0000e+00
    782.767     5.7036   3.381748          1    34.2885      0.034     2.7260      7.887      98.71     -0.870       0.25     160806   6700.226    34.2895    27.0282    1485.54    777.000 0.0000e+00
    781.758     5.7006   3.381399          1    34.2885      0.035     2.7435      7.857      88.76     -0.293       0.02     160873   6702.993    34.2891    27.0283    1485.51    776.000 0.0000e+00
    780.749     5.7226   3.383421          1    34.2892      0.032     2.7318      7.821      99.27     -0.483      -0.17     160923   6705.086    34.2902    27.0264    1485.58    775.000 0.0000e+00
    779.739     5.7510   3.385750          1    34.2866      0.032     2.7423      7.780      98.71     -0.782      -0.34     160948   6706.144    34.2883    27.0214    1485.68    774.000 0.0000e+00
    778.730     5.7547   3.386081          1    34.2870      0.034     2.7425      7.888      98.68     -1.041      -0.23     160970   6707.024    34.2888    27.0213    1485.68    773.000 0.0000e+00
    777.721     5.7653   3.387043          1    34.2877      0.033     2.7427      7.889      98.68     -1.121       0.05     160992   6707.977    34.2894    27.0205    1485.70    772.000 0.0000e+00
    776.711     5.7648   3.387017          1    34.2887      0.035     2.7596      7.889      94.55     -0.828       0.26     161026   6709.355    34.2901    27.0211    1485.69    771.000 0.0000e+00
    775.702     5.7670   3.387144          1    34.2887      0.032     2.7596      7.889      98.35     -0.572       0.09     161070   6711.206    34.2898    27.0206    1485.68    770.000 0.0000e+00
    774.693     5.7732   3.387677          1    34.2892      0.034     2.7531      7.892      94.83     -0.215      -0.02     161144   6714.312    34.2901    27.0200    1485.68    769.000 0.0000e+00
    773.684     5.8059   3.390773          1    34.2907      0.033     2.7590      7.893      98.33     -0.677      -0.40     161174   6715.550    34.2924    27.0178    1485.80    768.000 0.0000e+00
    772.674     5.8222   3.392252          1    34.2911      0.033     2.7653      7.894      98.72     -0.990      -0.32     161195   6716.409    34.2931    27.0164    1485.85    767.000 0.0000e+00
    771.665     5.8318   3.393118          1    34.2916      0.035     2.7707      7.894      98.70     -1.186      -0.16     161214   6717.217    34.2937    27.0156    1485.87    766.000 0.0000e+00
    770.656     5.8364   3.393516          1    34.2921      0.034     2.7745      7.864      98.08     -1.215       0.07     161236   6718.105    34.2940    27.0153    1485.88    765.000 0.0000e+00
    769.647     5.8236   3.392243          1    34.2920      0.034     2.7885      7.878      96.14     -0.519       0.26     161288   6720.280    34.2931    27.0162    1485.81    764.000 0.0000e+00
    768.637     5.8226   3.392049          1    34.2918      0.046     2.7846      7.870      66.79     -0.398      -0.21     161354   6723.060    34.2924    27.0158    1485.78    763.000 0.0000e+00
    767.628     5.8400   3.393446          1    34.2902      0.033     2.7782      7.871      99.32     -0.679      -0.18     161387   6724.404    34.2910    27.0125    1485.84    762.000 0.0000e+00
    766.619     5.8502   3.393980          1    34.2861      0.033     2.7855      7.872      98.71     -0.859      -0.15     161413   6725.502    34.2873    27.0083    1485.86    761.000 0.0000e+00
    765.610     5.8537   3.394196          1    34.2856      0.032     2.7885      7.872      98.71     -0.976      -0.09     161437   6726.492    34.2867    27.0074    1485.85    760.000 0.0000e+00
    764.600     5.8576   3.394449          1    34.2850      0.034     2.7923      7.841      98.71     -1.010       0.03     161462   6727.529    34.2861    27.0064    1485.85    759.000 0.0000e+00
    763.591     5.8514   3.393964          1    34.2866      0.038     2.8032      7.813      86.58     -0.701       0.24     161500   6729.137    34.2873    27.0082    1485.81    758.000 0.0000e+00
    762.582     5.8528   3.393996          1    34.2863      0.038     2.8049      7.819      96.61     -0.371      -0.04     161559   6731.594    34.2868    27.0076    1485.80    757.000 0.0000e+00
    761.573     5.8620   3.394714          1    34.2854      0.044     2.7937      7.831      55.04     -0.582      -0.18     161599   6733.266    34.2861    27.0058    1485.82    756.000 0.0000e+00
    760.563     5.8652   3.394748          1    34.2833      0.034     2.7958      7.763      99.20     -0.774      -0.10     161629   6734.514    34.2837    27.0036    1485.81    755.000 0.0000e+00
    759.554     5.8611   3.394109          1    34.2808      0.032     2.8066      7.798      98.71     -0.853      -0.07     161657   6735.646    34.2812    27.0021    1485.77    754.000 0.0000e+00
    758.545     5.8598   3.393874          1    34.2800      0.034     2.8038      7.811      98.71     -0.970      -0.16     161680   6736.612    34.2804    27.0016    1485.75    753.000 0.0000e+00
    757.536     5.8590   3.393740          1    34.2799      0.032     2.8026      7.786      98.71     -1.062      -0.01     161703   6737.576    34.2801    27.0015    1485.73    752.000 0.0000e+00
    756.527     5.8590   3.393752          1    34.2805      0.033     2.8084      7.771      91.69     -0.674       0.27     161744   6739.281    34.2808    27.0020    1485.72    751.000 0.0000e+00
    755.518     5.8593   3.393721          1    34.2805      0.037     2.8194      7.761      96.88     -0.392      -0.10     161803   6741.755    34.2806    27.0019    1485.70    750.000 0.0000e+00
    754.508     5.8602   3.393740          1    34.2803      0.032     2.8126      7.794      98.79     -0.556      -0.10     161846   6743.531    34.2804    27.0016    1485.69    749.000 0.0000e+00
    753.499     5.8692   3.394320          1    34.2781      0.043     2.8118      7.777      64.08     -0.745      -0.19     161875   6744.765    34.2783    26.9988    1485.70    748.000 0.0000e+00
    752.490     5.8884   3.395304          1    34.2703      0.030     2.8102      7.806      99.24     -0.937      -0.19     161899   6745.745    34.2706    26.9903    1485.75    747.000 0.0000e+00
    751.481     5.9131   3.396562          1    34.2591      0.034     2.8088      7.761      89.13     -1.066      -0.07     161921   6746.678    34.2603    26.9791    1485.82    746.000 0.0000e+00
    750.472     5.9020   3.395961          1    34.2640      0.034     2.8135      7.789      86.78     -0.942       0.22     161950   6747.891    34.2652    26.9844    1485.77    745.000 0.0000e+00
    749.463     5.8908   3.395274          1    34.2689      0.036     2.8530      7.821      82.58     -0.420       0.11     162004   6750.119    34.2692    26.9889    1485.71    744.000 0.0000e+00
    748.453     5.9161   3.396728          1    34.2601      0.033     2.8384      7.809      99.13     -0.528      -0.19     162049   6752.009    34.2606    26.9789    1485.78    743.000 0.0000e+00
