src/interpolation/Data/CTD/02w2h.cnv
* Sea-Bird SBE 9 Data File:
* FileName = E:\HOBAB2\w2.hex
* Software Version Seasave V 7.22.1
* Temperature SN = 5330
* Conductivity SN = 3693
* Number of Bytes Per Scan = 24
* Number of Voltage Words = 4
* Number of Scans Averaged by the Deck Unit = 1
* NMEA baud rate = 9600
# nquan = 18
# nvalues = 1979                        
# units = specified
# name 0 = prDM: Pressure, Digiquartz [db]
# name 1 = t090C: Temperature [ITS-90, deg C]
# name 2 = c0S/m: Conductivity [S/m]
# name 3 = pumps: Pump Status
# name 4 = sal00: Salinity, Practical [PSU]
# name 5 = seaTurbMtr: Turbidity, Seapoint [FTU]
# name 6 = sbeox0Mg/L: Oxygen, SBE 43 [mg/l]
# name 7 = ph: pH
# name 8 = altM: Altimeter [m]
# name 9 = dz/dtM: Descent Rate [m/s]
# name 10 = accM: Acceleration [m/s^2]
# name 11 = scan: Scan Count
# name 12 = timeS: Time, Elapsed [seconds]
# name 13 = sal00: Salinity, Practical [PSU]
# name 14 = sigma-t00: Density [sigma-t, kg/m^3 ]
# name 15 = svCM: Sound Velocity [Chen-Millero, m/s]
# name 16 = depSM: Depth [salt water, m], lat = 0
# name 17 = flag: flag
# span 0 =      1.006,   1002.913       
# span 1 =     4.3181,    22.6960       
# span 2 =   3.277419,   5.038441       
# span 3 =          1,          1       
# span 4 =    34.2741,    34.8099       
# span 5 =      0.025,      0.308       
# span 6 =     2.2849,     7.3954       
# span 7 =      7.431,      7.926       
# span 8 =      -3.63,     103.93       
# span 9 =     -1.297,      1.185       
# span 10 =      -0.53,       0.36      
# span 11 =      10197,     145909      
# span 12 =    424.826,   6079.517      
# span 13 =    34.2699,    34.8100      
# span 14 =    23.8390,    27.2749      
# span 15 =    1482.43,    1528.73      
# span 16 =      1.000,    995.000      
# span 17 = 0.0000e+00, 0.0000e+00      
# interval = meters: 1                  
# start_time = Apr 16 2014 16:48:33 [System UTC, header]
# bad_flag = -9.990e-29
*END*
[from data line 322]
    335.111    15.7353   4.335198          1    34.6097      0.032     5.6261      7.751      98.66      0.425       0.04      60773   2532.160    34.6081    25.5062    1514.08    333.000 0.0000e+00
    336.118    15.7277   4.334476          1    34.6092      0.033     5.6236      7.751      98.71      0.469       0.04      60824   2534.291    34.6079    25.5077    1514.07    334.000 0.0000e+00
    337.125    15.7015   4.331751          1    34.6078      0.034     5.6318      7.751      92.35      0.603       0.07      60863   2535.937    34.6060    25.5122    1514.00    335.000 0.0000e+00
    338.132    15.6414   4.325515          1    34.6050      0.033     5.6354      7.751      98.47      0.473      -0.12      60915   2538.063    34.6024    25.5230    1513.83    336.000 0.0000e+00
    339.140    15.6136   4.322651          1    34.6031      0.037     5.6090      7.751      87.23      0.395       0.02      60978   2540.713    34.6007    25.5280    1513.76    337.000 0.0000e+00
    340.147    15.5878   4.320092          1    34.6006      0.035     5.6160      7.752      95.36      0.092      -0.10      61366   2556.890    34.5999    25.5331    1513.69    338.000 0.0000e+00
    341.154    15.5716   4.318438          1    34.5995      0.033     5.5969      7.750      95.21      0.335       0.09      61590   2566.227    34.5990    25.5360    1513.66    339.000 0.0000e+00
    342.161    15.5660   4.317887          1    34.5991      0.033     5.6105      7.750      97.43      0.394      -0.02      61647   2568.593    34.5986    25.5370    1513.65    340.000 0.0000e+00
    343.168    15.4943   4.310326          1    34.5952      0.039     5.6019      7.750      83.15      0.428       0.04      61705   2571.006    34.5931    25.5488    1513.44    341.000 0.0000e+00
    344.176    15.4345   4.304054          1    34.5917      0.034     5.6001      7.750      98.77      0.478       0.02      61756   2573.113    34.5888    25.5588    1513.27    342.000 0.0000e+00
    345.183    15.4030   4.300771          1    34.5894      0.042     5.6185      7.750      70.68      0.508      -0.00      61803   2575.101    34.5865    25.5641    1513.18    343.000 0.0000e+00
    346.190    15.3871   4.299116          1    34.5877      0.037     5.6373      7.750      98.70      0.492      -0.01      61852   2577.145    34.5852    25.5666    1513.15    344.000 0.0000e+00
    347.197    15.3782   4.298223          1    34.5867      0.033     5.6434      7.750      98.71      0.515       0.04      61899   2579.090    34.5846    25.5682    1513.14    345.000 0.0000e+00
    348.204    15.3682   4.297198          1    34.5856      0.032     5.6466      7.750      98.56      0.496      -0.07      61948   2581.122    34.5838    25.5698    1513.12    346.000 0.0000e+00
    349.212    15.3569   4.296028          1    34.5843      0.033     5.6761      7.750      92.31      0.395       0.07      62006   2583.555    34.5828    25.5715    1513.10    347.000 0.0000e+00
    350.219    15.3390   4.294099          1    34.5825      0.035     5.6872      7.750      98.80      0.589       0.10      62047   2585.233    34.5807    25.5739    1513.06    348.000 0.0000e+00
    351.226    15.2716   4.287097          1    34.5794      0.031     5.6896      7.750      98.71      0.641      -0.02      62085   2586.816    34.5764    25.5856    1512.86    349.000 0.0000e+00
    352.233    15.2088   4.280721          1    34.5774      0.032     5.7112      7.750      98.71      0.530      -0.08      62131   2588.748    34.5737    25.5973    1512.67    350.000 0.0000e+00
    353.241    15.1607   4.275748          1    34.5742      0.040     5.6369      7.750      75.28      0.363       0.01      62193   2591.348    34.5707    25.6056    1512.53    351.000 0.0000e+00
    354.248    15.1118   4.270698          1    34.5716      0.031     5.6378      7.750      99.27      0.520       0.13      62240   2593.300    34.5677    25.6141    1512.39    352.000 0.0000e+00
    355.255    15.0681   4.265996          1    34.5677      0.032     5.6621      7.750      98.71      0.680       0.08      62275   2594.733    34.5632    25.6202    1512.27    353.000 0.0000e+00
    356.262    14.9755   4.256230          1    34.5613      0.032     5.6310      7.750      98.71      0.612      -0.13      62316   2596.445    34.5558    25.6348    1511.98    354.000 0.0000e+00
    357.270    14.8693   4.244996          1    34.5529      0.032     5.7375      7.750      94.03      0.250      -0.01      62394   2599.708    34.5471    25.6513    1511.65    355.000 0.0000e+00
    358.277    14.7940   4.237041          1    34.5465      0.028     5.7836      7.751      98.87      0.434       0.13      62455   2602.240    34.5409    25.6629    1511.42    356.000 0.0000e+00
    359.284    14.7744   4.235105          1    34.5451      0.031     5.7904      7.750      98.71      0.614       0.07      62493   2603.835    34.5401    25.6665    1511.37    357.000 0.0000e+00
    360.291    14.7335   4.231023          1    34.5435      0.031     5.7893      7.750      84.49      0.576      -0.07      62536   2605.619    34.5387    25.6743    1511.26    358.000 0.0000e+00
    361.299    14.6981   4.227765          1    34.5436      0.031     5.6805      7.750      91.96      0.263      -0.06      62616   2608.965    34.5399    25.6829    1511.16    359.000 0.0000e+00
    362.306    14.6758   4.225651          1    34.5427      0.032     5.6143      7.748      98.97      0.377       0.21      62698   2612.377    34.5399    25.6877    1511.11    360.000 0.0000e+00
    363.313    14.6358   4.221491          1    34.5402      0.039     5.5969      7.749      77.04      0.680       0.18      62730   2613.705    34.5369    25.6940    1510.99    361.000 0.0000e+00
    364.320    14.6022   4.218060          1    34.5385      0.033     5.5860      7.749      98.00      0.803      -0.00      62760   2614.975    34.5350    25.6998    1510.90    362.000 0.0000e+00
    365.328    14.5593   4.213633          1    34.5353      0.035     5.5953      7.749      88.09      0.301      -0.12      62832   2617.971    34.5320    25.7067    1510.78    363.000 0.0000e+00
    366.335    14.4761   4.204916          1    34.5294      0.031     5.6068      7.748      98.92      0.369       0.06      62917   2621.485    34.5256    25.7196    1510.52    364.000 0.0000e+00
    367.342    14.3761   4.194413          1    34.5229      0.030     5.5958      7.749      98.71      0.486       0.10      62967   2623.579    34.5176    25.7347    1510.20    365.000 0.0000e+00
    368.350    14.3158   4.188242          1    34.5151      0.033     5.6339      7.748      90.36      0.077      -0.09      63357   2639.846    34.5140    25.7448    1510.02    366.000 0.0000e+00
    369.357    14.3026   4.186914          1    34.5133      0.031     5.6381      7.745     100.72      0.153      -0.01      63766   2656.860    34.5131    25.7469    1509.99    367.000 0.0000e+00
    370.364    14.2706   4.183598          1    34.5119      0.031     5.6461      7.746      93.72      0.475      -0.01      63762   2656.716    34.5107    25.7519    1509.91    368.000 0.0000e+00
    371.372    14.1801   4.174409          1    34.5086      0.028     5.6080      7.745      99.17      0.210      -0.02      63856   2660.607    34.5061    25.7675    1509.62    369.000 0.0000e+00
    372.379    14.1246   4.168807          1    34.5063      0.029     5.5725      7.744      98.71      0.353       0.03      63933   2663.853    34.5034    25.7771    1509.46    370.000 0.0000e+00
    373.386    14.1210   4.168471          1    34.5056      0.031     5.5716      7.716      94.73      0.188      -0.07      68672   2861.276    34.5031    25.7776    1509.46    371.000 0.0000e+00
    374.394    14.1061   4.167019          1    34.5047      0.033     5.5634      7.705      93.14      0.280      -0.02      70452   2935.476    34.5025    25.7803    1509.43    372.000 0.0000e+00
    375.401    14.0997   4.166420          1    34.5039      0.030     5.5720      7.706      98.76      0.405       0.10      70456   2935.620    34.5023    25.7815    1509.43    373.000 0.0000e+00
    376.408    14.0952   4.166039          1    34.5034      0.031     5.5751      7.706      98.67      0.258      -0.05      70536   2938.971    34.5024    25.7825    1509.43    374.000 0.0000e+00
    377.416    14.0932   4.165872          1    34.5030      0.031     5.5544      7.706      98.71      0.394       0.06      70613   2942.147    34.5022    25.7828    1509.44    375.000 0.0000e+00
    378.423    14.0825   4.164754          1    34.5017      0.033     5.5810      7.707      92.98      0.274      -0.04      70691   2945.427    34.5010    25.7842    1509.42    376.000 0.0000e+00
    379.430    14.0805   4.164612          1    34.5016      0.031     5.5801      7.706      98.86      0.398       0.10      70761   2948.330    34.5011    25.7846    1509.43    377.000 0.0000e+00
    380.438    14.0712   4.163717          1    34.5013      0.035     5.5649      7.706      87.99      0.527       0.03      70807   2950.230    34.5007    25.7862    1509.42    378.000 0.0000e+00
    381.445    14.0579   4.162311          1    34.4998      0.033     5.5812      7.706      94.90      0.218      -0.06      70892   2953.809    34.4992    25.7879    1509.39    379.000 0.0000e+00
    382.453    14.0562   4.162140          1    34.4993      0.030     5.5924      7.706      98.78      0.487       0.36      70979   2957.420    34.4987    25.7879    1509.40    380.000 0.0000e+00
    383.460    14.0170   4.157772          1    34.4942      0.039     5.5980      7.706      76.06      0.777       0.12      71008   2958.619    34.4928    25.7916    1509.28    381.000 0.0000e+00
    384.467    13.9341   4.148942          1    34.4878      0.033     5.6072      7.707      90.80      0.698      -0.14      71045   2960.159    34.4845    25.8025    1509.02    382.000 0.0000e+00
    385.475    13.8315   4.138385          1    34.4814      0.026     5.6929      7.707     100.25      0.081       0.00      71148   2964.468    34.4778    25.8187    1508.69    383.000 0.0000e+00
    386.482    13.8184   4.137029          1    34.4794      0.028     5.6678      7.706      98.71      0.548       0.16      71209   2966.993    34.4765    25.8204    1508.66    384.000 0.0000e+00
    387.490    13.7701   4.131983          1    34.4760      0.026     5.6662      7.707      98.71      0.637      -0.02      71247   2968.579    34.4724    25.8273    1508.52    385.000 0.0000e+00
    388.497    13.7081   4.125778          1    34.4736      0.028     5.6605      7.707      98.71      0.460      -0.11      71300   2970.785    34.4697    25.8380    1508.33    386.000 0.0000e+00
    389.504    13.6900   4.123995          1    34.4716      0.029     5.6330      7.708      98.71      0.266       0.09      71380   2974.146    34.4689    25.8411    1508.28    387.000 0.0000e+00
    390.512    13.6788   4.122904          1    34.4707      0.027     5.6388      7.708      98.71      0.514       0.06      71427   2976.093    34.4683    25.8430    1508.26    388.000 0.0000e+00
    391.519    13.6629   4.121335          1    34.4696      0.026     5.6306      7.708      98.71      0.453      -0.06      71480   2978.292    34.4675    25.8456    1508.23    389.000 0.0000e+00
    392.527    13.6503   4.120102          1    34.4686      0.025     5.6284      7.708      98.71      0.399      -0.01      71541   2980.816    34.4669    25.8478    1508.20    390.000 0.0000e+00
    393.534    13.6309   4.118128          1    34.4672      0.029     5.6378      7.708      98.71      0.399       0.03      71601   2983.344    34.4655    25.8507    1508.15    391.000 0.0000e+00
    394.542    13.5434   4.109166          1    34.4632      0.028     5.6507      7.709      98.71      0.455      -0.01      71655   2985.573    34.4598    25.8643    1507.87    392.000 0.0000e+00
    395.549    13.4235   4.097162          1    34.4567      0.031     5.5723      7.710      90.58      0.132      -0.01      71941   2997.510    34.4546    25.8848    1507.49    393.000 0.0000e+00
    396.556    13.3785   4.092746          1    34.4528      0.029     5.5272      7.711      99.59      0.213      -0.01      72816   3033.953    34.4532    25.8929    1507.36    394.000 0.0000e+00
    397.564    13.3096   4.085750          1    34.4509      0.034     5.5364      7.711      86.07      0.365       0.01      72767   3031.903    34.4491    25.9037    1507.14    395.000 0.0000e+00
    398.571    13.2518   4.079951          1    34.4486      0.028     5.5146      7.711      99.06      0.312       0.00      72843   3035.102    34.4462    25.9132    1506.96    396.000 0.0000e+00
    399.579    13.1679   4.071397          1    34.4443      0.036     5.4937      7.711      78.12      0.340      -0.01      72915   3038.083    34.4409    25.9260    1506.69    397.000 0.0000e+00
    400.586    13.1420   4.068863          1    34.4428      0.029     5.4746      7.711      98.99      0.401       0.06      72978   3040.702    34.4399    25.9304    1506.62    398.000 0.0000e+00
    401.594    13.1307   4.067799          1    34.4421      0.033     5.4638      7.710      91.84      0.306      -0.15      73568   3065.273    34.4396    25.9325    1506.60    399.000 0.0000e+00
    402.601    13.1224   4.066945          1    34.4412      0.029     5.4637      7.709      98.85      0.439       0.05      74262   3094.215    34.4387    25.9335    1506.59    400.000 0.0000e+00
    403.609    13.1124   4.065970          1    34.4402      0.036     5.4786      7.710      79.08      0.534      -0.01      74291   3095.429    34.4380    25.9349    1506.57    401.000 0.0000e+00
    404.616    13.0934   4.064058          1    34.4388      0.030     5.4778      7.710      98.41      0.404      -0.04      74350   3097.870    34.4368    25.9378    1506.53    402.000 0.0000e+00
    405.624    13.0744   4.062122          1    34.4370      0.033     5.4707      7.710      91.09      0.342       0.01      74418   3100.728    34.4352    25.9404    1506.48    403.000 0.0000e+00
    406.631    13.0314   4.057642          1    34.4336      0.029     5.4719      7.710      98.83      0.478       0.10      74471   3102.902    34.4313    25.9460    1506.34    404.000 0.0000e+00
    407.639    12.9904   4.053410          1    34.4307      0.030     5.4921      7.711      98.71      0.619       0.08      74509   3104.490    34.4278    25.9515    1506.22    405.000 0.0000e+00
    408.646    12.9032   4.044503          1    34.4263      0.031     5.5007      7.711      90.50      0.594      -0.10      74550   3106.229    34.4219    25.9643    1505.94    406.000 0.0000e+00
    409.654    12.8090   4.035255          1    34.4236      0.026     5.4511      7.711      99.89      0.204       0.01      74634   3109.688    34.4189    25.9807    1505.64    407.000 0.0000e+00
    410.661    12.7934   4.033902          1    34.4236      0.033     5.4301      7.711      86.67      0.512       0.13      74684   3111.811    34.4198    25.9845    1505.60    408.000 0.0000e+00
    411.669    12.7886   4.033539          1    34.4233      0.030     5.4023      7.712      98.35      0.538      -0.07      74730   3113.699    34.4203    25.9858    1505.60    409.000 0.0000e+00
    412.676    12.7839   4.033140          1    34.4227      0.030     5.4078      7.712      98.71      0.465       0.08      74780   3115.796    34.4203    25.9867    1505.60    410.000 0.0000e+00
    413.684    12.7741   4.032337          1    34.4232      0.033     5.3839      7.713      88.03      0.593      -0.00      74821   3117.491    34.4212    25.9894    1505.59    411.000 0.0000e+00
    414.691    12.7528   4.030486          1    34.4245      0.031     5.3861      7.714      98.68      0.386      -0.07      74881   3119.994    34.4225    25.9946    1505.53    412.000 0.0000e+00
