src/interpolation/Data/CTD/02w2h.cnv
* Sea-Bird SBE 9 Data File:
* FileName = E:\HOBAB2\w2.hex
* Software Version Seasave V 7.22.1
* Temperature SN = 5330
* Conductivity SN = 3693
* Number of Bytes Per Scan = 24
* Number of Voltage Words = 4
* Number of Scans Averaged by the Deck Unit = 1
* NMEA baud rate = 9600
# nquan = 18
# nvalues = 1979                        
# units = specified
# name 0 = prDM: Pressure, Digiquartz [db]
# name 1 = t090C: Temperature [ITS-90, deg C]
# name 2 = c0S/m: Conductivity [S/m]
# name 3 = pumps: Pump Status
# name 4 = sal00: Salinity, Practical [PSU]
# name 5 = seaTurbMtr: Turbidity, Seapoint [FTU]
# name 6 = sbeox0Mg/L: Oxygen, SBE 43 [mg/l]
# name 7 = ph: pH
# name 8 = altM: Altimeter [m]
# name 9 = dz/dtM: Descent Rate [m/s]
# name 10 = accM: Acceleration [m/s^2]
# name 11 = scan: Scan Count
# name 12 = timeS: Time, Elapsed [seconds]
# name 13 = sal00: Salinity, Practical [PSU]
# name 14 = sigma-t00: Density [sigma-t, kg/m^3 ]
# name 15 = svCM: Sound Velocity [Chen-Millero, m/s]
# name 16 = depSM: Depth [salt water, m], lat = 0
# name 17 = flag: flag
# span 0 =      1.006,   1002.913       
# span 1 =     4.3181,    22.6960       
# span 2 =   3.277419,   5.038441       
# span 3 =          1,          1       
# span 4 =    34.2741,    34.8099       
# span 5 =      0.025,      0.308       
# span 6 =     2.2849,     7.3954       
# span 7 =      7.431,      7.926       
# span 8 =      -3.63,     103.93       
# span 9 =     -1.297,      1.185       
# span 10 =      -0.53,       0.36      
# span 11 =      10197,     145909      
# span 12 =    424.826,   6079.517      
# span 13 =    34.2699,    34.8100      
# span 14 =    23.8390,    27.2749      
# span 15 =    1482.43,    1528.73      
# span 16 =      1.000,    995.000      
# span 17 = 0.0000e+00, 0.0000e+00      
# interval = meters: 1                  
# start_time = Apr 16 2014 16:48:33 [System UTC, header]
# bad_flag = -9.990e-29
*END*
[from data line 1448]
    534.623     9.6557   3.736726          1    34.3420      0.049     4.0367      7.578      98.78     -0.655      -0.26     124158   5173.208    34.3472    26.5001    1496.60    531.000 0.0000e+00
    533.615     9.7394   3.744318          1    34.3390      0.044     4.0418      7.642      98.71     -0.891      -0.16     124183   5174.257    34.3459    26.4851    1496.89    530.000 0.0000e+00
    532.607     9.7725   3.747298          1    34.3385      0.044     4.0729      7.734      98.71     -0.962       0.02     124209   5175.337    34.3453    26.4791    1496.99    529.000 0.0000e+00
    531.599     9.8009   3.749572          1    34.3363      0.042     4.1248      7.797      98.71     -0.830       0.13     124240   5176.625    34.3421    26.4718    1497.07    528.000 0.0000e+00
    530.591     9.7225   3.742641          1    34.3424      0.042     4.1424      7.600      98.71     -0.683       0.08     124277   5178.148    34.3461    26.4881    1496.78    527.000 0.0000e+00
    529.582     9.8035   3.750122          1    34.3417      0.042     4.1247      7.549      98.71     -0.546       0.05     124321   5179.982    34.3461    26.4745    1497.06    526.000 0.0000e+00
    528.574     9.8375   3.753155          1    34.3408      0.046     4.1166      7.552      98.71     -0.618      -0.16     124357   5181.517    34.3453    26.4682    1497.16    525.000 0.0000e+00
    527.566     9.9204   3.760847          1    34.3396      0.044     4.1332      7.553      98.71     -0.840      -0.19     124384   5182.607    34.3455    26.4544    1497.44    524.000 0.0000e+00
    526.558     9.9485   3.763420          1    34.3396      0.043     4.1503      7.552      98.71     -0.972      -0.05     124408   5183.636    34.3456    26.4497    1497.53    523.000 0.0000e+00
    525.550     9.9537   3.763805          1    34.3400      0.041     4.1880      7.554      98.71     -0.867       0.17     124439   5184.909    34.3450    26.4483    1497.53    522.000 0.0000e+00
    524.542     9.9190   3.760492          1    34.3415      0.044     4.2186      7.687      98.71     -0.517       0.12     124486   5186.866    34.3446    26.4539    1497.39    521.000 0.0000e+00
    523.534     9.9352   3.761938          1    34.3417      0.040     4.1985      7.774      98.71     -0.502      -0.11     124533   5188.831    34.3444    26.4510    1497.43    520.000 0.0000e+00
    522.526     9.9824   3.766379          1    34.3419      0.040     4.1829      7.596      98.71     -0.705      -0.18     124565   5190.162    34.3453    26.4437    1497.58    519.000 0.0000e+00
    521.518     9.9948   3.767467          1    34.3419      0.038     4.1975      7.682      98.71     -0.868      -0.11     124591   5191.261    34.3452    26.4415    1497.61    518.000 0.0000e+00
    520.510     9.9987   3.767790          1    34.3423      0.040     4.2117      7.569      98.71     -0.945      -0.03     124617   5192.314    34.3452    26.4408    1497.61    517.000 0.0000e+00
    519.502    10.0063   3.768481          1    34.3428      0.038     4.2118      7.713      98.71     -0.962       0.01     124642   5193.374    34.3455    26.4398    1497.62    516.000 0.0000e+00
    518.494    10.0238   3.769958          1    34.3417      0.037     4.2052      7.657      98.71     -0.846       0.15     124673   5194.663    34.3443    26.4359    1497.67    515.000 0.0000e+00
    517.486    10.0108   3.768843          1    34.3440      0.039     4.2249      7.566      98.71     -0.513       0.13     124720   5196.621    34.3458    26.4393    1497.60    514.000 0.0000e+00
    516.478    10.0332   3.771177          1    34.3468      0.039     4.2261      7.563      98.71     -0.526      -0.18     124764   5198.463    34.3488    26.4378    1497.67    513.000 0.0000e+00
    515.470    10.1189   3.779124          1    34.3450      0.037     4.2182      7.575      98.71     -0.774      -0.18     124793   5199.662    34.3488    26.4232    1497.96    512.000 0.0000e+00
    514.462    10.1490   3.781937          1    34.3453      0.037     4.2280      7.550      98.71     -0.856       0.03     124822   5200.867    34.3493    26.4184    1498.06    511.000 0.0000e+00
    513.454    10.1744   3.784324          1    34.3460      0.036     4.2496      7.552      98.71     -0.790       0.02     124852   5202.134    34.3500    26.4146    1498.13    510.000 0.0000e+00
    512.446    10.2094   3.787590          1    34.3461      0.036     4.2655      7.714      98.71     -0.872      -0.15     124878   5203.203    34.3504    26.4089    1498.24    509.000 0.0000e+00
    511.438    10.2534   3.791676          1    34.3457      0.036     4.2722      7.610      98.71     -0.990      -0.04     124902   5204.214    34.3508    26.4016    1498.38    508.000 0.0000e+00
    510.430    10.2766   3.793779          1    34.3458      0.040     4.2850      7.561      88.67     -0.911       0.15     124931   5205.407    34.3505    26.3974    1498.45    507.000 0.0000e+00
    509.422    10.2801   3.794040          1    34.3463      0.045     4.2977      7.553      81.83     -0.702       0.09     124966   5206.881    34.3503    26.3966    1498.44    506.000 0.0000e+00
    508.414    10.2760   3.793629          1    34.3473      0.037     4.3233      7.553      98.36     -0.667       0.01     125003   5208.405    34.3505    26.3974    1498.41    505.000 0.0000e+00
    507.406    10.3200   3.797718          1    34.3473      0.048     4.3158      7.549      58.24     -0.604       0.03     125043   5210.065    34.3508    26.3901    1498.55    504.000 0.0000e+00
    506.398    10.3665   3.802110          1    34.3474      0.037     4.3210      7.550      99.61     -0.697      -0.19     125074   5211.381    34.3517    26.3827    1498.70    503.000 0.0000e+00
    505.390    10.4414   3.809306          1    34.3486      0.036     4.3197      7.550      98.71     -0.930      -0.24     125097   5212.339    34.3542    26.3716    1498.96    502.000 0.0000e+00
    504.382    10.4762   3.812600          1    34.3490      0.035     4.3303      7.551      98.71     -1.098      -0.14     125118   5213.218    34.3550    26.3662    1499.06    501.000 0.0000e+00
    503.374    10.5173   3.816620          1    34.3511      0.033     4.3535      7.673      98.71     -1.110       0.09     125141   5214.187    34.3572    26.3607    1499.20    500.000 0.0000e+00
    502.366    10.5242   3.817253          1    34.3520      0.034     4.3761      7.546      98.71     -0.893       0.20     125171   5215.427    34.3575    26.3597    1499.21    499.000 0.0000e+00
    501.358    10.5107   3.815972          1    34.3540      0.049     4.4081      7.546      92.11     -0.697       0.06     125206   5216.895    34.3578    26.3624    1499.14    498.000 0.0000e+00
    500.350    10.5261   3.817418          1    34.3545      0.036     4.3907      7.551      92.49     -0.686      -0.00     125242   5218.360    34.3583    26.3601    1499.18    497.000 0.0000e+00
    499.342    10.5671   3.821432          1    34.3566      0.035     4.3872      7.546      98.78     -0.686       0.00     125277   5219.830    34.3606    26.3546    1499.31    496.000 0.0000e+00
    498.334    10.5903   3.823533          1    34.3563      0.034     4.3944      7.547      98.71     -0.729      -0.10     125309   5221.147    34.3603    26.3503    1499.38    495.000 0.0000e+00
    497.326    10.6111   3.825543          1    34.3576      0.037     4.4061      7.549      92.04     -0.872      -0.13     125334   5222.227    34.3614    26.3474    1499.43    494.000 0.0000e+00
    496.318    10.6404   3.828380          1    34.3585      0.042     4.4121      7.548      86.80     -0.968      -0.02     125360   5223.271    34.3627    26.3434    1499.52    493.000 0.0000e+00
    495.310    10.6717   3.831339          1    34.3590      0.036     4.4268      7.546      98.56     -0.901       0.10     125388   5224.453    34.3635    26.3385    1499.62    492.000 0.0000e+00
    494.302    10.6928   3.833444          1    34.3613      0.034     4.4431      7.547      98.71     -0.740       0.09     125421   5225.852    34.3652    26.3361    1499.68    491.000 0.0000e+00
    493.294    10.6992   3.834051          1    34.3620      0.034     4.4527      7.548      98.19     -0.743      -0.08     125453   5227.153    34.3657    26.3353    1499.69    490.000 0.0000e+00
    492.286    10.7559   3.839557          1    34.3638      0.042     4.4457      7.542      83.37     -0.839      -0.04     125481   5228.347    34.3681    26.3271    1499.87    489.000 0.0000e+00
    491.278    10.7682   3.840656          1    34.3640      0.035     4.4483      7.563      98.66     -0.793       0.07     125513   5229.654    34.3680    26.3248    1499.90    488.000 0.0000e+00
    490.270    10.7836   3.842091          1    34.3646      0.033     4.4356      7.562      98.71     -0.756      -0.02     125544   5230.969    34.3684    26.3224    1499.94    487.000 0.0000e+00
    489.263    10.8347   3.846941          1    34.3648      0.043     4.4644      7.544      98.71     -0.808      -0.03     125574   5232.201    34.3694    26.3140    1500.10    486.000 0.0000e+00
    488.255    10.8591   3.849521          1    34.3686      0.040     4.4772      7.632      86.47     -0.758       0.10     125607   5233.593    34.3727    26.3123    1500.18    485.000 0.0000e+00
    487.247    10.9085   3.854402          1    34.3709      0.035     4.4974      7.810      98.94     -0.632       0.00     125645   5235.160    34.3756    26.3057    1500.34    484.000 0.0000e+00
    486.239    10.9649   3.859460          1    34.3684      0.036     4.5130      7.753      98.71     -0.736      -0.13     125676   5236.454    34.3737    26.2941    1500.52    483.000 0.0000e+00
    485.231    11.0155   3.864376          1    34.3699      0.035     4.4954      7.822      95.79     -0.846      -0.04     125704   5237.630    34.3758    26.2866    1500.68    482.000 0.0000e+00
    484.223    11.0281   3.865499          1    34.3705      0.038     4.5330      7.817      87.33     -0.821       0.06     125735   5238.901    34.3757    26.2842    1500.71    481.000 0.0000e+00
    483.215    11.0446   3.867040          1    34.3713      0.035     4.5565      7.816      98.84     -0.715       0.05     125769   5240.328    34.3760    26.2815    1500.75    480.000 0.0000e+00
    482.207    11.0669   3.869076          1    34.3715      0.034     4.5565      7.796      96.77     -0.722      -0.04     125802   5241.694    34.3758    26.2773    1500.81    479.000 0.0000e+00
    481.200    11.0986   3.872000          1    34.3713      0.045     4.5515      7.757      68.19     -0.785      -0.05     125832   5242.955    34.3758    26.2716    1500.90    478.000 0.0000e+00
    480.192    11.1100   3.872998          1    34.3713      0.032     4.5635      7.833      98.45     -0.796       0.04     125863   5244.246    34.3754    26.2692    1500.93    477.000 0.0000e+00
    479.184    11.1153   3.873414          1    34.3718      0.033     4.5811      7.751      98.71     -0.727       0.02     125896   5245.632    34.3751    26.2680    1500.93    476.000 0.0000e+00
    478.176    11.1478   3.876488          1    34.3718      0.033     4.5823      7.772      98.71     -0.797      -0.14     125924   5246.810    34.3757    26.2626    1501.03    475.000 0.0000e+00
    477.168    11.2327   3.884695          1    34.3729      0.031     4.5674      7.824      98.71     -0.934      -0.08     125950   5247.861    34.3783    26.2492    1501.31    474.000 0.0000e+00
    476.160    11.2966   3.890906          1    34.3745      0.038     4.5876      7.842      83.97     -0.869       0.14     125980   5249.110    34.3807    26.2393    1501.52    473.000 0.0000e+00
    475.152    11.2917   3.890394          1    34.3758      0.034     4.6172      7.836      98.80     -0.646       0.08     126017   5250.683    34.3807    26.2402    1501.49    472.000 0.0000e+00
    474.145    11.3041   3.891575          1    34.3770      0.031     4.6419      7.826      98.71     -0.690      -0.12     126051   5252.065    34.3812    26.2383    1501.51    471.000 0.0000e+00
    473.137    11.3480   3.895743          1    34.3773      0.033     4.6285      7.843      98.17     -0.852      -0.13     126077   5253.176    34.3820    26.2309    1501.65    470.000 0.0000e+00
    472.129    11.3648   3.897335          1    34.3779      0.040     4.6358      7.819      81.16     -0.928      -0.01     126104   5254.271    34.3824    26.2282    1501.69    469.000 0.0000e+00
    471.121    11.3847   3.899252          1    34.3790      0.031     4.6461      7.789      98.10     -0.880       0.05     126132   5255.446    34.3833    26.2252    1501.75    468.000 0.0000e+00
    470.113    11.4060   3.901271          1    34.3796      0.032     4.6523      7.744      98.71     -0.837       0.02     126161   5256.656    34.3839    26.2217    1501.80    467.000 0.0000e+00
    469.106    11.4234   3.902943          1    34.3806      0.031     4.6597      7.733      98.71     -0.832      -0.00     126190   5257.868    34.3846    26.2191    1501.85    466.000 0.0000e+00
    468.098    11.4443   3.904939          1    34.3815      0.038     4.6763      7.874      79.85     -0.831      -0.00     126219   5259.074    34.3853    26.2158    1501.91    465.000 0.0000e+00
    467.090    11.4637   3.906839          1    34.3826      0.032     4.6731      7.781      98.67     -0.853      -0.02     126247   5260.244    34.3864    26.2131    1501.96    464.000 0.0000e+00
    466.082    11.4744   3.907818          1    34.3832      0.033     4.6826      7.758      98.70     -0.859       0.02     126275   5261.435    34.3866    26.2112    1501.98    463.000 0.0000e+00
    465.074    11.4801   3.908358          1    34.3840      0.032     4.6941      7.761      98.71     -0.761       0.09     126308   5262.809    34.3870    26.2105    1501.98    462.000 0.0000e+00
    464.067    11.4836   3.908623          1    34.3843      0.032     4.6911      7.661      98.71     -0.711      -0.04     126342   5264.202    34.3868    26.2097    1501.98    461.000 0.0000e+00
    463.059    11.5365   3.913874          1    34.3864      0.034     4.6927      7.623      98.71     -0.773      -0.04     126373   5265.483    34.3899    26.2023    1502.15    460.000 0.0000e+00
    462.051    11.6030   3.920074          1    34.3846      0.032     4.6904      7.832      98.71     -0.813      -0.03     126402   5266.702    34.3895    26.1896    1502.36    459.000 0.0000e+00
    461.043    11.6545   3.925731          1    34.3925      0.032     4.6711      7.644      98.71     -0.859      -0.04     126429   5267.851    34.3977    26.1864    1502.53    458.000 0.0000e+00
    460.036    11.6955   3.929702          1    34.3935      0.032     4.6827      7.710      98.71     -0.898      -0.03     126456   5268.960    34.3991    26.1798    1502.66    457.000 0.0000e+00
    459.028    11.7360   3.933723          1    34.3957      0.033     4.7007      7.664      98.71     -0.922      -0.03     126482   5270.043    34.4014    26.1740    1502.78    456.000 0.0000e+00
    458.020    11.7623   3.936148          1    34.3958      0.033     4.7098      7.635      98.71     -0.938       0.01     126508   5271.120    34.4013    26.1690    1502.86    455.000 0.0000e+00
    457.012    11.7857   3.937879          1    34.3919      0.034     4.7462      7.607      98.71     -0.922       0.01     126534   5272.218    34.3970    26.1613    1502.92    454.000 0.0000e+00
    456.005    11.7771   3.936161          1    34.3848      0.035     4.7710      7.561      98.71     -0.916       0.01     126561   5273.322    34.3886    26.1563    1502.86    453.000 0.0000e+00
