src/interpolation/Data/CTD/02w2h.cnv
* Sea-Bird SBE 9 Data File:
* FileName = E:\HOBAB2\w2.hex
* Software Version Seasave V 7.22.1
* Temperature SN = 5330
* Conductivity SN = 3693
* Number of Bytes Per Scan = 24
* Number of Voltage Words = 4
* Number of Scans Averaged by the Deck Unit = 1
* NMEA baud rate = 9600
# nquan = 18
# nvalues = 1979                        
# units = specified
# name 0 = prDM: Pressure, Digiquartz [db]
# name 1 = t090C: Temperature [ITS-90, deg C]
# name 2 = c0S/m: Conductivity [S/m]
# name 3 = pumps: Pump Status
# name 4 = sal00: Salinity, Practical [PSU]
# name 5 = seaTurbMtr: Turbidity, Seapoint [FTU]
# name 6 = sbeox0Mg/L: Oxygen, SBE 43 [mg/l]
# name 7 = ph: pH
# name 8 = altM: Altimeter [m]
# name 9 = dz/dtM: Descent Rate [m/s]
# name 10 = accM: Acceleration [m/s^2]
# name 11 = scan: Scan Count
# name 12 = timeS: Time, Elapsed [seconds]
# name 13 = sal00: Salinity, Practical [PSU]
# name 14 = sigma-t00: Density [sigma-t, kg/m^3 ]
# name 15 = svCM: Sound Velocity [Chen-Millero, m/s]
# name 16 = depSM: Depth [salt water, m], lat = 0
# name 17 = flag: flag
# span 0 =      1.006,   1002.913       
# span 1 =     4.3181,    22.6960       
# span 2 =   3.277419,   5.038441       
# span 3 =          1,          1       
# span 4 =    34.2741,    34.8099       
# span 5 =      0.025,      0.308       
# span 6 =     2.2849,     7.3954       
# span 7 =      7.431,      7.926       
# span 8 =      -3.63,     103.93       
# span 9 =     -1.297,      1.185       
# span 10 =      -0.53,       0.36      
# span 11 =      10197,     145909      
# span 12 =    424.826,   6079.517      
# span 13 =    34.2699,    34.8100      
# span 14 =    23.8390,    27.2749      
# span 15 =    1482.43,    1528.73      
# span 16 =      1.000,    995.000      
# span 17 = 0.0000e+00, 0.0000e+00      
# interval = meters: 1                  
# start_time = Apr 16 2014 16:48:33 [System UTC, header]
# bad_flag = -9.990e-29
*END*
[from data line 1930]
     49.277    21.7052   4.940735          1    34.7837      0.102     6.9684      7.776      55.45     -0.695      -0.19     139933   5830.500    34.7838    24.1357    1526.67     49.000 0.0000e+00
     48.271    21.7054   4.940690          1    34.7835      0.094     6.9512      7.776      98.14     -0.881      -0.11     139959   5831.589    34.7836    24.1355    1526.66     48.000 0.0000e+00
     47.265    21.7059   4.940723          1    34.7838      0.079     6.9550      7.776      98.54     -0.847       0.13     139990   5832.866    34.7838    24.1355    1526.64     47.000 0.0000e+00
     46.259    21.7062   4.940714          1    34.7838      0.076     6.9770      7.776      98.71     -0.564       0.11     140034   5834.692    34.7838    24.1354    1526.62     46.000 0.0000e+00
     45.254    21.7066   4.940696          1    34.7837      0.092     6.9778      7.776      77.83     -0.428       0.02     140088   5836.977    34.7837    24.1352    1526.61     45.000 0.0000e+00
     44.248    21.7049   4.940460          1    34.7836      0.082     6.9407      7.776      99.26     -0.540      -0.18     140132   5838.778    34.7836    24.1356    1526.59     44.000 0.0000e+00
     43.242    21.7049   4.940445          1    34.7838      0.090     6.9629      7.776      70.37     -0.799      -0.25     140158   5839.893    34.7838    24.1358    1526.57     43.000 0.0000e+00
     42.236    21.7053   4.940437          1    34.7838      0.097     6.9832      7.776      60.34     -0.974      -0.09     140182   5840.896    34.7838    24.1357    1526.56     42.000 0.0000e+00
     41.231    21.7051   4.940384          1    34.7839      0.093     6.9933      7.777      69.75     -0.913       0.14     140211   5842.098    34.7839    24.1358    1526.54     41.000 0.0000e+00
     40.225    21.7058   4.940408          1    34.7838      0.083     6.9909      7.777      96.22     -0.599       0.14     140253   5843.831    34.7838    24.1355    1526.52     40.000 0.0000e+00
     39.219    21.7057   4.940373          1    34.7840      0.074     6.9709      7.777      98.66     -0.493       0.02     140302   5845.877    34.7840    24.1357    1526.51     39.000 0.0000e+00
     38.213    21.7039   4.940165          1    34.7842      0.103     6.9432      7.777      81.71     -0.489      -0.08     140350   5847.880    34.7841    24.1363    1526.48     38.000 0.0000e+00
     37.208    21.7023   4.939966          1    34.7842      0.080     6.9908      7.777      98.90     -0.698      -0.21     140381   5849.183    34.7842    24.1368    1526.46     37.000 0.0000e+00
     36.202    21.7030   4.939995          1    34.7843      0.076     7.0124      7.777      98.71     -0.892      -0.11     140407   5850.263    34.7842    24.1366    1526.45     36.000 0.0000e+00
     35.196    21.7036   4.940021          1    34.7843      0.095     6.9752      7.777      69.53     -0.908       0.05     140435   5851.414    34.7842    24.1364    1526.43     35.000 0.0000e+00
     34.191    21.7033   4.939937          1    34.7842      0.096     7.0004      7.778      90.57     -0.775       0.09     140467   5852.761    34.7841    24.1365    1526.42     34.000 0.0000e+00
     33.185    21.7030   4.939863          1    34.7842      0.080     6.9631      7.778      98.25     -0.646       0.10     140506   5854.388    34.7842    24.1366    1526.40     33.000 0.0000e+00
     32.179    21.7043   4.939952          1    34.7842      0.087     6.9638      7.778      92.16     -0.385       0.02     140563   5856.757    34.7841    24.1362    1526.38     32.000 0.0000e+00
     31.174    21.7025   4.939732          1    34.7843      0.113     6.9808      7.778      70.19     -0.591      -0.19     140603   5858.401    34.7842    24.1368    1526.36     31.000 0.0000e+00
     30.168    21.7027   4.939707          1    34.7842      0.086     6.9715      7.778      95.23     -0.766      -0.04     140634   5859.698    34.7842    24.1367    1526.35     30.000 0.0000e+00
     29.162    21.7025   4.939638          1    34.7842      0.077     6.9980      7.778      98.69     -0.705       0.05     140668   5861.137    34.7842    24.1367    1526.33     29.000 0.0000e+00
     28.157    21.7015   4.939499          1    34.7842      0.081     6.9778      7.778      97.83     -0.760      -0.13     140698   5862.390    34.7842    24.1370    1526.31     28.000 0.0000e+00
     27.151    21.7018   4.939488          1    34.7842      0.093     6.9651      7.778      78.83     -0.843       0.02     140728   5863.608    34.7842    24.1369    1526.29     27.000 0.0000e+00
     26.145    21.7028   4.939540          1    34.7842      0.077     6.9828      7.778      98.28     -0.526       0.17     140775   5865.584    34.7842    24.1366    1526.28     26.000 0.0000e+00
     25.140    21.7016   4.939379          1    34.7843      0.093     6.9775      7.778      57.85     -0.444      -0.12     140829   5867.836    34.7843    24.1370    1526.26     25.000 0.0000e+00
     24.134    21.7012   4.939303          1    34.7843      0.079     6.9747      7.778      98.74     -0.629      -0.08     140866   5869.391    34.7843    24.1372    1526.24     24.000 0.0000e+00
     23.128    21.7011   4.939243          1    34.7843      0.083     6.9818      7.778      98.61     -0.707      -0.05     140900   5870.784    34.7843    24.1372    1526.23     23.000 0.0000e+00
     22.123    21.7010   4.939190          1    34.7843      0.095     6.9632      7.778      70.78     -0.775      -0.05     140930   5872.058    34.7843    24.1372    1526.21     22.000 0.0000e+00
     21.117    21.7013   4.939167          1    34.7842      0.084     6.9233      7.778      98.13     -0.799       0.00     140961   5873.325    34.7842    24.1371    1526.19     21.000 0.0000e+00
     20.111    21.7011   4.939121          1    34.7843      0.079     6.9680      7.779      96.53     -0.729       0.07     140995   5874.756    34.7843    24.1372    1526.17     20.000 0.0000e+00
     19.106    21.7033   4.939312          1    34.7843      0.081     6.9912      7.779      98.68     -0.513       0.11     141042   5876.728    34.7843    24.1366    1526.17     19.000 0.0000e+00
     18.100    21.7017   4.939086          1    34.7843      0.080     6.9654      7.779      98.51     -0.478      -0.10     141092   5878.793    34.7842    24.1370    1526.14     18.000 0.0000e+00
     17.095    21.7000   4.938883          1    34.7844      0.078     6.9555      7.779      98.52     -0.667      -0.12     141126   5880.229    34.7843    24.1376    1526.12     17.000 0.0000e+00
     16.089    21.6979   4.938635          1    34.7845      0.084     6.9966      7.779      98.71     -0.767      -0.03     141158   5881.530    34.7844    24.1382    1526.10     16.000 0.0000e+00
     15.083    21.6987   4.938668          1    34.7844      0.087     6.9984      7.779      98.71     -0.716       0.08     141193   5882.985    34.7844    24.1379    1526.08     15.000 0.0000e+00
     14.078    21.7000   4.938751          1    34.7844      0.082     6.9889      7.779      96.23     -0.594       0.04     141233   5884.677    34.7843    24.1376    1526.07     14.000 0.0000e+00
     13.072    21.6994   4.938649          1    34.7844      0.084     6.9769      7.779      98.76     -0.641      -0.09     141270   5886.196    34.7844    24.1377    1526.05     13.000 0.0000e+00
     12.067    21.6992   4.938579          1    34.7844      0.083     6.9534      7.780      87.31     -0.736      -0.02     141302   5887.556    34.7843    24.1378    1526.03     12.000 0.0000e+00
     11.061    21.6982   4.938438          1    34.7844      0.133     6.9867      7.780       6.53     -0.657       0.09     141340   5889.143    34.7843    24.1381    1526.02     11.000 0.0000e+00
     10.056    21.6941   4.938010          1    34.7847      0.113     6.9590      7.780       4.57     -0.520       0.01     141386   5891.035    34.7846    24.1394    1525.99     10.000 0.0000e+00
      9.050    21.6925   4.937799          1    34.7847      0.108     6.9773      7.780       3.88     -0.619      -0.10     141424   5892.611    34.7846    24.1398    1525.97      9.000 0.0000e+00
      8.044    21.6918   4.937693          1    34.7847      0.110     6.9811      7.780       3.51     -0.721      -0.02     141457   5894.003    34.7846    24.1400    1525.95      8.000 0.0000e+00
      7.039    21.6904   4.937506          1    34.7848      0.105     6.9641      7.781       3.23     -0.660       0.07     141494   5895.561    34.7847    24.1405    1525.93      7.000 0.0000e+00
      6.033    21.6861   4.937052          1    34.7850      0.109     7.0085      7.781       2.93     -0.618      -0.05     141532   5897.146    34.7849    24.1418    1525.90      6.000 0.0000e+00
      5.028    21.6882   4.937217          1    34.7849      0.138     7.0072      7.781       1.97     -0.735      -0.05     141565   5898.490    34.7848    24.1412    1525.89      5.000 0.0000e+00
      4.022    21.6940   4.937720          1    34.7844      0.118     6.9652      7.782       3.36      0.021       0.03     141784   5907.611    34.7844    24.1393    1525.89      4.000 0.0000e+00
      3.017    21.6921   4.937488          1    34.7845      0.118     6.9890      7.783       1.62     -0.259       0.04     141975   5915.584    34.7845    24.1399    1525.87      3.000 0.0000e+00
      2.011    21.6923   4.937491          1    34.7847      0.142     6.9709      7.791       2.88     -0.076       0.05     144255   6010.571    34.7847    24.1400    1525.85      2.000 0.0000e+00
      1.006    21.6923   4.937462          1    34.7848      0.107     7.0053      7.797       0.81     -0.854      -0.00     145909   6079.517    34.7848    24.1401    1525.83      1.000 0.0000e+00
