src/interpolation/Data/CTD/02w2h.cnv
* Sea-Bird SBE 9 Data File:
* FileName = E:\HOBAB2\w2.hex
* Software Version Seasave V 7.22.1
* Temperature SN = 5330
* Conductivity SN = 3693
* Number of Bytes Per Scan = 24
* Number of Voltage Words = 4
* Number of Scans Averaged by the Deck Unit = 1
* NMEA baud rate = 9600
# nquan = 18
# nvalues = 1979                        
# units = specified
# name 0 = prDM: Pressure, Digiquartz [db]
# name 1 = t090C: Temperature [ITS-90, deg C]
# name 2 = c0S/m: Conductivity [S/m]
# name 3 = pumps: Pump Status
# name 4 = sal00: Salinity, Practical [PSU]
# name 5 = seaTurbMtr: Turbidity, Seapoint [FTU]
# name 6 = sbeox0Mg/L: Oxygen, SBE 43 [mg/l]
# name 7 = ph: pH
# name 8 = altM: Altimeter [m]
# name 9 = dz/dtM: Descent Rate [m/s]
# name 10 = accM: Acceleration [m/s^2]
# name 11 = scan: Scan Count
# name 12 = timeS: Time, Elapsed [seconds]
# name 13 = sal00: Salinity, Practical [PSU]
# name 14 = sigma-t00: Density [sigma-t, kg/m^3 ]
# name 15 = svCM: Sound Velocity [Chen-Millero, m/s]
# name 16 = depSM: Depth [salt water, m], lat = 0
# name 17 = flag: flag
# span 0 =      1.006,   1002.913       
# span 1 =     4.3181,    22.6960       
# span 2 =   3.277419,   5.038441       
# span 3 =          1,          1       
# span 4 =    34.2741,    34.8099       
# span 5 =      0.025,      0.308       
# span 6 =     2.2849,     7.3954       
# span 7 =      7.431,      7.926       
# span 8 =      -3.63,     103.93       
# span 9 =     -1.297,      1.185       
# span 10 =      -0.53,       0.36      
# span 11 =      10197,     145909      
# span 12 =    424.826,   6079.517      
# span 13 =    34.2699,    34.8100      
# span 14 =    23.8390,    27.2749      
# span 15 =    1482.43,    1528.73      
# span 16 =      1.000,    995.000      
# span 17 = 0.0000e+00, 0.0000e+00      
# interval = meters: 1                  
# start_time = Apr 16 2014 16:48:33 [System UTC, header]
# bad_flag = -9.990e-29
*END*
[from data line 483]
    497.326    10.7185   3.836056          1    34.3692      0.043     4.4669      7.818      81.28      0.392       0.02      78575   3273.924    34.3660    26.3321    1499.82    494.000 0.0000e+00
    498.334    10.6774   3.832008          1    34.3669      0.036     4.4682      7.819      99.06      0.561       0.16      78617   3275.684    34.3636    26.3375    1499.69    495.000 0.0000e+00
    499.342    10.6597   3.830353          1    34.3664      0.035     4.4648      7.820      98.71      0.730       0.07      78650   3277.029    34.3631    26.3402    1499.64    496.000 0.0000e+00
    500.350    10.6472   3.829188          1    34.3657      0.034     4.4445      7.820      98.71      0.737      -0.03      78683   3278.421    34.3627    26.3421    1499.62    497.000 0.0000e+00
    501.358    10.6290   3.827405          1    34.3644      0.034     4.4486      7.821      98.71      0.662      -0.07      78721   3279.984    34.3615    26.3444    1499.56    498.000 0.0000e+00
    502.366    10.6034   3.825023          1    34.3640      0.034     4.4374      7.823      98.71      0.499      -0.06      78769   3281.986    34.3612    26.3487    1499.49    499.000 0.0000e+00
    503.374    10.5994   3.824674          1    34.3632      0.043     4.4372      7.824      98.71      0.498       0.03      78817   3284.011    34.3610    26.3493    1499.49    500.000 0.0000e+00
    504.382    10.5950   3.824279          1    34.3626      0.040     4.4371      7.825      88.78      0.582       0.08      78858   3285.714    34.3608    26.3499    1499.49    501.000 0.0000e+00
    505.390    10.5853   3.823357          1    34.3619      0.038     4.4335      7.825      98.55      0.672       0.03      78894   3287.204    34.3601    26.3510    1499.47    502.000 0.0000e+00
    506.398    10.5377   3.818395          1    34.3573      0.038     4.4327      7.826      89.82      0.623      -0.06      78933   3288.852    34.3546    26.3551    1499.32    503.000 0.0000e+00
    507.406    10.4920   3.814068          1    34.3569      0.041     4.4298      7.827      84.34      0.586       0.03      78974   3290.545    34.3536    26.3624    1499.17    504.000 0.0000e+00
    508.414    10.4466   3.809744          1    34.3561      0.037     4.4240      7.828      98.61      0.680       0.07      79009   3291.989    34.3524    26.3693    1499.02    505.000 0.0000e+00
    509.422    10.4113   3.806327          1    34.3549      0.049     4.3934      7.829      67.12      0.720      -0.01      79043   3293.405    34.3507    26.3741    1498.91    506.000 0.0000e+00
    510.430    10.3228   3.797948          1    34.3542      0.036     4.3690      7.830      92.99      0.530      -0.13      79089   3295.345    34.3492    26.3883    1498.61    507.000 0.0000e+00
    511.438    10.2818   3.794156          1    34.3537      0.036     4.3398      7.832      98.91      0.427       0.08      79145   3297.649    34.3490    26.3953    1498.48    508.000 0.0000e+00
    512.446    10.2685   3.793004          1    34.3536      0.036     4.3169      7.832      98.71      0.611       0.13      79183   3299.230    34.3495    26.3980    1498.45    509.000 0.0000e+00
    513.454    10.2553   3.791820          1    34.3533      0.039     4.3151      7.833      94.33      0.766       0.10      79213   3300.493    34.3495    26.4003    1498.42    510.000 0.0000e+00
    514.462    10.2359   3.790053          1    34.3532      0.041     4.3203      7.834      90.28      0.823      -0.01      79243   3301.731    34.3495    26.4036    1498.37    511.000 0.0000e+00
    515.470    10.1997   3.786620          1    34.3524      0.037     4.3135      7.834      98.62      0.718      -0.10      79278   3303.193    34.3484    26.4090    1498.25    512.000 0.0000e+00
    516.478    10.1421   3.781227          1    34.3522      0.045     4.3037      7.836      80.86      0.570      -0.08      79321   3305.007    34.3477    26.4183    1498.06    513.000 0.0000e+00
    517.486    10.1072   3.778031          1    34.3520      0.036     4.2669      7.838      99.32      0.395      -0.02      79379   3307.429    34.3479    26.4245    1497.95    514.000 0.0000e+00
    518.494    10.0853   3.775967          1    34.3508      0.049     4.2548      7.839      57.88      0.510       0.12      79427   3309.411    34.3472    26.4277    1497.89    515.000 0.0000e+00
    519.502    10.0724   3.774821          1    34.3505      0.038     4.2518      7.840      99.21      0.696       0.12      79460   3310.789    34.3473    26.4299    1497.86    516.000 0.0000e+00
    520.510    10.0473   3.772472          1    34.3502      0.040     4.2532      7.840      98.71      0.803       0.05      79489   3312.019    34.3468    26.4338    1497.79    517.000 0.0000e+00
    521.518    10.0173   3.769657          1    34.3497      0.038     4.2432      7.841      98.71      0.765      -0.10      79523   3313.403    34.3461    26.4383    1497.69    518.000 0.0000e+00
    522.526     9.9831   3.766472          1    34.3491      0.039     4.2266      7.842      97.41      0.521      -0.11      79570   3315.370    34.3456    26.4438    1497.59    519.000 0.0000e+00
    523.534     9.9683   3.765100          1    34.3482      0.041     4.2269      7.844      90.98      0.420       0.04      79626   3317.707    34.3453    26.4460    1497.55    520.000 0.0000e+00
    524.542     9.9436   3.762765          1    34.3473      0.044     4.2264      7.845      98.74      0.553       0.05      79670   3319.527    34.3445    26.4496    1497.48    521.000 0.0000e+00
    525.550     9.9156   3.760146          1    34.3467      0.049     4.2233      7.845      78.85      0.563      -0.02      79713   3321.325    34.3439    26.4539    1497.39    522.000 0.0000e+00
    526.558     9.8931   3.758175          1    34.3474      0.040     4.1944      7.846      99.11      0.508      -0.01      79760   3323.288    34.3446    26.4583    1497.33    523.000 0.0000e+00
    527.566     9.8818   3.757205          1    34.3475      0.057     4.1966      7.847      51.72      0.593       0.13      79799   3324.921    34.3450    26.4605    1497.30    524.000 0.0000e+00
    528.574     9.8638   3.755566          1    34.3475      0.039     4.1889      7.848      98.50      0.775       0.12      79829   3326.159    34.3450    26.4635    1497.26    525.000 0.0000e+00
    529.582     9.8372   3.753115          1    34.3474      0.043     4.1896      7.849      98.63      0.761      -0.11      79862   3327.557    34.3447    26.4677    1497.18    526.000 0.0000e+00
    530.591     9.7897   3.748750          1    34.3478      0.043     4.1654      7.851      98.70      0.405      -0.11      79920   3329.977    34.3447    26.4758    1497.02    527.000 0.0000e+00
    531.599     9.7381   3.743969          1    34.3478      0.049     4.1405      7.852      89.67      0.365       0.09      79989   3332.822    34.3444    26.4842    1496.85    528.000 0.0000e+00
    532.607     9.6964   3.740016          1    34.3467      0.046     4.1294      7.852      99.04      0.563       0.15      80030   3334.546    34.3432    26.4901    1496.71    529.000 0.0000e+00
    533.615     9.6600   3.736793          1    34.3484      0.051     4.1324      7.853      98.71      0.787       0.21      80058   3335.690    34.3443    26.4971    1496.60    530.000 0.0000e+00
    534.623     9.6489   3.735842          1    34.3485      0.070     4.1240      7.854      55.54      0.973       0.15      80081   3336.662    34.3447    26.4992    1496.58    531.000 0.0000e+00
    535.631     9.6383   3.734930          1    34.3485      0.052     4.1154      7.854      97.23      1.011      -0.06      80106   3337.713    34.3449    26.5012    1496.56    532.000 0.0000e+00
    536.639     9.6170   3.733017          1    34.3480      0.053     4.0914      7.856      96.10      0.326      -0.16      80175   3340.602    34.3451    26.5049    1496.49    533.000 0.0000e+00
    537.647     9.5746   3.729024          1    34.3469      0.052     4.0856      7.857      92.90      0.456       0.33      80250   3343.726    34.3440    26.5111    1496.36    534.000 0.0000e+00
    538.656     9.5499   3.726876          1    34.3483      0.050     4.0851      7.858      98.80      0.810       0.31      80274   3344.726    34.3451    26.5160    1496.28    535.000 0.0000e+00
    539.664     9.5471   3.726644          1    34.3479      0.051     4.0732      7.858      98.71      1.014       0.11      80297   3345.679    34.3450    26.5164    1496.29    536.000 0.0000e+00
    540.672     9.5261   3.724655          1    34.3471      0.052     4.0664      7.858      98.71      1.020      -0.08      80322   3346.728    34.3441    26.5191    1496.23    537.000 0.0000e+00
    541.680     9.4514   3.717700          1    34.3475      0.057     4.0518      7.860      90.94      0.641      -0.23      80364   3348.472    34.3433    26.5308    1495.97    538.000 0.0000e+00
    542.688     9.4307   3.715862          1    34.3470      0.051     4.0261      7.861      99.07      0.356       0.05      80427   3351.084    34.3437    26.5345    1495.91    539.000 0.0000e+00
    543.696     9.4234   3.715189          1    34.3460      0.060     4.0237      7.862      82.92      0.543       0.15      80471   3352.909    34.3433    26.5354    1495.90    540.000 0.0000e+00
    544.704     9.3890   3.712085          1    34.3468      0.050     4.0227      7.863      98.01      0.768       0.17      80500   3354.112    34.3436    26.5412    1495.79    541.000 0.0000e+00
    545.713     9.3607   3.709359          1    34.3456      0.055     4.0159      7.863      98.69      0.833      -0.06      80530   3355.376    34.3421    26.5447    1495.71    542.000 0.0000e+00
    546.721     9.3048   3.704019          1    34.3441      0.051     4.0029      7.864      98.71      0.599      -0.11      80571   3357.088    34.3399    26.5521    1495.51    543.000 0.0000e+00
    547.729     9.2624   3.699928          1    34.3421      0.067     3.9923      7.865      84.80      0.590       0.07      80611   3358.761    34.3377    26.5572    1495.37    544.000 0.0000e+00
    548.737     9.2397   3.697767          1    34.3408      0.048     3.9703      7.866      98.58      0.687       0.03      80646   3360.213    34.3367    26.5601    1495.30    545.000 0.0000e+00
    549.745     9.1719   3.690612          1    34.3327      0.051     3.9708      7.867      98.71      0.708       0.03      80680   3361.613    34.3270    26.5635    1495.06    546.000 0.0000e+00
    550.753     9.0590   3.678870          1    34.3210      0.055     3.9732      7.867      91.68      0.770       0.05      80711   3362.903    34.3128    26.5706    1494.64    547.000 0.0000e+00
    551.762     8.8336   3.654912          1    34.2916      0.054     3.9889      7.869      91.49      0.704      -0.12      80747   3364.410    34.2791    26.5799    1493.79    548.000 0.0000e+00
    552.770     8.7124   3.642931          1    34.2806      0.054     4.0219      7.871      93.46      0.319      -0.09      80815   3367.271    34.2699    26.5918    1493.34    549.000 0.0000e+00
    553.778     8.7097   3.642945          1    34.2786      0.039     4.0376      7.872      98.40      0.309       0.02      80901   3370.847    34.2722    26.5940    1493.35    550.000 0.0000e+00
    554.786     8.7119   3.643513          1    34.2759      0.042     4.0260      7.880      90.82      0.128      -0.08      81376   3390.632    34.2756    26.5963    1493.38    551.000 0.0000e+00
    555.795     8.7069   3.643146          1    34.2760      0.042     4.0146      7.884      85.70      0.146       0.05      81748   3406.141    34.2761    26.5975    1493.38    552.000 0.0000e+00
    556.803     8.6893   3.641374          1    34.2746      0.036     4.0268      7.883      98.93      0.490       0.10      81745   3406.001    34.2740    26.5986    1493.33    553.000 0.0000e+00
    557.811     8.6919   3.642001          1    34.2778      0.041     4.0105      7.884      75.79      0.615       0.04      81783   3407.602    34.2776    26.6010    1493.36    554.000 0.0000e+00
    558.819     8.6976   3.643066          1    34.2829      0.040     3.9930      7.886      90.44      0.090      -0.07      82086   3420.219    34.2828    26.6042    1493.40    555.000 0.0000e+00
    559.827     8.6979   3.643400          1    34.2856      0.034     3.9964      7.891      98.59      0.632      -0.00      82849   3452.017    34.2856    26.6064    1493.42    556.000 0.0000e+00
    560.836     8.6997   3.643800          1    34.2875      0.042     3.9739      7.892      69.35      0.510      -0.08      82906   3454.381    34.2876    26.6077    1493.45    557.000 0.0000e+00
    561.844     8.7012   3.644186          1    34.2896      0.035     3.9624      7.893      95.80      0.375      -0.04      82968   3456.965    34.2897    26.6091    1493.47    558.000 0.0000e+00
    562.852     8.7009   3.644209          1    34.2898      0.039     3.9503      7.893      98.12      0.420       0.14      83027   3459.413    34.2899    26.6092    1493.49    559.000 0.0000e+00
    563.860     8.6972   3.644001          1    34.2907      0.040     3.9582      7.893      98.72      0.687       0.22      83059   3460.735    34.2907    26.6105    1493.49    560.000 0.0000e+00
    564.869     8.6903   3.643564          1    34.2924      0.039     3.9592      7.894      87.31      0.879       0.11      83085   3461.833    34.2924    26.6129    1493.49    561.000 0.0000e+00
    565.877     8.6777   3.642735          1    34.2958      0.043     3.9571      7.894      87.50      0.879      -0.09      83114   3463.038    34.2954    26.6172    1493.46    562.000 0.0000e+00
    566.885     8.6745   3.642574          1    34.2968      0.045     3.9369      7.894      83.86      0.551      -0.18      83162   3465.022    34.2963    26.6184    1493.46    563.000 0.0000e+00
    567.894     8.6720   3.642596          1    34.2987      0.037     3.9130      7.894      97.48      0.208       0.14      83245   3468.490    34.2984    26.6205    1493.48    564.000 0.0000e+00
    568.902     8.6642   3.642187          1    34.3016      0.046     3.9235      7.895      98.80      0.626       0.33      83277   3469.821    34.3013    26.6239    1493.47    565.000 0.0000e+00
    569.910     8.6615   3.642406          1    34.3060      0.037     3.9080      7.895      98.71      0.932       0.28      83299   3470.759    34.3057    26.6277    1493.48    566.000 0.0000e+00
    570.918     8.6573   3.642174          1    34.3073      0.041     3.9015      7.895      98.71      1.081       0.05      83322   3471.695    34.3069    26.6294    1493.48    567.000 0.0000e+00
    571.927     8.6543   3.642021          1    34.3082      0.044     3.8715      7.895      96.69      0.943      -0.21      83351   3472.896    34.3077    26.6305    1493.49    568.000 0.0000e+00
    572.935     8.6525   3.641986          1    34.3091      0.043     3.8484      7.896      95.52      0.463      -0.15      83403   3475.073    34.3086    26.6315    1493.50    569.000 0.0000e+00
    573.943     8.6506   3.641960          1    34.3100      0.049     3.8532      7.896      85.05      0.431       0.18      83459   3477.398    34.3097    26.6326    1493.51    570.000 0.0000e+00
    574.952     8.6488   3.641945          1    34.3111      0.047     3.8469      7.897      87.97      0.711       0.19      83489   3478.685    34.3108    26.6338    1493.52    571.000 0.0000e+00
    575.960     8.6470   3.641951          1    34.3125      0.045     3.8468      7.897      98.52      0.852       0.05      83517   3479.854    34.3122    26.6351    1493.53    572.000 0.0000e+00
