src/interpolation/Data/CTD/03w3h.cnv
* Sea-Bird SBE 9 Data File:
* FileName = E:\HOBAB2\w3.hex
* Software Version Seasave V 7.22.1
* Temperature SN = 5330
* Conductivity SN = 3693
* Number of Bytes Per Scan = 24
* Number of Voltage Words = 4
* Number of Scans Averaged by the Deck Unit = 1
* NMEA baud rate = 9600
# nquan = 18
# nvalues = 1970                        
# units = specified
# name 0 = prDM: Pressure, Digiquartz [db]
# name 1 = t090C: Temperature [ITS-90, deg C]
# name 2 = c0S/m: Conductivity [S/m]
# name 3 = pumps: Pump Status
# name 4 = sal00: Salinity, Practical [PSU]
# name 5 = seaTurbMtr: Turbidity, Seapoint [FTU]
# name 6 = sbeox0Mg/L: Oxygen, SBE 43 [mg/l]
# name 7 = ph: pH
# name 8 = altM: Altimeter [m]
# name 9 = dz/dtM: Descent Rate [m/s]
# name 10 = accM: Acceleration [m/s^2]
# name 11 = scan: Scan Count
# name 12 = timeS: Time, Elapsed [seconds]
# name 13 = sal00: Salinity, Practical [PSU]
# name 14 = sigma-t00: Density [sigma-t, kg/m^3 ]
# name 15 = svCM: Sound Velocity [Chen-Millero, m/s]
# name 16 = depSM: Depth [salt water, m], lat = 0
# name 17 = flag: flag
# span 0 =      1.005,    999.882       
# span 1 =     4.4486,    22.4081       
# span 2 =   3.287884,   5.009474       
# span 3 =          1,          1       
# span 4 =    34.2648,    34.8109       
# span 5 =      0.026,      0.204       
# span 6 =     2.3128,     7.5873       
# span 7 =      7.591,      8.025       
# span 8 =       3.00,     104.11       
# span 9 =     -1.293,      1.158       
# span 10 =      -0.42,       0.43      
# span 11 =       8791,     127805      
# span 12 =    366.261,   5325.187      
# span 13 =    34.2644,    34.8102      
# span 14 =    23.9280,    27.2556      
# span 15 =    1483.92,    1527.98      
# span 16 =      1.000,    992.000      
# span 17 = 0.0000e+00, 0.0000e+00      
# interval = meters: 1                  
# start_time = Apr 16 2014 21:12:38 [System UTC, header]
# bad_flag = -9.990e-29
*END*
[from data line 1609]
    363.313    14.6939   4.227996          1    34.5381      0.031     5.7013      7.859      98.56     -0.767      -0.12     105403   4391.757    34.5449    25.6876    1511.19    361.000 0.0000e+00
    362.306    14.8497   4.244026          1    34.5443      0.031     5.6504      7.859      98.71     -0.850       0.02     105432   4392.971    34.5537    25.6606    1511.68    360.000 0.0000e+00
    361.299    15.0308   4.263091          1    34.5558      0.032     5.6394      7.858      98.71     -0.625       0.15     105472   4394.644    34.5673    25.6316    1512.25    359.000 0.0000e+00
    360.291    15.0469   4.264484          1    34.5568      0.034     5.6515      7.858      94.21     -0.591      -0.14     105511   4396.258    34.5662    25.6272    1512.29    358.000 0.0000e+00
    359.284    15.1023   4.270346          1    34.5616      0.034     5.6300      7.858      90.15     -0.807      -0.19     105539   4397.396    34.5709    25.6186    1512.45    357.000 0.0000e+00
    358.277    15.1373   4.273846          1    34.5635      0.031     5.6435      7.858      98.16     -0.897       0.05     105567   4398.565    34.5721    25.6118    1512.54    356.000 0.0000e+00
    357.270    15.2473   4.285337          1    34.5710      0.036     5.6779      7.857      87.84     -0.379       0.15     105628   4401.111    34.5796    25.5933    1512.88    355.000 0.0000e+00
    356.262    15.2657   4.287066          1    34.5747      0.034     5.6340      7.857      90.36     -0.191       0.05     106274   4428.061    34.5794    25.5891    1512.93    354.000 0.0000e+00
    355.255    15.2656   4.287200          1    34.5740      0.036     5.6623      7.865      85.53     -0.579       0.21     108825   4534.329    34.5811    25.5904    1512.91    353.000 0.0000e+00
    354.248    15.2903   4.289541          1    34.5755      0.041     5.6541      7.865      69.04     -0.329      -0.06     109085   4545.178    34.5808    25.5848    1512.97    352.000 0.0000e+00
    353.241    15.2959   4.290033          1    34.5765      0.032     5.7057      7.865     100.07     -0.542      -0.19     109128   4546.963    34.5807    25.5835    1512.97    351.000 0.0000e+00
    352.233    15.3342   4.294105          1    34.5793      0.034     5.7289      7.864      98.71     -0.821      -0.34     109152   4547.966    34.5842    25.5777    1513.08    350.000 0.0000e+00
    351.226    15.4078   4.301873          1    34.5837      0.031     5.7203      7.864      98.71     -1.093      -0.29     109172   4548.774    34.5899    25.5656    1513.30    349.000 0.0000e+00
    350.219    15.4747   4.308708          1    34.5861      0.031     5.7368      7.863      98.71     -1.234      -0.04     109192   4549.609    34.5931    25.5532    1513.50    348.000 0.0000e+00
    349.212    15.5167   4.313174          1    34.5895      0.031     5.7356      7.863      98.71     -1.019       0.29     109220   4550.781    34.5967    25.5466    1513.62    347.000 0.0000e+00
    348.204    15.6402   4.325950          1    34.5963      0.033     5.7229      7.862      93.01     -0.346       0.13     109287   4553.575    34.6035    25.5241    1513.99    346.000 0.0000e+00
    347.197    15.6733   4.329299          1    34.5998      0.030     5.7901      7.861      99.25     -0.348      -0.26     109362   4556.695    34.6049    25.5177    1514.08    345.000 0.0000e+00
    346.190    15.6718   4.329136          1    34.6006      0.031     5.7530      7.861      98.71     -0.752      -0.41     109385   4557.667    34.6051    25.5183    1514.06    344.000 0.0000e+00
    345.183    15.6857   4.330459          1    34.6008      0.031     5.7334      7.860      98.71     -1.068      -0.37     109404   4558.462    34.6052    25.5152    1514.09    343.000 0.0000e+00
    344.176    15.6949   4.331356          1    34.6014      0.031     5.7400      7.860      98.71     -1.278      -0.20     109422   4559.209    34.6055    25.5134    1514.10    342.000 0.0000e+00
    343.168    15.7057   4.332392          1    34.6018      0.031     5.7524      7.860      98.71     -1.293       0.13     109443   4560.066    34.6058    25.5111    1514.12    341.000 0.0000e+00
    342.161    15.7238   4.334196          1    34.6031      0.028     5.8644      7.859      98.62     -0.578       0.28     109493   4562.152    34.6064    25.5075    1514.16    340.000 0.0000e+00
    341.154    15.7472   4.336574          1    34.6049      0.028     5.9413      7.859      96.06     -0.358      -0.28     109563   4565.064    34.6077    25.5032    1514.21    339.000 0.0000e+00
    340.147    15.7686   4.338830          1    34.6066      0.030     5.9425      7.859      98.71     -0.711      -0.21     109592   4566.312    34.6095    25.4997    1514.26    338.000 0.0000e+00
    339.140    15.8439   4.346732          1    34.6101      0.030     5.9234      7.858      98.71     -0.851      -0.04     109621   4567.487    34.6145    25.4866    1514.49    337.000 0.0000e+00
    338.132    15.9164   4.354514          1    34.6159      0.034     5.8939      7.857      81.97     -0.794       0.10     109652   4568.809    34.6210    25.4751    1514.70    336.000 0.0000e+00
    337.125    15.9525   4.358261          1    34.6182      0.032     5.9353      7.856      98.75     -0.687       0.04     109688   4570.295    34.6232    25.4686    1514.80    335.000 0.0000e+00
    336.118    15.9638   4.359368          1    34.6194      0.036     5.8510      7.856      82.57     -0.654       0.03     109726   4571.860    34.6237    25.4663    1514.82    334.000 0.0000e+00
    335.111    15.9788   4.360833          1    34.6203      0.038     5.7797      7.855      84.54     -0.546       0.04     109769   4573.685    34.6239    25.4632    1514.85    333.000 0.0000e+00
    334.104    15.9916   4.362144          1    34.6216      0.031     5.7445      7.855      99.04     -0.632      -0.14     109806   4575.202    34.6249    25.4609    1514.87    332.000 0.0000e+00
    333.097    16.0048   4.363561          1    34.6232      0.031     5.6993      7.855      98.71     -0.807      -0.12     109834   4576.382    34.6264    25.4591    1514.90    331.000 0.0000e+00
    332.090    16.0565   4.368854          1    34.6249      0.034     5.6813      7.854      98.71     -0.861       0.02     109863   4577.580    34.6287    25.4491    1515.04    330.000 0.0000e+00
    331.082    16.1399   4.377623          1    34.6293      0.033     5.7104      7.854      94.85     -0.642       0.17     109903   4579.260    34.6343    25.4343    1515.29    329.000 0.0000e+00
    330.075    16.1963   4.383410          1    34.6322      0.033     5.7168      7.853      98.98     -0.384      -0.03     109960   4581.639    34.6369    25.4233    1515.45    328.000 0.0000e+00
    329.068    16.1961   4.383332          1    34.6330      0.032     5.7005      7.853      95.42     -0.595      -0.16     109999   4583.258    34.6367    25.4232    1515.43    327.000 0.0000e+00
    328.061    16.2100   4.384718          1    34.6337      0.051     5.7127      7.853      76.25     -0.777      -0.10     110029   4584.502    34.6373    25.4205    1515.46    326.000 0.0000e+00
    327.054    16.2659   4.390740          1    34.6381      0.033     5.7021      7.852      98.98     -0.817       0.01     110059   4585.744    34.6423    25.4114    1515.62    325.000 0.0000e+00
    326.047    16.2994   4.394130          1    34.6393      0.032     5.7322      7.853      98.71     -0.801       0.02     110089   4587.013    34.6436    25.4047    1515.71    324.000 0.0000e+00
    325.040    16.3481   4.399318          1    34.6427      0.047     5.7309      7.852      57.55     -0.758       0.04     110122   4588.360    34.6475    25.3965    1515.84    323.000 0.0000e+00
    324.033    16.4025   4.405069          1    34.6462      0.035     5.7579      7.852      98.05     -0.734       0.02     110155   4589.748    34.6514    25.3868    1516.00    322.000 0.0000e+00
    323.026    16.4453   4.409366          1    34.6481      0.033     5.8104      7.851      98.71     -0.360       0.13     110216   4592.300    34.6525    25.3777    1516.12    321.000 0.0000e+00
    322.018    16.4419   4.408922          1    34.6489      0.033     5.7953      7.851      98.71     -0.479      -0.37     110272   4594.609    34.6520    25.3782    1516.09    320.000 0.0000e+00
    321.011    16.4630   4.411122          1    34.6503      0.037     5.8088      7.850      85.95     -0.850      -0.30     110296   4595.625    34.6534    25.3743    1516.13    319.000 0.0000e+00
    320.004    16.4873   4.413371          1    34.6491      0.034     5.7970      7.850      98.67     -1.028      -0.10     110318   4596.560    34.6525    25.3680    1516.19    318.000 0.0000e+00
    318.997    16.5098   4.415702          1    34.6504      0.033     5.7706      7.849      98.71     -1.077       0.02     110342   4597.522    34.6540    25.3639    1516.25    317.000 0.0000e+00
    317.990    16.5588   4.420897          1    34.6536      0.037     5.7384      7.849      89.05     -0.722       0.26     110381   4599.155    34.6576    25.3552    1516.38    316.000 0.0000e+00
    316.983    16.6019   4.425529          1    34.6580      0.032     5.7609      7.849     100.30     -0.207      -0.21     110455   4602.240    34.6613    25.3480    1516.50    315.000 0.0000e+00
    315.976    16.6317   4.428596          1    34.6606      0.034     5.8097      7.848      93.48     -0.246       0.08     110755   4614.760    34.6629    25.3423    1516.58    314.000 0.0000e+00
    314.969    16.6699   4.432695          1    34.6647      0.035     5.8287      7.848      95.22     -0.248       0.04     112031   4667.908    34.6662    25.3359    1516.68    313.000 0.0000e+00
    313.962    16.6868   4.434702          1    34.6680      0.031     5.8685      7.848      98.74     -0.505      -0.13     111879   4661.582    34.6695    25.3344    1516.72    312.000 0.0000e+00
    312.955    16.6921   4.435358          1    34.6698      0.031     5.9126      7.848      98.71     -0.650      -0.07     111915   4663.089    34.6711    25.3344    1516.72    311.000 0.0000e+00
    311.948    16.7090   4.437427          1    34.6733      0.030     5.9549      7.848      98.71     -0.685       0.04     111951   4664.584    34.6750    25.3334    1516.76    310.000 0.0000e+00
    310.941    16.7278   4.439526          1    34.6759      0.042     6.0248      7.848      53.54     -0.629      -0.01     111989   4666.168    34.6775    25.3310    1516.80    309.000 0.0000e+00
    309.934    16.7342   4.440188          1    34.6767      0.030     6.1223      7.847      99.29     -0.689      -0.05     112023   4667.602    34.6781    25.3299    1516.80    308.000 0.0000e+00
    308.927    16.7427   4.441061          1    34.6774      0.027     6.1479      7.847      98.71     -0.749      -0.05     112055   4668.919    34.6788    25.3285    1516.82    307.000 0.0000e+00
    307.920    16.7514   4.441922          1    34.6778      0.030     6.1530      7.847      98.71     -0.823      -0.07     112083   4670.103    34.6792    25.3267    1516.82    306.000 0.0000e+00
    306.913    16.7901   4.446190          1    34.6813      0.031     6.1485      7.846      98.71     -0.807       0.10     112115   4671.429    34.6835    25.3209    1516.93    305.000 0.0000e+00
    305.906    16.8856   4.456178          1    34.6855      0.031     6.1399      7.846      91.71     -0.244       0.09     112186   4674.391    34.6887    25.3024    1517.21    304.000 0.0000e+00
    304.899    16.8779   4.455308          1    34.6859      0.028     6.1868      7.845      98.95     -0.536      -0.30     112235   4676.420    34.6882    25.3038    1517.17    303.000 0.0000e+00
    303.892    16.8869   4.456307          1    34.6872      0.030     6.1756      7.845      98.71     -0.848      -0.28     112259   4677.433    34.6895    25.3027    1517.18    302.000 0.0000e+00
    302.885    16.9028   4.457878          1    34.6876      0.035     6.1593      7.844      84.55     -1.032      -0.10     112282   4678.370    34.6899    25.2992    1517.21    301.000 0.0000e+00
    301.878    16.9308   4.460754          1    34.6885      0.032     6.1601      7.844      92.05     -1.040       0.08     112306   4679.394    34.6912    25.2937    1517.28    300.000 0.0000e+00
    300.871    16.9558   4.463484          1    34.6910      0.031     6.1668      7.844      98.59     -0.854       0.16     112337   4680.664    34.6939    25.2898    1517.34    299.000 0.0000e+00
    299.864    17.0061   4.468788          1    34.6938      0.035     6.1404      7.843      83.43     -0.539       0.16     112384   4682.623    34.6971    25.2803    1517.48    298.000 0.0000e+00
    298.857    17.0645   4.474925          1    34.6973      0.029     6.1487      7.843     100.10     -0.296      -0.07     112456   4685.606    34.7006    25.2691    1517.64    297.000 0.0000e+00
    297.850    17.0582   4.474173          1    34.6975      0.031     6.1621      7.842      98.71     -0.581      -0.26     112494   4687.229    34.6999    25.2701    1517.61    296.000 0.0000e+00
    296.843    17.0819   4.476663          1    34.6988      0.031     6.1717      7.842      98.71     -0.845      -0.16     112521   4688.337    34.7015    25.2657    1517.66    295.000 0.0000e+00
    295.836    17.0949   4.477929          1    34.6992      0.031     6.1655      7.842      98.71     -0.919      -0.01     112548   4689.442    34.7017    25.2628    1517.68    294.000 0.0000e+00
    294.829    17.1194   4.480304          1    34.6990      0.031     6.1232      7.841      98.71     -0.889       0.04     112575   4690.598    34.7017    25.2569    1517.74    293.000 0.0000e+00
    293.822    17.1481   4.483210          1    34.6995      0.030     6.1144      7.841      98.71     -0.800       0.10     112607   4691.922    34.7026    25.2508    1517.81    292.000 0.0000e+00
    292.815    17.1956   4.488238          1    34.7025      0.039     6.0597      7.841      80.64     -0.550       0.13     112653   4693.813    34.7058    25.2418    1517.94    291.000 0.0000e+00
    291.808    17.2044   4.489063          1    34.7032      0.032     6.0688      7.840      99.04     -0.422      -0.05     112708   4696.144    34.7058    25.2397    1517.95    290.000 0.0000e+00
    290.801    17.2094   4.489545          1    34.7039      0.030     6.0612      7.840      98.71     -0.524      -0.03     112755   4698.069    34.7060    25.2387    1517.95    289.000 0.0000e+00
    289.794    17.2172   4.490302          1    34.7045      0.032     6.0536      7.840      98.71     -0.596      -0.11     112793   4699.685    34.7063    25.2370    1517.96    288.000 0.0000e+00
    288.787    17.2264   4.491280          1    34.7054      0.032     6.0543      7.840      98.71     -0.799      -0.21     112821   4700.824    34.7072    25.2356    1517.97    287.000 0.0000e+00
    287.780    17.2701   4.495851          1    34.7070      0.031     6.0668      7.840      98.71     -0.964      -0.11     112845   4701.826    34.7096    25.2269    1518.08    286.000 0.0000e+00
    286.773    17.2955   4.498450          1    34.7080      0.031     6.0943      7.840      98.71     -0.970       0.08     112871   4702.920    34.7108    25.2217    1518.14    285.000 0.0000e+00
    285.766    17.3437   4.503548          1    34.7104      0.032     6.1027      7.840      98.71     -0.694       0.21     112909   4704.512    34.7139    25.2125    1518.28    284.000 0.0000e+00
    284.759    17.3998   4.509323          1    34.7127      0.033     6.1028      7.840      98.71     -0.346       0.01     112972   4707.130    34.7161    25.2007    1518.43    283.000 0.0000e+00
