src/interpolation/Data/CTD/03w3h.cnv
* Sea-Bird SBE 9 Data File:
* FileName = E:\HOBAB2\w3.hex
* Software Version Seasave V 7.22.1
* Temperature SN = 5330
* Conductivity SN = 3693
* Number of Bytes Per Scan = 24
* Number of Voltage Words = 4
* Number of Scans Averaged by the Deck Unit = 1
* NMEA baud rate = 9600
# nquan = 18
# nvalues = 1970                        
# units = specified
# name 0 = prDM: Pressure, Digiquartz [db]
# name 1 = t090C: Temperature [ITS-90, deg C]
# name 2 = c0S/m: Conductivity [S/m]
# name 3 = pumps: Pump Status
# name 4 = sal00: Salinity, Practical [PSU]
# name 5 = seaTurbMtr: Turbidity, Seapoint [FTU]
# name 6 = sbeox0Mg/L: Oxygen, SBE 43 [mg/l]
# name 7 = ph: pH
# name 8 = altM: Altimeter [m]
# name 9 = dz/dtM: Descent Rate [m/s]
# name 10 = accM: Acceleration [m/s^2]
# name 11 = scan: Scan Count
# name 12 = timeS: Time, Elapsed [seconds]
# name 13 = sal00: Salinity, Practical [PSU]
# name 14 = sigma-t00: Density [sigma-t, kg/m^3 ]
# name 15 = svCM: Sound Velocity [Chen-Millero, m/s]
# name 16 = depSM: Depth [salt water, m], lat = 0
# name 17 = flag: flag
# span 0 =      1.005,    999.882       
# span 1 =     4.4486,    22.4081       
# span 2 =   3.287884,   5.009474       
# span 3 =          1,          1       
# span 4 =    34.2648,    34.8109       
# span 5 =      0.026,      0.204       
# span 6 =     2.3128,     7.5873       
# span 7 =      7.591,      8.025       
# span 8 =       3.00,     104.11       
# span 9 =     -1.293,      1.158       
# span 10 =      -0.42,       0.43      
# span 11 =       8791,     127805      
# span 12 =    366.261,   5325.187      
# span 13 =    34.2644,    34.8102      
# span 14 =    23.9280,    27.2556      
# span 15 =    1483.92,    1527.98      
# span 16 =      1.000,    992.000      
# span 17 = 0.0000e+00, 0.0000e+00      
# interval = meters: 1                  
# start_time = Apr 16 2014 21:12:38 [System UTC, header]
# bad_flag = -9.990e-29
*END*
[from data line 1046]
    931.189     4.9140   3.324566          1    34.3672      0.038     2.4331      7.902      97.93     -0.847      -0.13      82643   3443.415    34.3683    27.1842    1484.90    924.000 0.0000e+00
    930.179     4.9095   3.324116          1    34.3674      0.034     2.4435      7.902      98.67     -0.708       0.19      82680   3444.972    34.3682    27.1847    1484.86    923.000 0.0000e+00
    929.169     4.9086   3.323994          1    34.3677      0.041     2.4463      7.903      89.93     -0.330      -0.01      82744   3447.642    34.3682    27.1848    1484.84    922.000 0.0000e+00
    928.159     4.9118   3.324257          1    34.3681      0.035     2.4477      7.903      98.80     -0.489      -0.09      82795   3449.745    34.3685    27.1847    1484.84    921.000 0.0000e+00
    927.149     4.9359   3.326215          1    34.3658      0.038     2.4413      7.904      98.71     -0.622      -0.08      82833   3451.327    34.3668    27.1806    1484.92    920.000 0.0000e+00
    926.139     4.9411   3.326612          1    34.3656      0.043     2.4440      7.904      82.66     -0.736      -0.07      82865   3452.661    34.3666    27.1798    1484.92    919.000 0.0000e+00
    925.129     4.9435   3.326762          1    34.3655      0.038     2.4550      7.904      97.92     -0.741       0.07      82899   3454.073    34.3663    27.1793    1484.92    918.000 0.0000e+00
    924.119     4.9373   3.326214          1    34.3664      0.044     2.4556      7.904      84.79     -0.420       0.11      82956   3456.440    34.3668    27.1805    1484.87    917.000 0.0000e+00
    923.109     4.9377   3.326168          1    34.3661      0.037     2.4513      7.904      99.27     -0.377      -0.16      83019   3459.092    34.3664    27.1801    1484.86    916.000 0.0000e+00
    922.099     4.9457   3.326806          1    34.3656      0.035     2.4526      7.904      98.71     -0.687      -0.19      83051   3460.425    34.3660    27.1789    1484.87    915.000 0.0000e+00
    921.089     4.9458   3.326769          1    34.3656      0.035     2.4492      7.903      98.71     -0.735       0.09      83086   3461.860    34.3661    27.1789    1484.86    914.000 0.0000e+00
    920.079     4.9456   3.326697          1    34.3656      0.043     2.4541      7.904      82.58     -0.551       0.02      83129   3463.653    34.3659    27.1787    1484.84    913.000 0.0000e+00
    919.069     4.9452   3.326624          1    34.3657      0.034     2.4486      7.904      98.31     -0.629      -0.03      83167   3465.250    34.3659    27.1788    1484.82    912.000 0.0000e+00
    918.059     4.9452   3.326569          1    34.3657      0.044     2.4607      7.905      74.01     -0.536       0.08      83213   3467.155    34.3659    27.1788    1484.80    911.000 0.0000e+00
    917.049     4.9447   3.326486          1    34.3658      0.036     2.4564      7.906      98.48     -0.436       0.02      83268   3469.458    34.3659    27.1789    1484.79    910.000 0.0000e+00
    916.039     4.9446   3.326425          1    34.3657      0.036     2.4544      7.906      98.71     -0.425      -0.05      83324   3471.787    34.3658    27.1788    1484.77    909.000 0.0000e+00
    915.029     4.9491   3.326776          1    34.3655      0.036     2.4497      7.906      98.71     -0.629      -0.21      83360   3473.276    34.3657    27.1782    1484.77    908.000 0.0000e+00
    914.019     4.9544   3.327150          1    34.3648      0.041     2.4563      7.906      83.05     -0.847      -0.12      83387   3474.408    34.3651    27.1771    1484.77    907.000 0.0000e+00
    913.009     4.9535   3.327049          1    34.3651      0.034     2.4550      7.906      97.51     -0.722       0.19      83423   3475.936    34.3653    27.1774    1484.75    906.000 0.0000e+00
    911.999     4.9514   3.326821          1    34.3653      0.044     2.4535      7.906      76.63     -0.384      -0.04      83480   3478.301    34.3654    27.1777    1484.73    905.000 0.0000e+00
    910.989     4.9522   3.326837          1    34.3651      0.038     2.4529      7.906      97.87     -0.438       0.07      83534   3480.549    34.3652    27.1775    1484.71    904.000 0.0000e+00
    909.979     4.9586   3.327355          1    34.3649      0.049     2.4511      7.906      57.91     -0.393      -0.15      83594   3483.044    34.3651    27.1767    1484.72    903.000 0.0000e+00
    908.969     4.9859   3.329660          1    34.3633      0.040     2.4602      7.906      98.53     -0.659      -0.13      83629   3484.493    34.3642    27.1728    1484.82    902.000 0.0000e+00
    907.959     4.9896   3.329880          1    34.3625      0.038     2.4594      7.906      96.40     -0.675       0.07      83666   3486.029    34.3634    27.1717    1484.81    901.000 0.0000e+00
    906.950     4.9912   3.329977          1    34.3627      0.035     2.4672      7.906      98.72     -0.606      -0.02      83705   3487.675    34.3634    27.1716    1484.81    900.000 0.0000e+00
    905.940     4.9873   3.329598          1    34.3631      0.037     2.4719      7.906      93.14     -0.479       0.12      83755   3489.768    34.3635    27.1721    1484.77    899.000 0.0000e+00
    904.930     4.9912   3.329859          1    34.3628      0.038     2.4690      7.906      99.22     -0.199      -0.23      83843   3493.419    34.3631    27.1713    1484.77    898.000 0.0000e+00
    903.920     5.0040   3.330916          1    34.3620      0.048     2.4650      7.906      62.62     -0.645      -0.22      83874   3494.709    34.3626    27.1695    1484.81    897.000 0.0000e+00
    902.910     5.0098   3.331345          1    34.3614      0.038     2.4680      7.906      98.03     -0.822      -0.06      83903   3495.914    34.3621    27.1684    1484.81    896.000 0.0000e+00
    901.900     5.0115   3.331413          1    34.3611      0.040     2.4715      7.906      97.87     -0.761       0.11      83937   3497.319    34.3617    27.1678    1484.80    895.000 0.0000e+00
    900.890     5.0072   3.331051          1    34.3620      0.040     2.4757      7.906      79.18     -0.206       0.07      84017   3500.646    34.3624    27.1689    1484.77    894.000 0.0000e+00
    899.880     5.0420   3.334144          1    34.3616      0.034     2.4680      7.906      99.28     -0.524      -0.32      84075   3503.088    34.3628    27.1652    1484.90    893.000 0.0000e+00
    898.870     5.1103   3.339701          1    34.3546      0.035     2.4665      7.906      98.71     -0.809      -0.14      84102   3504.227    34.3572    27.1529    1485.15    892.000 0.0000e+00
    897.861     5.1298   3.341206          1    34.3523      0.041     2.4777      7.905      81.89     -0.793       0.12      84135   3505.582    34.3550    27.1489    1485.21    891.000 0.0000e+00
    896.851     5.0849   3.337431          1    34.3571      0.041     2.5099      7.905      85.64     -0.271       0.10      84208   3508.624    34.3582    27.1566    1485.01    890.000 0.0000e+00
    895.841     5.1412   3.342083          1    34.3522      0.036     2.4946      7.906      98.83     -0.461      -0.18      84275   3511.423    34.3544    27.1471    1485.22    889.000 0.0000e+00
    894.831     5.1649   3.344173          1    34.3526      0.037     2.5052      7.906      98.49     -0.606      -0.03      84314   3513.062    34.3546    27.1445    1485.30    888.000 0.0000e+00
    893.821     5.1695   3.344423          1    34.3513      0.052     2.5172      7.906      41.18     -0.702      -0.13      84347   3514.426    34.3534    27.1429    1485.30    887.000 0.0000e+00
    892.811     5.1736   3.344733          1    34.3514      0.035     2.5319      7.906      96.64     -0.802       0.02      84378   3515.702    34.3532    27.1423    1485.30    886.000 0.0000e+00
    891.801     5.1713   3.344524          1    34.3523      0.040     2.5255      7.906      95.27     -0.425       0.14      84437   3518.174    34.3536    27.1429    1485.27    885.000 0.0000e+00
    890.792     5.1966   3.346590          1    34.3506      0.048     2.5251      7.906      82.46     -0.253      -0.15      84530   3522.043    34.3519    27.1386    1485.36    884.000 0.0000e+00
    889.782     5.2049   3.347364          1    34.3517      0.036     2.5307      7.905      99.01     -0.581      -0.17      84568   3523.642    34.3528    27.1383    1485.38    883.000 0.0000e+00
    888.772     5.2330   3.349590          1    34.3482      0.041     2.5338      7.905      84.39     -0.774      -0.12      84598   3524.875    34.3501    27.1329    1485.47    882.000 0.0000e+00
    887.762     5.2440   3.350462          1    34.3474      0.047     2.5289      7.905      69.32     -0.843       0.01      84627   3526.091    34.3494    27.1310    1485.50    881.000 0.0000e+00
    886.752     5.2310   3.349292          1    34.3486      0.037     2.5458      7.905      96.71     -0.615       0.16      84669   3527.847    34.3498    27.1328    1485.43    880.000 0.0000e+00
    885.742     5.2414   3.350133          1    34.3482      0.040     2.5449      7.905      94.67     -0.263       0.03      84748   3531.136    34.3492    27.1312    1485.45    879.000 0.0000e+00
    884.733     5.2440   3.350294          1    34.3482      0.039     2.5464      7.905      95.04     -0.408      -0.22      84815   3533.901    34.3489    27.1306    1485.45    878.000 0.0000e+00
    883.723     5.2513   3.350847          1    34.3475      0.033     2.5542      7.904      98.74     -0.734      -0.23      84843   3535.095    34.3482    27.1292    1485.46    877.000 0.0000e+00
    882.713     5.2522   3.350887          1    34.3476      0.038     2.5473      7.904      98.71     -0.848       0.03      84873   3536.322    34.3483    27.1292    1485.45    876.000 0.0000e+00
    881.703     5.2498   3.350634          1    34.3479      0.039     2.5551      7.904      91.19     -0.485       0.16      84923   3538.437    34.3483    27.1295    1485.42    875.000 0.0000e+00
    880.694     5.2497   3.350565          1    34.3479      0.037     2.5457      7.904      98.79     -0.419      -0.09      84983   3540.901    34.3482    27.1294    1485.40    874.000 0.0000e+00
    879.684     5.2512   3.350657          1    34.3480      0.043     2.5504      7.904      89.70     -0.475       0.03      85033   3543.017    34.3482    27.1292    1485.39    873.000 0.0000e+00
    878.674     5.2508   3.350578          1    34.3480      0.051     2.5494      7.903      98.99     -0.358       0.00      85098   3545.695    34.3482    27.1292    1485.37    872.000 0.0000e+00
    877.664     5.2514   3.350586          1    34.3480      0.044     2.5493      7.902      87.94     -0.463      -0.05      85151   3547.937    34.3482    27.1292    1485.36    871.000 0.0000e+00
    876.654     5.2611   3.351359          1    34.3473      0.039     2.5535      7.902      98.81     -0.497      -0.01      85200   3549.957    34.3476    27.1276    1485.38    870.000 0.0000e+00
    875.645     5.2684   3.351935          1    34.3467      0.035     2.5551      7.902      98.71     -0.614      -0.13      85238   3551.542    34.3472    27.1264    1485.39    869.000 0.0000e+00
    874.635     5.2739   3.352336          1    34.3462      0.041     2.5525      7.901      88.30     -0.724      -0.00      85272   3552.942    34.3467    27.1253    1485.40    868.000 0.0000e+00
    873.625     5.2743   3.352326          1    34.3463      0.039     2.5639      7.897      94.55     -0.266       0.10      85352   3556.295    34.3467    27.1253    1485.38    867.000 0.0000e+00
    872.615     5.2778   3.352578          1    34.3462      0.037     2.5691      7.891      93.63     -0.387      -0.28      85438   3559.882    34.3465    27.1247    1485.38    866.000 0.0000e+00
    871.606     5.2836   3.353025          1    34.3458      0.034     2.5659      7.889      98.79     -0.748      -0.30      85464   3560.958    34.3461    27.1237    1485.39    865.000 0.0000e+00
    870.596     5.2866   3.353224          1    34.3455      0.036     2.5647      7.888      98.71     -0.980      -0.15      85488   3561.938    34.3459    27.1232    1485.38    864.000 0.0000e+00
    869.586     5.2846   3.353013          1    34.3457      0.040     2.5645      7.886      88.38     -0.649       0.20      85531   3563.732    34.3460    27.1235    1485.36    863.000 0.0000e+00
    868.576     5.2871   3.353178          1    34.3456      0.046     2.5586      7.882      77.50     -0.154      -0.12      85634   3568.027    34.3458    27.1231    1485.35    862.000 0.0000e+00
    867.567     5.2878   3.353195          1    34.3457      0.039     2.5728      7.881      97.01     -0.463      -0.16      85686   3570.224    34.3458    27.1230    1485.34    861.000 0.0000e+00
    866.557     5.2898   3.353319          1    34.3454      0.036     2.5688      7.880      98.66     -0.649      -0.03      85723   3571.739    34.3456    27.1226    1485.33    860.000 0.0000e+00
    865.547     5.2902   3.353309          1    34.3455      0.043     2.5658      7.880      90.14     -0.541       0.07      85768   3573.609    34.3457    27.1226    1485.31    859.000 0.0000e+00
    864.538     5.2908   3.353311          1    34.3455      0.041     2.5658      7.878      94.78     -0.553      -0.06      85811   3575.430    34.3456    27.1225    1485.30    858.000 0.0000e+00
    863.528     5.2929   3.353449          1    34.3454      0.044     2.5701      7.877      85.06     -0.397       0.10      85870   3577.856    34.3455    27.1222    1485.29    857.000 0.0000e+00
    862.518     5.3049   3.354490          1    34.3452      0.035     2.5733      7.877      99.18     -0.358      -0.08      85941   3580.844    34.3456    27.1208    1485.32    856.000 0.0000e+00
    861.508     5.3266   3.356253          1    34.3433      0.048     2.5755      7.876      61.03     -0.491      -0.04      85991   3582.913    34.3441    27.1171    1485.39    855.000 0.0000e+00
    860.499     5.3317   3.356639          1    34.3430      0.039     2.5794      7.876      99.09     -0.599      -0.12      86030   3584.538    34.3439    27.1162    1485.39    854.000 0.0000e+00
    859.489     5.3385   3.357169          1    34.3426      0.039     2.5804      7.876      92.04     -0.744      -0.05      86062   3585.871    34.3435    27.1151    1485.40    853.000 0.0000e+00
    858.479     5.3362   3.356903          1    34.3427      0.035     2.5904      7.876      97.81     -0.486       0.15      86113   3587.998    34.3433    27.1153    1485.38    852.000 0.0000e+00
    857.470     5.3364   3.356856          1    34.3425      0.044     2.5903      7.876      84.65     -0.345      -0.15      86182   3590.880    34.3430    27.1150    1485.36    851.000 0.0000e+00
    856.460     5.3443   3.357498          1    34.3424      0.037     2.5830      7.876      98.19     -0.511       0.04      86228   3592.812    34.3429    27.1139    1485.38    850.000 0.0000e+00
    855.450     5.3469   3.357689          1    34.3423      0.036     2.5857      7.876      98.71     -0.449      -0.09      86280   3594.959    34.3428    27.1136    1485.37    849.000 0.0000e+00
    854.441     5.3494   3.357855          1    34.3422      0.044     2.5930      7.876      92.30     -0.656      -0.09      86316   3596.448    34.3426    27.1132    1485.36    848.000 0.0000e+00
    853.431     5.3492   3.357781          1    34.3422      0.035     2.5932      7.877      98.44     -0.510       0.13      86364   3598.456    34.3425    27.1131    1485.35    847.000 0.0000e+00
    852.421     5.3473   3.357571          1    34.3424      0.047     2.5978      7.877      80.82     -0.395      -0.14      86422   3600.895    34.3426    27.1134    1485.32    846.000 0.0000e+00
