src/interpolation/Data/CTD/03w3h.cnv
* Sea-Bird SBE 9 Data File:
* FileName = E:\HOBAB2\w3.hex
* Software Version Seasave V 7.22.1
* Temperature SN = 5330
* Conductivity SN = 3693
* Number of Bytes Per Scan = 24
* Number of Voltage Words = 4
* Number of Scans Averaged by the Deck Unit = 1
* NMEA baud rate = 9600
# nquan = 18
# nvalues = 1970                        
# units = specified
# name 0 = prDM: Pressure, Digiquartz [db]
# name 1 = t090C: Temperature [ITS-90, deg C]
# name 2 = c0S/m: Conductivity [S/m]
# name 3 = pumps: Pump Status
# name 4 = sal00: Salinity, Practical [PSU]
# name 5 = seaTurbMtr: Turbidity, Seapoint [FTU]
# name 6 = sbeox0Mg/L: Oxygen, SBE 43 [mg/l]
# name 7 = ph: pH
# name 8 = altM: Altimeter [m]
# name 9 = dz/dtM: Descent Rate [m/s]
# name 10 = accM: Acceleration [m/s^2]
# name 11 = scan: Scan Count
# name 12 = timeS: Time, Elapsed [seconds]
# name 13 = sal00: Salinity, Practical [PSU]
# name 14 = sigma-t00: Density [sigma-t, kg/m^3 ]
# name 15 = svCM: Sound Velocity [Chen-Millero, m/s]
# name 16 = depSM: Depth [salt water, m], lat = 0
# name 17 = flag: flag
# span 0 =      1.005,    999.882       
# span 1 =     4.4486,    22.4081       
# span 2 =   3.287884,   5.009474       
# span 3 =          1,          1       
# span 4 =    34.2648,    34.8109       
# span 5 =      0.026,      0.204       
# span 6 =     2.3128,     7.5873       
# span 7 =      7.591,      8.025       
# span 8 =       3.00,     104.11       
# span 9 =     -1.293,      1.158       
# span 10 =      -0.42,       0.43      
# span 11 =       8791,     127805      
# span 12 =    366.261,   5325.187      
# span 13 =    34.2644,    34.8102      
# span 14 =    23.9280,    27.2556      
# span 15 =    1483.92,    1527.98      
# span 16 =      1.000,    992.000      
# span 17 = 0.0000e+00, 0.0000e+00      
# interval = meters: 1                  
# start_time = Apr 16 2014 21:12:38 [System UTC, header]
# bad_flag = -9.990e-29
*END*
[from data line 1126]
    850.402     5.3509   3.357791          1    34.3422      0.045     2.5890      7.878      79.74     -0.613       0.14      86497   3604.014    34.3424    27.1128    1485.30    844.000 0.0000e+00
    849.393     5.3510   3.357755          1    34.3423      0.037     2.5862      7.879      99.90     -0.293      -0.03      86568   3606.960    34.3424    27.1128    1485.29    843.000 0.0000e+00
    848.383     5.3511   3.357725          1    34.3423      0.048     2.5932      7.879      65.69     -0.433      -0.03      86625   3609.346    34.3424    27.1128    1485.27    842.000 0.0000e+00
    847.373     5.3538   3.357909          1    34.3421      0.039     2.5940      7.879      96.52     -0.553      -0.14      86668   3611.108    34.3422    27.1123    1485.27    841.000 0.0000e+00
    846.364     5.3558   3.358025          1    34.3419      0.040     2.5870      7.879      92.69     -0.771      -0.18      86697   3612.315    34.3421    27.1120    1485.26    840.000 0.0000e+00
    845.354     5.3580   3.358174          1    34.3418      0.036     2.5884      7.879      98.54     -0.875       0.00      86725   3613.487    34.3420    27.1116    1485.25    839.000 0.0000e+00
    844.344     5.3561   3.357974          1    34.3420      0.042     2.5956      7.879      92.36     -0.414       0.15      86786   3616.021    34.3421    27.1120    1485.23    838.000 0.0000e+00
    843.335     5.3616   3.358391          1    34.3416      0.045     2.5930      7.879      78.24     -0.336      -0.22      86871   3619.594    34.3418    27.1110    1485.23    837.000 0.0000e+00
    842.325     5.3697   3.359057          1    34.3413      0.042     2.5986      7.880      88.02     -0.631      -0.11      86906   3621.060    34.3417    27.1100    1485.25    836.000 0.0000e+00
    841.316     5.3743   3.359389          1    34.3408      0.036     2.5989      7.880      98.64     -0.645       0.06      86945   3622.656    34.3413    27.1091    1485.25    835.000 0.0000e+00
    840.306     5.3806   3.359868          1    34.3402      0.036     2.6026      7.880      98.71     -0.615      -0.04      86984   3624.275    34.3408    27.1079    1485.26    834.000 0.0000e+00
    839.296     5.3829   3.360036          1    34.3403      0.042     2.6037      7.879      98.71     -0.616       0.07      87024   3625.954    34.3408    27.1077    1485.25    833.000 0.0000e+00
    838.287     5.3847   3.360144          1    34.3404      0.039     2.6006      7.881      95.18     -0.319       0.05      87093   3628.818    34.3408    27.1075    1485.24    832.000 0.0000e+00
    837.277     5.3889   3.360495          1    34.3406      0.045     2.5995      7.882      84.13     -0.328      -0.05      87167   3631.910    34.3409    27.1071    1485.24    831.000 0.0000e+00
    836.268     5.4008   3.361423          1    34.3393      0.041     2.6047      7.882      98.98     -0.594      -0.28      87205   3633.495    34.3399    27.1048    1485.27    830.000 0.0000e+00
    835.258     5.3995   3.361258          1    34.3396      0.041     2.6070      7.883      85.97     -0.288       0.14      87320   3638.295    34.3399    27.1050    1485.25    829.000 0.0000e+00
    834.249     5.4045   3.361664          1    34.3396      0.038     2.6036      7.884      98.62     -0.659      -0.24      87458   3644.028    34.3399    27.1044    1485.25    828.000 0.0000e+00
    833.239     5.4078   3.361897          1    34.3394      0.037     2.6005      7.884      98.70     -0.798       0.02      87487   3645.263    34.3397    27.1039    1485.25    827.000 0.0000e+00
    832.229     5.4039   3.361505          1    34.3396      0.043     2.6138      7.885      84.15     -0.368       0.13      87546   3647.727    34.3397    27.1043    1485.21    826.000 0.0000e+00
    831.220     5.4085   3.361882          1    34.3395      0.038     2.6136      7.886      98.45     -0.490      -0.07      87600   3649.973    34.3397    27.1038    1485.22    825.000 0.0000e+00
    830.210     5.4175   3.362632          1    34.3393      0.043     2.6142      7.886      74.45     -0.407       0.06      87658   3652.380    34.3396    27.1026    1485.23    824.000 0.0000e+00
    829.201     5.4227   3.363043          1    34.3392      0.048     2.6168      7.887      99.20     -0.457      -0.08      87713   3654.651    34.3396    27.1020    1485.24    823.000 0.0000e+00
    828.191     5.4673   3.366863          1    34.3366      0.040     2.6134      7.888      98.71     -0.574      -0.06      87754   3656.388    34.3381    27.0954    1485.40    822.000 0.0000e+00
    827.182     5.4929   3.368990          1    34.3349      0.047     2.6237      7.888      90.23     -0.638      -0.00      87792   3657.976    34.3368    27.0914    1485.49    821.000 0.0000e+00
    826.172     5.4837   3.368072          1    34.3350      0.043     2.6434      7.888      97.75     -0.429       0.11      87847   3660.250    34.3362    27.0920    1485.43    820.000 0.0000e+00
    825.163     5.4885   3.368521          1    34.3359      0.050     2.6399      7.889      72.77     -0.472      -0.18      87900   3662.441    34.3369    27.0919    1485.43    819.000 0.0000e+00
    824.153     5.5298   3.372071          1    34.3340      0.041     2.6327      7.888      97.49     -0.673      -0.05      87935   3663.901    34.3358    27.0861    1485.58    818.000 0.0000e+00
    823.144     5.5198   3.371107          1    34.3344      0.046     2.6498      7.888      80.86     -0.306       0.11      88003   3666.752    34.3355    27.0870    1485.53    817.000 0.0000e+00
    822.134     5.5211   3.371209          1    34.3351      0.041     2.6555      7.889      99.16     -0.475      -0.23      88065   3669.320    34.3358    27.0871    1485.51    816.000 0.0000e+00
    821.125     5.5366   3.372485          1    34.3340      0.038     2.6502      7.889      98.71     -0.686      -0.03      88099   3670.753    34.3351    27.0847    1485.56    815.000 0.0000e+00
    820.115     5.5366   3.372429          1    34.3341      0.040     2.6482      7.889      98.71     -0.595       0.06      88140   3672.455    34.3349    27.0846    1485.54    814.000 0.0000e+00
    819.106     5.5364   3.372278          1    34.3333      0.049     2.6533      7.890      80.09     -0.656      -0.14      88175   3673.915    34.3339    27.0838    1485.52    813.000 0.0000e+00
    818.096     5.5348   3.371984          1    34.3322      0.038     2.6697      7.890      96.56     -0.765       0.03      88207   3675.256    34.3327    27.0830    1485.50    812.000 0.0000e+00
    817.087     5.5335   3.371847          1    34.3327      0.046     2.6521      7.892      86.62     -0.039       0.06      88314   3679.699    34.3329    27.0834    1485.48    811.000 0.0000e+00
    816.077     5.5337   3.371760          1    34.3321      0.043     2.6498      7.893      84.21     -0.533      -0.21      88366   3681.872    34.3323    27.0828    1485.46    810.000 0.0000e+00
    815.068     5.5374   3.372004          1    34.3315      0.054     2.6530      7.893      48.29     -0.807      -0.25      88392   3682.942    34.3317    27.0819    1485.46    809.000 0.0000e+00
    814.058     5.5432   3.372433          1    34.3309      0.040     2.6592      7.894      97.86     -0.982      -0.09      88416   3683.941    34.3312    27.0808    1485.46    808.000 0.0000e+00
    813.049     5.5462   3.372620          1    34.3304      0.041     2.6548      7.895      96.23     -0.948       0.12      88443   3685.081    34.3308    27.0802    1485.46    807.000 0.0000e+00
    812.039     5.5422   3.372261          1    34.3311      0.042     2.6621      7.897      93.32     -0.317       0.13      88515   3688.068    34.3313    27.0810    1485.43    806.000 0.0000e+00
    811.030     5.5443   3.372380          1    34.3309      0.039     2.6596      7.899      98.81     -0.405      -0.12      88600   3691.624    34.3310    27.0805    1485.42    805.000 0.0000e+00
    810.021     5.5462   3.372498          1    34.3307      0.048     2.6611      7.903      80.02     -0.551      -0.11      88642   3693.391    34.3309    27.0802    1485.41    804.000 0.0000e+00
    809.011     5.5497   3.372733          1    34.3303      0.046     2.6617      7.908      79.59     -0.754      -0.20      88672   3694.609    34.3305    27.0795    1485.41    803.000 0.0000e+00
    808.002     5.5508   3.372780          1    34.3302      0.038     2.6616      7.911      98.15     -0.911      -0.07      88698   3695.696    34.3304    27.0793    1485.39    802.000 0.0000e+00
    806.992     5.5490   3.372581          1    34.3304      0.043     2.6646      7.916      77.75     -0.592       0.21      88743   3697.566    34.3305    27.0795    1485.37    801.000 0.0000e+00
    805.983     5.5477   3.372427          1    34.3305      0.039     2.6658      7.921      96.90     -0.322      -0.11      88814   3700.533    34.3305    27.0797    1485.35    800.000 0.0000e+00
    804.973     5.5499   3.372573          1    34.3304      0.044     2.6630      7.924      98.78     -0.466      -0.01      88866   3702.702    34.3305    27.0794    1485.34    799.000 0.0000e+00
    803.964     5.5545   3.372910          1    34.3299      0.043     2.6620      7.928      87.73     -0.516      -0.02      88913   3704.671    34.3301    27.0786    1485.34    798.000 0.0000e+00
    802.955     5.5562   3.373015          1    34.3299      0.037     2.6694      7.931      97.31     -0.500      -0.01      88961   3706.659    34.3300    27.0783    1485.33    797.000 0.0000e+00
    801.945     5.5602   3.373304          1    34.3295      0.036     2.6729      7.933      98.71     -0.628      -0.12      88998   3708.212    34.3297    27.0776    1485.33    796.000 0.0000e+00
    800.936     5.5647   3.373640          1    34.3291      0.036     2.6687      7.933      98.71     -0.702       0.03      89033   3709.675    34.3295    27.0769    1485.33    795.000 0.0000e+00
    799.926     5.5612   3.373283          1    34.3294      0.038     2.6699      7.936      96.49     -0.451       0.11      89086   3711.879    34.3295    27.0773    1485.30    794.000 0.0000e+00
    798.917     5.5615   3.373274          1    34.3294      0.042     2.6726      7.939      98.70     -0.421      -0.05      89145   3714.341    34.3296    27.0773    1485.29    793.000 0.0000e+00
    797.908     5.5682   3.373816          1    34.3292      0.048     2.6673      7.941      86.47     -0.420       0.02      89202   3716.698    34.3294    27.0764    1485.30    792.000 0.0000e+00
    796.898     5.5761   3.374491          1    34.3291      0.038     2.6712      7.943      98.93     -0.537      -0.13      89247   3718.577    34.3295    27.0755    1485.31    791.000 0.0000e+00
    795.889     5.5770   3.374537          1    34.3293      0.037     2.6734      7.944      98.71     -0.605       0.06      89287   3720.262    34.3297    27.0755    1485.30    790.000 0.0000e+00
    794.879     5.5754   3.374353          1    34.3295      0.043     2.6775      7.945      95.27     -0.421      -0.02      89340   3722.478    34.3297    27.0757    1485.27    789.000 0.0000e+00
    793.870     5.5784   3.374591          1    34.3296      0.040     2.6770      7.946      98.74     -0.631      -0.17      89377   3723.997    34.3299    27.0755    1485.27    788.000 0.0000e+00
    792.861     5.5802   3.374709          1    34.3296      0.043     2.6739      7.947      88.24     -0.648       0.11      89415   3725.603    34.3298    27.0752    1485.26    787.000 0.0000e+00
    791.851     5.5802   3.374686          1    34.3300      0.050     2.6796      7.948      92.95     -0.151      -0.03      89503   3729.247    34.3301    27.0754    1485.24    786.000 0.0000e+00
    790.842     5.5818   3.374794          1    34.3300      0.049     2.6717      7.948      78.47     -0.540      -0.19      89549   3731.174    34.3301    27.0753    1485.23    785.000 0.0000e+00
    789.833     5.5860   3.375154          1    34.3302      0.039     2.6761      7.950      98.68     -0.785      -0.23      89576   3732.310    34.3305    27.0750    1485.24    784.000 0.0000e+00
    788.823     5.5914   3.375590          1    34.3301      0.041     2.6703      7.950      98.71     -0.904       0.03      89604   3733.459    34.3304    27.0743    1485.24    783.000 0.0000e+00
    787.814     5.5853   3.375001          1    34.3303      0.047     2.6762      7.952      76.81     -0.241       0.14      89677   3736.493    34.3304    27.0751    1485.20    782.000 0.0000e+00
    786.805     5.5940   3.375759          1    34.3305      0.039     2.6721      7.951      98.87     -0.547      -0.27      89734   3738.877    34.3308    27.0743    1485.22    781.000 0.0000e+00
    785.795     5.5990   3.376124          1    34.3300      0.042     2.6705      7.952      97.07     -0.645       0.08      89772   3740.463    34.3303    27.0733    1485.22    780.000 0.0000e+00
    784.786     5.5998   3.376217          1    34.3307      0.048     2.6761      7.954      86.37     -0.406      -0.02      89826   3742.720    34.3310    27.0738    1485.21    779.000 0.0000e+00
    783.777     5.6045   3.376542          1    34.3301      0.040     2.6866      7.954      98.51     -0.607      -0.10      89865   3744.345    34.3305    27.0728    1485.21    778.000 0.0000e+00
    782.767     5.6052   3.376548          1    34.3300      0.052     2.6833      7.955      81.00     -0.467       0.12      89917   3746.486    34.3303    27.0726    1485.19    777.000 0.0000e+00
    781.758     5.6035   3.376330          1    34.3299      0.042     2.6870      7.955      96.50     -0.424      -0.10      89976   3748.944    34.3300    27.0725    1485.17    776.000 0.0000e+00
    780.749     5.6093   3.376804          1    34.3298      0.047     2.6833      7.956      68.45     -0.505       0.02      90024   3750.944    34.3300    27.0718    1485.18    775.000 0.0000e+00
    779.739     5.6128   3.377060          1    34.3295      0.041     2.6848      7.957      94.56     -0.496      -0.08      90071   3752.919    34.3298    27.0712    1485.18    774.000 0.0000e+00
    778.730     5.6169   3.377368          1    34.3293      0.037     2.6854      7.957      98.69     -0.677      -0.09      90106   3754.365    34.3297    27.0706    1485.18    773.000 0.0000e+00
    777.721     5.6166   3.377296          1    34.3294      0.043     2.6871      7.958      90.16     -0.458       0.14      90158   3756.562    34.3297    27.0707    1485.16    772.000 0.0000e+00
    776.711     5.6172   3.377292          1    34.3294      0.040     2.6860      7.959      99.02     -0.351      -0.08      90229   3759.512    34.3295    27.0705    1485.14    771.000 0.0000e+00
    775.702     5.6182   3.377347          1    34.3294      0.040     2.6884      7.959      98.71     -0.521      -0.12      90275   3761.423    34.3296    27.0704    1485.13    770.000 0.0000e+00
    774.693     5.6198   3.377436          1    34.3293      0.041     2.6930      7.959      98.29     -0.717      -0.13      90307   3762.758    34.3295    27.0701    1485.12    769.000 0.0000e+00
    773.684     5.6195   3.377370          1    34.3294      0.040     2.6921      7.959      94.97     -0.698       0.12      90344   3764.281    34.3295    27.0702    1485.10    768.000 0.0000e+00
    772.674     5.6188   3.377265          1    34.3294      0.046     2.6909      7.960      89.26     -0.231       0.03      90419   3767.409    34.3295    27.0702    1485.08    767.000 0.0000e+00
    771.665     5.6193   3.377249          1    34.3293      0.042     2.6958      7.960      98.99     -0.523      -0.22      90468   3769.469    34.3294    27.0701    1485.07    766.000 0.0000e+00
    770.656     5.6195   3.377190          1    34.3289      0.042     2.6874      7.961      98.71     -0.757      -0.11      90498   3770.725    34.3289    27.0697    1485.05    765.000 0.0000e+00
