src/interpolation/Data/CTD/03w3h.cnv
* Sea-Bird SBE 9 Data File:
* FileName = E:\HOBAB2\w3.hex
* Software Version Seasave V 7.22.1
* Temperature SN = 5330
* Conductivity SN = 3693
* Number of Bytes Per Scan = 24
* Number of Voltage Words = 4
* Number of Scans Averaged by the Deck Unit = 1
* NMEA baud rate = 9600
# nquan = 18
# nvalues = 1970                        
# units = specified
# name 0 = prDM: Pressure, Digiquartz [db]
# name 1 = t090C: Temperature [ITS-90, deg C]
# name 2 = c0S/m: Conductivity [S/m]
# name 3 = pumps: Pump Status
# name 4 = sal00: Salinity, Practical [PSU]
# name 5 = seaTurbMtr: Turbidity, Seapoint [FTU]
# name 6 = sbeox0Mg/L: Oxygen, SBE 43 [mg/l]
# name 7 = ph: pH
# name 8 = altM: Altimeter [m]
# name 9 = dz/dtM: Descent Rate [m/s]
# name 10 = accM: Acceleration [m/s^2]
# name 11 = scan: Scan Count
# name 12 = timeS: Time, Elapsed [seconds]
# name 13 = sal00: Salinity, Practical [PSU]
# name 14 = sigma-t00: Density [sigma-t, kg/m^3 ]
# name 15 = svCM: Sound Velocity [Chen-Millero, m/s]
# name 16 = depSM: Depth [salt water, m], lat = 0
# name 17 = flag: flag
# span 0 =      1.005,    999.882       
# span 1 =     4.4486,    22.4081       
# span 2 =   3.287884,   5.009474       
# span 3 =          1,          1       
# span 4 =    34.2648,    34.8109       
# span 5 =      0.026,      0.204       
# span 6 =     2.3128,     7.5873       
# span 7 =      7.591,      8.025       
# span 8 =       3.00,     104.11       
# span 9 =     -1.293,      1.158       
# span 10 =      -0.42,       0.43      
# span 11 =       8791,     127805      
# span 12 =    366.261,   5325.187      
# span 13 =    34.2644,    34.8102      
# span 14 =    23.9280,    27.2556      
# span 15 =    1483.92,    1527.98      
# span 16 =      1.000,    992.000      
# span 17 = 0.0000e+00, 0.0000e+00      
# interval = meters: 1                  
# start_time = Apr 16 2014 21:12:38 [System UTC, header]
# bad_flag = -9.990e-29
*END*
[from data line 1367]
    607.220     8.3452   3.616011          1    34.3148      0.052     3.6648      7.655      98.71     -0.643      -0.20      97201   4050.013    34.3166    26.6851    1492.93    603.000 0.0000e+00
    606.212     8.3861   3.619785          1    34.3146      0.054     3.6832      7.863      94.95     -0.857      -0.17      97228   4051.104    34.3173    26.6794    1493.06    602.000 0.0000e+00
    605.203     8.4141   3.622447          1    34.3157      0.054     3.6970      7.950      94.06     -0.925       0.04      97254   4052.226    34.3188    26.6763    1493.15    601.000 0.0000e+00
    604.195     8.4042   3.621411          1    34.3158      0.053     3.7030      7.703      98.52     -0.717       0.18      97291   4053.750    34.3178    26.6770    1493.10    600.000 0.0000e+00
    603.186     8.3702   3.618172          1    34.3161      0.059     3.7071      7.701      82.25     -0.466       0.01      97341   4055.816    34.3171    26.6816    1492.95    599.000 0.0000e+00
    602.178     8.4471   3.625564          1    34.3183      0.054     3.6826      7.767      98.95     -0.601      -0.15      97379   4057.421    34.3210    26.6729    1493.23    598.000 0.0000e+00
    601.169     8.5068   3.631047          1    34.3177      0.057     3.6956      7.782      98.71     -0.785      -0.12      97408   4058.643    34.3215    26.6642    1493.44    597.000 0.0000e+00
    600.161     8.5133   3.631616          1    34.3183      0.075     3.7058      7.801      53.43     -0.849       0.01      97437   4059.839    34.3217    26.6633    1493.44    596.000 0.0000e+00
    599.153     8.5156   3.631784          1    34.3187      0.052     3.7159      7.681      99.13     -0.839      -0.01      97466   4061.030    34.3217    26.6630    1493.44    595.000 0.0000e+00
    598.144     8.5212   3.632260          1    34.3191      0.052     3.7239      7.692      98.71     -0.861      -0.02      97494   4062.194    34.3217    26.6621    1493.44    594.000 0.0000e+00
    597.136     8.5520   3.634983          1    34.3182      0.054     3.7198      7.668      98.71     -0.868       0.01      97522   4063.366    34.3210    26.6568    1493.54    593.000 0.0000e+00
    596.127     8.5422   3.633850          1    34.3168      0.049     3.7361      7.667      98.71     -0.705       0.18      97559   4064.924    34.3191    26.6568    1493.48    592.000 0.0000e+00
    595.119     8.5106   3.631056          1    34.3199      0.057     3.7494      7.651      93.00     -0.273      -0.06      97624   4067.631    34.3207    26.6629    1493.35    591.000 0.0000e+00
    594.110     8.5679   3.635776          1    34.3138      0.046     3.7257      7.755      98.79     -0.647      -0.28      97658   4069.026    34.3154    26.6499    1493.54    590.000 0.0000e+00
    593.102     8.5994   3.638125          1    34.3074      0.041     3.7204      7.658      98.71     -0.893      -0.19      97682   4070.052    34.3101    26.6409    1493.63    589.000 0.0000e+00
    592.094     8.6066   3.638682          1    34.3070      0.051     3.7463      7.737      81.56     -1.027      -0.09      97705   4071.003    34.3095    26.6393    1493.64    588.000 0.0000e+00
    591.085     8.6121   3.639087          1    34.3065      0.047     3.7924      7.722      83.32     -1.046       0.03      97729   4071.996    34.3089    26.6379    1493.65    587.000 0.0000e+00
    590.077     8.6126   3.639036          1    34.3064      0.041     3.8363      7.660      98.31     -0.948       0.12      97756   4073.136    34.3084    26.6375    1493.63    586.000 0.0000e+00
    589.068     8.6030   3.638234          1    34.3083      0.049     3.8396      7.636      76.84     -0.571       0.20      97801   4075.009    34.3096    26.6399    1493.58    585.000 0.0000e+00
    588.060     8.6089   3.638600          1    34.3073      0.043     3.8232      7.702      99.90     -0.428      -0.15      97855   4077.256    34.3082    26.6380    1493.58    584.000 0.0000e+00
    587.052     8.6241   3.639723          1    34.3045      0.042     3.8287      7.882      98.71     -0.700      -0.20      97887   4078.564    34.3058    26.6337    1493.62    583.000 0.0000e+00
    586.043     8.6301   3.640105          1    34.3032      0.039     3.8187      7.707      98.71     -0.861      -0.07      97914   4079.710    34.3045    26.6317    1493.63    582.000 0.0000e+00
    585.035     8.6378   3.640741          1    34.3030      0.038     3.8365      7.629      98.71     -0.842       0.07      97944   4080.947    34.3042    26.6303    1493.64    581.000 0.0000e+00
    584.027     8.6455   3.641349          1    34.3024      0.041     3.8649      7.791      92.60     -0.762       0.04      97976   4082.291    34.3036    26.6287    1493.65    580.000 0.0000e+00
    583.018     8.6538   3.642033          1    34.3020      0.041     3.8656      7.735      95.42     -0.721       0.04      98010   4083.714    34.3032    26.6270    1493.66    579.000 0.0000e+00
    582.010     8.6566   3.642165          1    34.3014      0.039     3.8766      7.626      98.77     -0.647       0.03      98048   4085.276    34.3024    26.6259    1493.66    578.000 0.0000e+00
    581.002     8.6576   3.642098          1    34.3004      0.054     3.8711      7.631      76.11     -0.692      -0.08      98081   4086.686    34.3012    26.6248    1493.64    577.000 0.0000e+00
    579.993     8.6459   3.639708          1    34.2881      0.042     3.8741      7.632      94.89     -0.781      -0.04      98112   4087.961    34.2879    26.6163    1493.56    576.000 0.0000e+00
    578.985     8.6258   3.636632          1    34.2759      0.037     3.8908      7.719      98.61     -0.746       0.07      98146   4089.360    34.2754    26.6096    1493.46    575.000 0.0000e+00
    577.977     8.6198   3.635984          1    34.2749      0.044     3.9376      7.644      65.18     -0.617       0.06      98185   4091.013    34.2748    26.6101    1493.42    574.000 0.0000e+00
    576.968     8.6153   3.635132          1    34.2714      0.032     3.9836      7.632      99.51     -0.616      -0.08      98223   4092.600    34.2706    26.6075    1493.38    573.000 0.0000e+00
    575.960     8.6158   3.634540          1    34.2648      0.035     3.9759      7.627      98.71     -0.750      -0.10      98255   4093.897    34.2644    26.6026    1493.36    572.000 0.0000e+00
    574.952     8.6466   3.637476          1    34.2653      0.034     3.9643      7.722      98.71     -0.796       0.00      98285   4095.169    34.2660    26.5990    1493.46    571.000 0.0000e+00
    573.943     8.7202   3.645251          1    34.2740      0.037     3.9910      7.622      98.71     -0.786       0.00      98316   4096.450    34.2771    26.5962    1493.73    570.000 0.0000e+00
    572.935     8.8289   3.656316          1    34.2836      0.039     4.0059      7.830      95.32     -0.792      -0.00      98346   4097.726    34.2887    26.5882    1494.13    569.000 0.0000e+00
    571.927     8.9085   3.664719          1    34.2932      0.045     4.0112      7.754      92.96     -0.757       0.06      98379   4099.098    34.3004    26.5848    1494.42    568.000 0.0000e+00
    570.918     8.8065   3.653873          1    34.2846      0.045     3.9994      7.834      98.64     -0.580       0.10      98422   4100.876    34.2856    26.5893    1494.01    567.000 0.0000e+00
    569.910     8.8272   3.656777          1    34.2936      0.058     3.9461      7.618      77.32     -0.528      -0.08      98467   4102.730    34.2965    26.5946    1494.08    566.000 0.0000e+00
    568.902     9.0195   3.676427          1    34.3091      0.049     3.9641      7.698      99.19     -0.693      -0.13      98500   4104.116    34.3171    26.5803    1494.80    565.000 0.0000e+00
    567.894     9.1536   3.690397          1    34.3243      0.051     3.9725      7.785      98.71     -0.833      -0.11      98527   4105.258    34.3341    26.5721    1495.30    564.000 0.0000e+00
    566.885     9.1983   3.694933          1    34.3294      0.062     3.9743      7.877      75.29     -0.937      -0.08      98552   4106.303    34.3387    26.5685    1495.45    563.000 0.0000e+00
    565.877     9.2244   3.697564          1    34.3325      0.067     3.9443      7.684      71.76     -0.958       0.03      98578   4107.382    34.3414    26.5664    1495.54    562.000 0.0000e+00
    564.869     9.2176   3.696892          1    34.3349      0.057     3.9206      7.623      97.52     -0.801       0.17      98611   4108.750    34.3415    26.5675    1495.50    561.000 0.0000e+00
    563.860     9.1980   3.694722          1    34.3333      0.052     3.9353      7.623      98.71     -0.418       0.10      98666   4111.021    34.3383    26.5681    1495.40    560.000 0.0000e+00
    562.852     9.2178   3.696650          1    34.3355      0.054     3.9489      7.690      98.71     -0.509      -0.23      98712   4112.971    34.3396    26.5660    1495.46    559.000 0.0000e+00
    561.844     9.2578   3.700529          1    34.3375      0.061     3.9453      7.863      84.71     -0.805      -0.25      98738   4114.061    34.3420    26.5614    1495.59    558.000 0.0000e+00
    560.836     9.2624   3.700926          1    34.3381      0.055     3.9474      7.747      98.46     -0.989      -0.12      98762   4115.045    34.3422    26.5608    1495.59    557.000 0.0000e+00
    559.827     9.2660   3.701239          1    34.3388      0.059     3.9401      7.725      98.71     -0.988       0.09      98788   4116.120    34.3424    26.5603    1495.59    556.000 0.0000e+00
    558.819     9.2729   3.701823          1    34.3392      0.058     3.9453      7.783      92.72     -0.823       0.12      98819   4117.413    34.3423    26.5591    1495.60    555.000 0.0000e+00
    557.811     9.2720   3.701672          1    34.3396      0.065     3.9396      7.699      82.97     -0.693       0.07      98855   4118.914    34.3421    26.5591    1495.58    554.000 0.0000e+00
    556.803     9.2903   3.703378          1    34.3402      0.056     3.9463      7.622      98.76     -0.529       0.07      98901   4120.818    34.3426    26.5566    1495.63    553.000 0.0000e+00
    555.795     9.3084   3.705132          1    34.3416      0.071     3.9357      7.620      61.16     -0.551      -0.09      98944   4122.618    34.3438    26.5546    1495.68    552.000 0.0000e+00
    554.786     9.3755   3.711305          1    34.3401      0.057     3.9438      7.620      99.19     -0.686      -0.09      98978   4124.040    34.3439    26.5437    1495.91    551.000 0.0000e+00
    553.778     9.3966   3.713298          1    34.3413      0.060     3.9549      7.618      98.71     -0.785      -0.08      99008   4125.274    34.3448    26.5410    1495.97    550.000 0.0000e+00
    552.770     9.4099   3.714526          1    34.3418      0.054     3.9775      7.615      98.71     -0.883      -0.11      99034   4126.360    34.3452    26.5391    1496.01    549.000 0.0000e+00
    551.762     9.4212   3.715548          1    34.3421      0.058     3.9951      7.817      98.71     -0.968      -0.04      99058   4127.391    34.3454    26.5374    1496.03    548.000 0.0000e+00
    550.753     9.4256   3.715932          1    34.3428      0.054     3.9898      7.629      98.71     -0.851       0.18      99090   4128.701    34.3457    26.5369    1496.03    547.000 0.0000e+00
    549.745     9.4227   3.715582          1    34.3432      0.058     4.0095      7.614      98.71     -0.468       0.07      99138   4130.724    34.3452    26.5370    1496.00    546.000 0.0000e+00
    548.737     9.4378   3.716984          1    34.3437      0.057     3.9987      7.706      98.71     -0.615      -0.19      99176   4132.285    34.3458    26.5350    1496.04    545.000 0.0000e+00
    547.729     9.4624   3.719253          1    34.3437      0.067     3.9980      7.822      73.05     -0.796      -0.07      99205   4133.515    34.3461    26.5312    1496.11    544.000 0.0000e+00
    546.721     9.4751   3.720417          1    34.3442      0.054     4.0002      7.615      97.39     -0.750       0.09      99239   4134.918    34.3464    26.5293    1496.15    543.000 0.0000e+00
    545.713     9.4770   3.720554          1    34.3446      0.053     4.0110      7.609      98.73     -0.657      -0.01      99275   4136.427    34.3465    26.5291    1496.14    542.000 0.0000e+00
    544.704     9.4964   3.722374          1    34.3451      0.071     4.0152      7.609      55.34     -0.741      -0.07      99307   4137.749    34.3471    26.5264    1496.19    541.000 0.0000e+00
    543.696     9.5342   3.725831          1    34.3444      0.054     4.0029      7.608      97.02     -0.765       0.04      99339   4139.088    34.3471    26.5201    1496.31    540.000 0.0000e+00
    542.688     9.5530   3.727448          1    34.3436      0.050     4.0197      7.616      98.72     -0.717       0.00      99373   4140.490    34.3463    26.5164    1496.36    539.000 0.0000e+00
    541.680     9.5781   3.729780          1    34.3439      0.051     4.0367      7.617      98.71     -0.760      -0.06      99404   4141.789    34.3468    26.5126    1496.44    538.000 0.0000e+00
    540.672     9.6335   3.734878          1    34.3429      0.052     4.0426      7.622      98.71     -0.794      -0.00      99435   4143.063    34.3467    26.5034    1496.62    537.000 0.0000e+00
    539.664     9.6701   3.738128          1    34.3417      0.053     4.0596      7.618      91.76     -0.713       0.11      99470   4144.548    34.3457    26.4965    1496.74    536.000 0.0000e+00
    538.655     9.6770   3.738675          1    34.3418      0.049     4.0962      7.633      96.75     -0.534       0.01      99514   4146.369    34.3451    26.4949    1496.74    535.000 0.0000e+00
    537.647     9.7121   3.741892          1    34.3416      0.047     4.1018      7.690      98.71     -0.686      -0.19      99547   4147.731    34.3452    26.4891    1496.86    534.000 0.0000e+00
    536.639     9.7634   3.746524          1    34.3399      0.055     4.0942      7.604      82.84     -0.861      -0.08      99574   4148.869    34.3443    26.4798    1497.02    533.000 0.0000e+00
    535.631     9.7765   3.747676          1    34.3401      0.053     4.1224      7.816      86.31     -0.788       0.13      99607   4150.232    34.3441    26.4775    1497.06    532.000 0.0000e+00
    534.623     9.7726   3.747260          1    34.3408      0.045     4.1330      7.715      98.92     -0.651      -0.01      99643   4151.755    34.3440    26.4780    1497.02    531.000 0.0000e+00
    533.615     9.7764   3.747514          1    34.3407      0.053     4.1319      7.652      71.03     -0.733      -0.07      99675   4153.093    34.3434    26.4769    1497.02    530.000 0.0000e+00
    532.607     9.7941   3.749096          1    34.3406      0.048     4.1359      7.646      82.47     -0.754       0.04      99708   4154.464    34.3433    26.4739    1497.07    529.000 0.0000e+00
    531.599     9.7982   3.749441          1    34.3411      0.042     4.1381      7.610      99.03     -0.640       0.05      99746   4156.052    34.3433    26.4732    1497.07    528.000 0.0000e+00
    530.591     9.8073   3.750233          1    34.3412      0.042     4.1536      7.646      98.71     -0.671      -0.10      99781   4157.494    34.3432    26.4716    1497.08    527.000 0.0000e+00
    529.582     9.8249   3.751811          1    34.3409      0.043     4.1381      7.608      98.71     -0.797      -0.07      99810   4158.720    34.3430    26.4685    1497.13    526.000 0.0000e+00
    528.574     9.8333   3.752553          1    34.3410      0.045     4.1436      7.608      96.67     -0.807       0.04      99841   4160.003    34.3431    26.4671    1497.14    525.000 0.0000e+00
    527.566     9.8438   3.753448          1    34.3407      0.044     4.1563      7.767      88.60     -0.735       0.04      99874   4161.393    34.3428    26.4651    1497.16    524.000 0.0000e+00
