src/interpolation/Data/CTD/04w4h.cnv
* Sea-Bird SBE 9 Data File:
* FileName = E:\HOBAB2\w4.hex
* Software Version Seasave V 7.22.1
* Temperature SN = 5330
* Conductivity SN = 3693
* Number of Bytes Per Scan = 24
* Number of Voltage Words = 4
* Number of Scans Averaged by the Deck Unit = 1
* NMEA baud rate = 9600
# nquan = 18
# nvalues = 1951                        
# units = specified
# name 0 = prDM: Pressure, Digiquartz [db]
# name 1 = t090C: Temperature [ITS-90, deg C]
# name 2 = c0S/m: Conductivity [S/m]
# name 3 = pumps: Pump Status
# name 4 = sal00: Salinity, Practical [PSU]
# name 5 = seaTurbMtr: Turbidity, Seapoint [FTU]
# name 6 = sbeox0Mg/L: Oxygen, SBE 43 [mg/l]
# name 7 = ph: pH
# name 8 = altM: Altimeter [m]
# name 9 = dz/dtM: Descent Rate [m/s]
# name 10 = accM: Acceleration [m/s^2]
# name 11 = scan: Scan Count
# name 12 = timeS: Time, Elapsed [seconds]
# name 13 = sal00: Salinity, Practical [PSU]
# name 14 = sigma-t00: Density [sigma-t, kg/m^3 ]
# name 15 = svCM: Sound Velocity [Chen-Millero, m/s]
# name 16 = depSM: Depth [salt water, m], lat = 0
# name 17 = flag: flag
# span 0 =      1.006,    990.789       
# span 1 =     4.6058,    22.4242       
# span 2 =   3.301075,   5.010755       
# span 3 =          1,          1       
# span 4 =    34.2709,    34.8001       
# span 5 =      0.026,      0.183       
# span 6 =     2.3434,     7.0638       
# span 7 =      7.606,      8.051       
# span 8 =       1.55,     102.46       
# span 9 =     -1.444,      1.207       
# span 10 =      -0.52,       0.35      
# span 11 =      16509,     103435      
# span 12 =    687.823,   4309.732      
# span 13 =    34.2645,    34.8015      
# span 14 =    23.9221,    27.2325      
# span 15 =    1483.99,    1527.99      
# span 16 =      1.000,    983.000      
# span 17 = 0.0000e+00, 0.0000e+00      
# interval = meters: 1                  
# start_time = Apr 16 2014 23:04:39 [System UTC, header]
# bad_flag = -9.990e-29
*END*
[from data line 1689]
    263.615    17.7285   4.542468          1    34.7236      0.036     5.9994      7.863      90.66     -0.461      -0.19      92206   3841.886    34.7281    25.1303    1519.06    262.000 0.0000e+00
    262.609    17.7369   4.543397          1    34.7251      0.036     5.9967      7.863      98.82     -0.760      -0.31      92233   3842.995    34.7293    25.1292    1519.07    261.000 0.0000e+00
    261.602    17.7669   4.546533          1    34.7266      0.042     5.9966      7.863      98.71     -1.032      -0.32      92253   3843.836    34.7310    25.1232    1519.15    260.000 0.0000e+00
    260.595    17.7858   4.548653          1    34.7290      0.031     6.0255      7.863      98.71     -1.223      -0.15      92272   3844.622    34.7334    25.1204    1519.19    259.000 0.0000e+00
    259.588    17.8060   4.550729          1    34.7300      0.046     6.0657      7.863      75.93     -1.242       0.09      92293   3845.492    34.7344    25.1162    1519.23    258.000 0.0000e+00
    258.581    17.8311   4.553296          1    34.7311      0.037     6.0830      7.863      91.55     -0.978       0.27      92322   3846.689    34.7353    25.1108    1519.29    257.000 0.0000e+00
    257.575    17.8681   4.557080          1    34.7327      0.047     6.0542      7.862      77.38     -0.426       0.15      92376   3848.958    34.7366    25.1027    1519.38    256.000 0.0000e+00
    256.568    17.8755   4.557707          1    34.7331      0.035     6.0232      7.862      97.76     -0.464      -0.24      92429   3851.146    34.7360    25.1004    1519.39    255.000 0.0000e+00
    255.561    17.8788   4.558037          1    34.7338      0.031     6.0278      7.862      98.73     -0.782      -0.28      92455   3852.243    34.7364    25.0999    1519.38    254.000 0.0000e+00
    254.554    17.8858   4.558711          1    34.7341      0.035     6.0415      7.862      98.71     -1.002      -0.18      92477   3853.168    34.7366    25.0983    1519.39    253.000 0.0000e+00
    253.548    17.8943   4.559521          1    34.7343      0.036     6.0557      7.862      98.71     -1.104      -0.04      92499   3854.081    34.7367    25.0963    1519.39    252.000 0.0000e+00
    252.541    17.8973   4.559820          1    34.7349      0.033     6.0460      7.862      98.71     -1.054       0.10      92523   3855.096    34.7370    25.0958    1519.39    251.000 0.0000e+00
    251.534    17.9204   4.562260          1    34.7362      0.041     6.0418      7.862      90.20     -0.794       0.23      92557   3856.520    34.7385    25.0913    1519.44    250.000 0.0000e+00
    250.527    17.9656   4.566954          1    34.7380      0.034     6.0334      7.862      99.13     -0.422       0.00      92608   3858.618    34.7406    25.0819    1519.56    249.000 0.0000e+00
    249.521    17.9653   4.566920          1    34.7386      0.035     6.0399      7.862      98.71     -0.681      -0.30      92639   3859.911    34.7409    25.0821    1519.54    248.000 0.0000e+00
    248.514    17.9909   4.569415          1    34.7384      0.043     6.0336      7.862      80.44     -0.936      -0.17      92663   3860.921    34.7408    25.0758    1519.60    247.000 0.0000e+00
    247.507    18.0068   4.571007          1    34.7387      0.039     6.0379      7.862      83.77     -0.934       0.11      92691   3862.080    34.7412    25.0722    1519.63    246.000 0.0000e+00
    246.500    18.0229   4.572665          1    34.7397      0.038     6.0299      7.862      98.70     -0.707       0.12      92726   3863.562    34.7421    25.0689    1519.66    245.000 0.0000e+00
    245.494    18.0427   4.574683          1    34.7403      0.048     6.0271      7.862      66.77     -0.658      -0.04      92763   3865.063    34.7428    25.0645    1519.70    244.000 0.0000e+00
    244.487    18.1000   4.580499          1    34.7407      0.039     5.9959      7.862      83.16     -0.740      -0.07      92794   3866.389    34.7440    25.0513    1519.85    243.000 0.0000e+00
    243.480    18.1395   4.584474          1    34.7411      0.034     5.9997      7.861      98.97     -0.794      -0.03      92824   3867.646    34.7447    25.0421    1519.95    242.000 0.0000e+00
    242.474    18.1533   4.585940          1    34.7424      0.034     6.0043      7.861      98.60     -0.845      -0.08      92852   3868.781    34.7458    25.0395    1519.98    241.000 0.0000e+00
    241.467    18.1807   4.588668          1    34.7425      0.037     5.9887      7.861      98.71     -0.952      -0.10      92876   3869.795    34.7461    25.0330    1520.04    240.000 0.0000e+00
    240.460    18.1892   4.589526          1    34.7433      0.033     6.0175      7.861      98.71     -0.970       0.07      92902   3870.886    34.7466    25.0312    1520.05    239.000 0.0000e+00
    239.453    18.2125   4.591840          1    34.7437      0.040     6.0183      7.861      88.67     -0.718       0.19      92939   3872.412    34.7469    25.0257    1520.10    238.000 0.0000e+00
    238.447    18.2339   4.593994          1    34.7446      0.033     6.0293      7.861      99.02     -0.472       0.01      92988   3874.452    34.7474    25.0208    1520.15    237.000 0.0000e+00
    237.440    18.2396   4.594508          1    34.7449      0.035     6.0483      7.861      98.71     -0.617      -0.20      93024   3875.972    34.7473    25.0192    1520.15    236.000 0.0000e+00
    236.433    18.2593   4.596479          1    34.7452      0.036     6.0286      7.861      98.71     -0.871      -0.28      93048   3876.969    34.7477    25.0147    1520.19    235.000 0.0000e+00
    235.427    18.2796   4.598539          1    34.7456      0.044     6.0347      7.860      82.40     -1.085      -0.21      93069   3877.819    34.7484    25.0102    1520.23    234.000 0.0000e+00
    234.420    18.2947   4.600029          1    34.7458      0.036     6.0369      7.860      93.50     -1.192      -0.05      93089   3878.659    34.7486    25.0066    1520.26    233.000 0.0000e+00
    233.413    18.2997   4.600511          1    34.7462      0.038     6.0362      7.860      98.63     -1.166       0.10      93111   3879.572    34.7487    25.0054    1520.26    232.000 0.0000e+00
    232.407    18.3007   4.600579          1    34.7466      0.036     6.0446      7.860      98.71     -1.010       0.17      93137   3880.664    34.7489    25.0053    1520.24    231.000 0.0000e+00
    231.400    18.3101   4.601400          1    34.7464      0.037     6.0348      7.860      93.25     -0.481       0.21      93190   3882.877    34.7482    25.0024    1520.25    230.000 0.0000e+00
    230.393    18.3115   4.601448          1    34.7466      0.037     6.0778      7.860      99.15     -0.363      -0.37      93254   3885.551    34.7478    25.0018    1520.24    229.000 0.0000e+00
    229.387    18.3149   4.601768          1    34.7468      0.036     6.0599      7.860      98.71     -0.820      -0.52      93275   3886.407    34.7480    25.0011    1520.23    228.000 0.0000e+00
    228.380    18.3254   4.602850          1    34.7473      0.047     6.0497      7.860      68.94     -1.165      -0.45      93292   3887.113    34.7487    24.9990    1520.25    227.000 0.0000e+00
    227.374    18.3294   4.603218          1    34.7475      0.049     6.0435      7.860      69.03     -1.403      -0.24      93308   3887.790    34.7488    24.9981    1520.24    226.000 0.0000e+00
    226.367    18.3307   4.603273          1    34.7474      0.037     6.0377      7.860      98.33     -1.444       0.10      93326   3888.553    34.7485    24.9975    1520.23    225.000 0.0000e+00
    225.360    18.3291   4.603046          1    34.7473      0.037     6.0406      7.860      98.71     -1.184       0.33      93350   3889.559    34.7483    24.9978    1520.21    224.000 0.0000e+00
    224.354    18.3394   4.604087          1    34.7477      0.036     6.0481      7.860      98.71     -0.756       0.22      93385   3891.017    34.7488    24.9956    1520.22    223.000 0.0000e+00
    223.347    18.4485   4.615594          1    34.7510      0.037     6.0526      7.860      98.71     -0.520       0.09      93433   3892.995    34.7542    24.9725    1520.53    222.000 0.0000e+00
    222.340    18.5791   4.628662          1    34.7498      0.042     6.0540      7.859      94.75     -0.405      -0.09      93488   3895.287    34.7547    24.9402    1520.89    221.000 0.0000e+00
    221.334    18.5620   4.627093          1    34.7522      0.038     6.1166      7.859      98.80     -0.701      -0.32      93517   3896.511    34.7562    24.9456    1520.82    220.000 0.0000e+00
    220.327    18.5904   4.629830          1    34.7516      0.036     6.1223      7.859      98.71     -0.975      -0.26      93539   3897.418    34.7557    24.9381    1520.89    219.000 0.0000e+00
    219.321    18.6005   4.630821          1    34.7521      0.037     6.1373      7.859      98.71     -1.140      -0.12      93559   3898.267    34.7559    24.9357    1520.90    218.000 0.0000e+00
    218.314    18.6198   4.632739          1    34.7524      0.037     6.1142      7.859      98.71     -1.177       0.01      93580   3899.136    34.7562    24.9310    1520.94    217.000 0.0000e+00
    217.307    18.6439   4.635103          1    34.7521      0.045     6.0969      7.859      98.71     -1.138       0.07      93602   3900.053    34.7561    24.9249    1520.99    216.000 0.0000e+00
    216.301    18.6643   4.637115          1    34.7524      0.040     6.1489      7.859      98.71     -1.032       0.13      93627   3901.103    34.7562    24.9199    1521.03    215.000 0.0000e+00
    215.294    18.6773   4.638385          1    34.7529      0.040     6.1594      7.858      98.71     -0.796       0.18      93661   3902.484    34.7563    24.9167    1521.05    214.000 0.0000e+00
    214.288    18.7523   4.646085          1    34.7540      0.037     6.1376      7.858      98.71     -0.460       0.11      93712   3904.634    34.7583    24.8992    1521.26    213.000 0.0000e+00
    213.281    18.7819   4.648985          1    34.7544      0.042     6.1728      7.858      98.71     -0.462      -0.18      93763   3906.745    34.7581    24.8916    1521.32    212.000 0.0000e+00
    212.275    18.8176   4.652660          1    34.7553      0.039     6.1789      7.858      98.71     -0.760      -0.33      93789   3907.834    34.7592    24.8835    1521.41    211.000 0.0000e+00
    211.268    18.8483   4.655745          1    34.7555      0.039     6.1615      7.857      98.71     -1.048      -0.36      93808   3908.634    34.7597    24.8761    1521.48    210.000 0.0000e+00
    210.261    18.8683   4.657722          1    34.7555      0.038     6.1656      7.857      98.71     -1.272      -0.24      93826   3909.360    34.7598    24.8711    1521.52    209.000 0.0000e+00
    209.255    18.8792   4.658842          1    34.7563      0.037     6.1932      7.857      98.71     -1.371      -0.02      93844   3910.110    34.7604    24.8688    1521.54    208.000 0.0000e+00
    208.248    18.8891   4.659774          1    34.7565      0.038     6.2070      7.857      98.71     -1.232       0.26      93867   3911.068    34.7603    24.8661    1521.55    207.000 0.0000e+00
    207.242    18.8701   4.657827          1    34.7576      0.039     6.1878      7.856      98.71     -0.620       0.28      93909   3912.824    34.7603    24.8710    1521.48    206.000 0.0000e+00
    206.235    18.8954   4.660358          1    34.7580      0.047     6.1952      7.856      78.93     -0.525      -0.17      93953   3914.672    34.7606    24.8648    1521.53    205.000 0.0000e+00
    205.229    18.9212   4.662960          1    34.7583      0.037     6.1727      7.856      98.19     -0.740      -0.09      93985   3915.984    34.7611    24.8586    1521.59    204.000 0.0000e+00
    204.222    18.9372   4.664523          1    34.7586      0.037     6.2142      7.855      98.71     -0.697       0.10      94020   3917.478    34.7611    24.8545    1521.62    203.000 0.0000e+00
    203.216    18.9441   4.665183          1    34.7589      0.055     6.1976      7.855      55.32     -0.659      -0.11      94055   3918.912    34.7612    24.8528    1521.62    202.000 0.0000e+00
    202.209    18.9996   4.671058          1    34.7608      0.037     6.1748      7.855      99.86     -0.869      -0.28      94079   3919.903    34.7641    24.8410    1521.77    201.000 0.0000e+00
    201.203    19.0755   4.678975          1    34.7623      0.035     6.1360      7.855      98.71     -1.097      -0.23      94099   3920.740    34.7670    24.8238    1521.97    200.000 0.0000e+00
    200.196    19.0923   4.680626          1    34.7625      0.038     6.1679      7.855      98.71     -1.187       0.01      94120   3921.617    34.7670    24.8195    1522.00    199.000 0.0000e+00
    199.190    19.1116   4.682508          1    34.7626      0.038     6.2581      7.854      98.71     -1.021       0.23      94147   3922.732    34.7670    24.8146    1522.04    198.000 0.0000e+00
    198.183    19.1570   4.687204          1    34.7642      0.038     6.2530      7.854      98.71     -0.629       0.18      94187   3924.422    34.7684    24.8040    1522.15    197.000 0.0000e+00
    197.177    19.1626   4.687954          1    34.7666      0.039     6.2725      7.853      93.98     -0.530      -0.09      94231   3926.249    34.7703    24.8041    1522.16    196.000 0.0000e+00
    196.170    19.2417   4.696078          1    34.7676      0.040     6.2647      7.853      98.76     -0.723      -0.17      94262   3927.534    34.7721    24.7851    1522.37    195.000 0.0000e+00
    195.164    19.2867   4.700584          1    34.7673      0.041     6.2652      7.853      98.71     -0.882      -0.11      94288   3928.625    34.7723    24.7737    1522.48    194.000 0.0000e+00
    194.157    19.3100   4.702900          1    34.7676      0.046     6.3045      7.853      78.56     -0.940       0.00      94314   3929.699    34.7725    24.7679    1522.53    193.000 0.0000e+00
    193.151    19.3369   4.705524          1    34.7674      0.043     6.3214      7.852      93.96     -0.904       0.04      94341   3930.834    34.7721    24.7607    1522.58    192.000 0.0000e+00
    192.144    19.3514   4.706890          1    34.7676      0.038     6.3077      7.852      98.65     -0.854       0.05      94370   3932.045    34.7718    24.7567    1522.61    191.000 0.0000e+00
    191.138    19.3909   4.710866          1    34.7676      0.048     6.3231      7.852      94.44     -0.787       0.04      94401   3933.338    34.7722    24.7468    1522.70    190.000 0.0000e+00
    190.132    19.4326   4.714838          1    34.7661      0.055     6.3051      7.852      62.65     -0.792      -0.04      94431   3934.583    34.7706    24.7348    1522.80    189.000 0.0000e+00
    189.125    19.4538   4.716757          1    34.7648      0.038     6.3579      7.851      98.15     -0.853      -0.05      94459   3935.732    34.7692    24.7282    1522.84    188.000 0.0000e+00
    188.119    19.4661   4.717949          1    34.7651      0.040     6.3843      7.851      98.71     -0.872       0.04      94487   3936.921    34.7692    24.7251    1522.86    187.000 0.0000e+00
    187.112    19.4881   4.719991          1    34.7644      0.038     6.3919      7.850      98.71     -0.714       0.12      94523   3938.397    34.7681    24.7185    1522.90    186.000 0.0000e+00
    186.106    19.4942   4.720591          1    34.7652      0.046     6.4073      7.850      98.71     -0.631      -0.03      94560   3939.961    34.7684    24.7172    1522.91    185.000 0.0000e+00
    185.099    19.5351   4.724606          1    34.7645      0.045     6.4138      7.849      92.46     -0.730      -0.10      94592   3941.278    34.7679    24.7062    1523.00    184.000 0.0000e+00
