src/interpolation/Data/CTD/04w4h.cnv
* Sea-Bird SBE 9 Data File:
* FileName = E:\HOBAB2\w4.hex
* Software Version Seasave V 7.22.1
* Temperature SN = 5330
* Conductivity SN = 3693
* Number of Bytes Per Scan = 24
* Number of Voltage Words = 4
* Number of Scans Averaged by the Deck Unit = 1
* NMEA baud rate = 9600
# nquan = 18
# nvalues = 1951                        
# units = specified
# name 0 = prDM: Pressure, Digiquartz [db]
# name 1 = t090C: Temperature [ITS-90, deg C]
# name 2 = c0S/m: Conductivity [S/m]
# name 3 = pumps: Pump Status
# name 4 = sal00: Salinity, Practical [PSU]
# name 5 = seaTurbMtr: Turbidity, Seapoint [FTU]
# name 6 = sbeox0Mg/L: Oxygen, SBE 43 [mg/l]
# name 7 = ph: pH
# name 8 = altM: Altimeter [m]
# name 9 = dz/dtM: Descent Rate [m/s]
# name 10 = accM: Acceleration [m/s^2]
# name 11 = scan: Scan Count
# name 12 = timeS: Time, Elapsed [seconds]
# name 13 = sal00: Salinity, Practical [PSU]
# name 14 = sigma-t00: Density [sigma-t, kg/m^3 ]
# name 15 = svCM: Sound Velocity [Chen-Millero, m/s]
# name 16 = depSM: Depth [salt water, m], lat = 0
# name 17 = flag: flag
# span 0 =      1.006,    990.789       
# span 1 =     4.6058,    22.4242       
# span 2 =   3.301075,   5.010755       
# span 3 =          1,          1       
# span 4 =    34.2709,    34.8001       
# span 5 =      0.026,      0.183       
# span 6 =     2.3434,     7.0638       
# span 7 =      7.606,      8.051       
# span 8 =       1.55,     102.46       
# span 9 =     -1.444,      1.207       
# span 10 =      -0.52,       0.35      
# span 11 =      16509,     103435      
# span 12 =    687.823,   4309.732      
# span 13 =    34.2645,    34.8015      
# span 14 =    23.9221,    27.2325      
# span 15 =    1483.99,    1527.99      
# span 16 =      1.000,    983.000      
# span 17 = 0.0000e+00, 0.0000e+00      
# interval = meters: 1                  
# start_time = Apr 16 2014 23:04:39 [System UTC, header]
# bad_flag = -9.990e-29
*END*
[from data line 563]
    582.010     8.5201   3.631350          1    34.3223      0.051     3.8117      8.029      79.26      0.659      -0.11      49562   2065.027    34.3205    26.6614    1493.17    578.000 0.0000e+00
    583.018     8.5096   3.630620          1    34.3245      0.046     3.7755      8.027      99.05      0.675       0.10      49596   2066.463    34.3226    26.6646    1493.15    579.000 0.0000e+00
    584.027     8.5055   3.630283          1    34.3242      0.054     3.7393      8.026      92.71      0.751      -0.02      49629   2067.824    34.3225    26.6651    1493.15    580.000 0.0000e+00
    585.035     8.4927   3.629077          1    34.3235      0.064     3.7150      8.025      72.85      0.630      -0.07      49668   2069.445    34.3217    26.6665    1493.12    581.000 0.0000e+00
    586.043     8.4401   3.624239          1    34.3238      0.054     3.7141      8.024      98.72      0.640       0.08      49705   2070.980    34.3212    26.6742    1492.94    582.000 0.0000e+00
    587.052     8.4084   3.621102          1    34.3217      0.066     3.7214      8.024      68.96      0.722       0.01      49738   2072.373    34.3183    26.6768    1492.83    583.000 0.0000e+00
    588.060     8.3341   3.614085          1    34.3203      0.064     3.7164      8.023      80.30      0.692      -0.02      49773   2073.833    34.3158    26.6862    1492.57    584.000 0.0000e+00
    589.068     8.3106   3.611901          1    34.3194      0.052     3.7037      8.023      99.07      0.743       0.10      49804   2075.129    34.3150    26.6891    1492.49    585.000 0.0000e+00
    590.077     8.2931   3.610280          1    34.3186      0.060     3.7017      8.024      89.61      0.865       0.12      49831   2076.231    34.3143    26.6912    1492.44    586.000 0.0000e+00
    591.085     8.2635   3.607460          1    34.3173      0.049     3.6942      8.024      98.64      0.962       0.05      49855   2077.262    34.3128    26.6945    1492.35    587.000 0.0000e+00
    592.094     8.2421   3.605466          1    34.3163      0.053     3.6874      8.025      98.71      0.913      -0.12      49884   2078.444    34.3119    26.6971    1492.28    588.000 0.0000e+00
    593.102     8.2276   3.604186          1    34.3157      0.060     3.6845      8.026      86.64      0.553      -0.17      49929   2080.349    34.3120    26.6994    1492.24    589.000 0.0000e+00
    594.110     8.2241   3.603912          1    34.3147      0.047     3.6875      8.027      99.43      0.410       0.08      49986   2082.710    34.3120    26.6999    1492.25    590.000 0.0000e+00
    595.119     8.2163   3.603228          1    34.3143      0.062     3.6894      8.028      57.83      0.634       0.23      50021   2084.153    34.3119    26.7010    1492.24    591.000 0.0000e+00
    596.127     8.2100   3.602688          1    34.3141      0.050     3.6927      8.028      87.75      0.905       0.27      50044   2085.120    34.3118    26.7019    1492.23    592.000 0.0000e+00
    597.136     8.1549   3.597191          1    34.3105      0.049     3.6866      8.029      98.56      1.087       0.13      50065   2086.009    34.3066    26.7061    1492.03    593.000 0.0000e+00
    598.144     7.9808   3.581133          1    34.3125      0.046     3.6958      8.030      98.71      1.107      -0.06      50088   2086.964    34.3047    26.7306    1491.38    594.000 0.0000e+00
    599.153     7.8853   3.572600          1    34.3154      0.047     3.6868      8.030      98.71      0.952      -0.18      50116   2088.121    34.3062    26.7460    1491.04    595.000 0.0000e+00
    600.161     7.8651   3.570851          1    34.3147      0.047     3.6198      8.031      98.71      0.625      -0.18      50157   2089.850    34.3069    26.7494    1490.98    596.000 0.0000e+00
    601.169     7.8506   3.569644          1    34.3136      0.047     3.5576      8.033      91.58      0.413       0.03      50213   2092.175    34.3076    26.7521    1490.94    597.000 0.0000e+00
    602.178     7.8483   3.569478          1    34.3124      0.042     3.5625      8.034      98.95      0.568       0.15      50254   2093.893    34.3076    26.7525    1490.95    598.000 0.0000e+00
    603.186     7.8317   3.568040          1    34.3124      0.045     3.5743      8.035      95.36      0.784       0.21      50282   2095.044    34.3080    26.7552    1490.91    599.000 0.0000e+00
    604.195     7.8264   3.567641          1    34.3125      0.063     3.5756      8.035      58.21      0.974       0.17      50305   2096.006    34.3084    26.7563    1490.90    600.000 0.0000e+00
    605.203     7.8186   3.566988          1    34.3123      0.046     3.5722      8.036      98.00      1.065       0.01      50328   2096.963    34.3086    26.7576    1490.89    601.000 0.0000e+00
    606.212     7.8198   3.567180          1    34.3121      0.046     3.5649      8.037      98.35      0.932      -0.19      50357   2098.161    34.3089    26.7577    1490.91    602.000 0.0000e+00
    607.220     7.8195   3.567206          1    34.3115      0.044     3.5570      8.038      98.71      0.657      -0.10      50395   2099.736    34.3091    26.7578    1490.93    603.000 0.0000e+00
    608.229     7.8135   3.566700          1    34.3112      0.054     3.5635      8.039      87.27      0.601      -0.03      50435   2101.436    34.3091    26.7587    1490.92    604.000 0.0000e+00
    609.237     7.8100   3.566447          1    34.3110      0.042     3.5671      8.040      98.80      0.528       0.01      50480   2103.300    34.3093    26.7594    1490.93    605.000 0.0000e+00
    610.246     7.8071   3.566215          1    34.3107      0.042     3.5605      8.040      98.72      0.673       0.19      50514   2104.692    34.3092    26.7598    1490.93    606.000 0.0000e+00
    611.254     7.8019   3.565801          1    34.3108      0.044     3.5600      8.040      98.71      0.871       0.15      50539   2105.767    34.3094    26.7607    1490.93    607.000 0.0000e+00
    612.263     7.7938   3.565080          1    34.3105      0.051     3.5545      8.039      82.27      0.921      -0.07      50567   2106.917    34.3091    26.7617    1490.91    608.000 0.0000e+00
    613.271     7.7864   3.564488          1    34.3109      0.047     3.5555      8.040      98.63      0.681      -0.15      50604   2108.462    34.3095    26.7631    1490.90    609.000 0.0000e+00
    614.280     7.7917   3.565030          1    34.3107      0.044     3.5393      8.039      98.72      0.648       0.09      50640   2109.962    34.3097    26.7624    1490.94    610.000 0.0000e+00
    615.288     7.7838   3.564314          1    34.3102      0.047     3.5593      8.039      98.71      0.764       0.05      50671   2111.257    34.3092    26.7632    1490.93    611.000 0.0000e+00
    616.297     7.7644   3.562563          1    34.3103      0.057     3.5573      8.040      83.31      0.760      -0.03      50703   2112.597    34.3090    26.7659    1490.87    612.000 0.0000e+00
    617.305     7.7528   3.561576          1    34.3107      0.046     3.5512      8.040      98.47      0.753       0.01      50735   2113.937    34.3093    26.7678    1490.84    613.000 0.0000e+00
    618.314     7.7431   3.560690          1    34.3102      0.046     3.5416      8.041      94.08      0.679      -0.10      50773   2115.485    34.3088    26.7688    1490.82    614.000 0.0000e+00
    619.322     7.7370   3.560198          1    34.3102      0.052     3.5330      8.043      79.60      0.491      -0.02      50820   2117.461    34.3091    26.7699    1490.81    615.000 0.0000e+00
    620.331     7.7162   3.558223          1    34.3093      0.045     3.5304      8.042      98.66      0.642       0.24      50854   2118.888    34.3077    26.7719    1490.75    616.000 0.0000e+00
    621.339     7.6953   3.556384          1    34.3099      0.048     3.5316      8.043      98.71      0.913       0.27      50877   2119.848    34.3079    26.7751    1490.69    617.000 0.0000e+00
    622.348     7.6866   3.555622          1    34.3098      0.044     3.5344      8.043      98.71      1.079       0.06      50900   2120.783    34.3079    26.7763    1490.67    618.000 0.0000e+00
    623.356     7.6808   3.555102          1    34.3093      0.051     3.5124      8.044      87.13      0.865      -0.26      50932   2122.118    34.3075    26.7769    1490.66    619.000 0.0000e+00
    624.365     7.6694   3.554085          1    34.3088      0.048     3.4984      8.045      94.54      0.554       0.02      50974   2123.857    34.3072    26.7783    1490.64    620.000 0.0000e+00
    625.373     7.6628   3.553522          1    34.3087      0.052     3.5017      8.045      98.66      0.694       0.07      51008   2125.273    34.3071    26.7792    1490.63    621.000 0.0000e+00
    626.382     7.6502   3.552338          1    34.3080      0.060     3.5032      8.046      69.94      0.669      -0.08      51045   2126.826    34.3064    26.7804    1490.60    622.000 0.0000e+00
    627.390     7.6061   3.548213          1    34.3072      0.045     3.5077      8.047      99.59      0.598       0.05      51084   2128.465    34.3047    26.7855    1490.44    623.000 0.0000e+00
    628.399     7.5739   3.545332          1    34.3077      0.048     3.4926      8.048      98.71      0.739       0.13      51115   2129.751    34.3048    26.7902    1490.34    624.000 0.0000e+00
    629.408     7.5291   3.541230          1    34.3077      0.046     3.4774      8.048      98.71      0.842       0.02      51144   2130.949    34.3040    26.7961    1490.18    625.000 0.0000e+00
    630.416     7.4920   3.537887          1    34.3081      0.046     3.4561      8.048      98.34      0.785      -0.05      51175   2132.261    34.3040    26.8014    1490.06    626.000 0.0000e+00
    631.425     7.4693   3.535873          1    34.3081      0.061     3.4480      8.049      76.38      0.774       0.03      51206   2133.545    34.3041    26.8047    1489.98    627.000 0.0000e+00
    632.433     7.4611   3.535176          1    34.3077      0.047     3.4309      8.049      98.37      0.801      -0.01      51237   2134.814    34.3042    26.8059    1489.97    628.000 0.0000e+00
    633.442     7.4573   3.534882          1    34.3072      0.047     3.4212      8.050      98.71      0.725      -0.08      51271   2136.245    34.3042    26.8065    1489.97    629.000 0.0000e+00
    634.451     7.4406   3.533353          1    34.3066      0.047     3.4206      8.051      98.71      0.682       0.00      51306   2137.728    34.3037    26.8084    1489.92    630.000 0.0000e+00
    635.459     7.4198   3.531456          1    34.3060      0.051     3.4164      8.051      93.66      0.617      -0.07      51346   2139.388    34.3031    26.8109    1489.86    631.000 0.0000e+00
    636.468     7.3592   3.525792          1    34.3049      0.050     3.4247      8.050      98.80      0.608       0.09      51385   2140.985    34.3010    26.8179    1489.64    632.000 0.0000e+00
    637.476     7.3192   3.521833          1    34.3019      0.060     3.4124      8.048      67.28      0.773       0.15      51414   2142.209    34.2969    26.8204    1489.50    633.000 0.0000e+00
    638.485     7.1800   3.508939          1    34.3010      0.054     3.3988      8.047      84.68      0.881       0.03      51441   2143.342    34.2938    26.8374    1488.97    634.000 0.0000e+00
    639.494     7.1704   3.508078          1    34.3000      0.046     3.3804      8.044      98.59      0.847      -0.06      51471   2144.573    34.2934    26.8385    1488.95    635.000 0.0000e+00
    640.502     7.1536   3.506405          1    34.2974      0.047     3.3516      8.041      98.71      0.763      -0.05      51503   2145.925    34.2913    26.8392    1488.90    636.000 0.0000e+00
    641.511     7.0355   3.494929          1    34.2905      0.057     3.3341      8.038      98.71      0.712      -0.01      51537   2147.353    34.2823    26.8485    1488.45    637.000 0.0000e+00
    642.520     6.8866   3.481325          1    34.2912      0.058     3.3271      8.033      80.03      0.663      -0.05      51574   2148.893    34.2805    26.8675    1487.89    638.000 0.0000e+00
    643.528     6.8508   3.478045          1    34.2892      0.043     3.2979      8.029      99.01      0.674       0.07      51609   2150.336    34.2796    26.8717    1487.76    639.000 0.0000e+00
    644.537     6.8067   3.474119          1    34.2889      0.044     3.2519      8.024      98.71      0.778       0.04      51640   2151.617    34.2798    26.8779    1487.61    640.000 0.0000e+00
    645.545     6.7771   3.471545          1    34.2887      0.056     3.2256      8.019      67.10      0.706      -0.09      51675   2153.099    34.2804    26.8823    1487.51    641.000 0.0000e+00
    646.554     6.7604   3.470115          1    34.2879      0.041     3.2156      8.015      99.18      0.639       0.05      51712   2154.626    34.2808    26.8849    1487.46    642.000 0.0000e+00
    647.563     6.7339   3.467768          1    34.2875      0.042     3.2127      8.011      98.71      0.779       0.13      51741   2155.846    34.2809    26.8885    1487.37    643.000 0.0000e+00
    648.571     6.7131   3.466009          1    34.2879      0.041     3.2025      8.008      98.71      0.875       0.02      51769   2157.000    34.2816    26.8919    1487.31    644.000 0.0000e+00
    649.580     6.6995   3.464869          1    34.2877      0.050     3.2042      8.001      92.29      0.777      -0.12      51802   2158.370    34.2821    26.8941    1487.27    645.000 0.0000e+00
    650.589     6.6933   3.464384          1    34.2871      0.048     3.1925      8.001      84.61      0.639      -0.02      51839   2159.925    34.2825    26.8953    1487.27    646.000 0.0000e+00
    651.598     6.6896   3.464121          1    34.2868      0.045     3.1946      7.992      98.82      0.749       0.15      51869   2161.177    34.2828    26.8961    1487.27    647.000 0.0000e+00
    652.606     6.6811   3.463398          1    34.2863      0.040     3.1926      7.994      98.71      0.870       0.03      51897   2162.338    34.2828    26.8971    1487.25    648.000 0.0000e+00
    653.615     6.6766   3.463065          1    34.2862      0.051     3.1846      7.987      70.15      0.733      -0.15      51932   2163.808    34.2832    26.8980    1487.25    649.000 0.0000e+00
    654.624     6.6699   3.462494          1    34.2856      0.042     3.1754      7.973      99.27      0.557       0.00      51975   2165.574    34.2830    26.8988    1487.24    650.000 0.0000e+00
    655.632     6.6650   3.462126          1    34.2856      0.041     3.1731      7.982      98.71      0.676       0.13      52009   2166.999    34.2834    26.8998    1487.24    651.000 0.0000e+00
    656.641     6.6640   3.462081          1    34.2853      0.045     3.1793      7.975      98.71      0.800       0.06      52039   2168.231    34.2834    26.8999    1487.25    652.000 0.0000e+00
    657.650     6.6603   3.461799          1    34.2851      0.038     3.1754      7.975      98.71      0.814      -0.02      52068   2169.477    34.2834    26.9004    1487.25    653.000 0.0000e+00
    658.658     6.6566   3.461481          1    34.2847      0.043     3.1735      7.974      88.29      0.838       0.08      52096   2170.626    34.2832    26.9007    1487.26    654.000 0.0000e+00
    659.667     6.6498   3.460921          1    34.2848      0.042     3.1743      7.976      98.65      0.948       0.11      52120   2171.640    34.2833    26.9017    1487.25    655.000 0.0000e+00
    660.676     6.6459   3.460623          1    34.2847      0.041     3.1785      7.976      98.66      0.969      -0.08      52147   2172.745    34.2834    26.9023    1487.25    656.000 0.0000e+00
    661.685     6.6441   3.460496          1    34.2844      0.055     3.1739      7.969      77.59      0.449      -0.19      52199   2174.920    34.2833    26.9025    1487.26    657.000 0.0000e+00
