src/interpolation/Data/CTD/04w4h.cnv
* Sea-Bird SBE 9 Data File:
* FileName = E:\HOBAB2\w4.hex
* Software Version Seasave V 7.22.1
* Temperature SN = 5330
* Conductivity SN = 3693
* Number of Bytes Per Scan = 24
* Number of Voltage Words = 4
* Number of Scans Averaged by the Deck Unit = 1
* NMEA baud rate = 9600
# nquan = 18
# nvalues = 1951                        
# units = specified
# name 0 = prDM: Pressure, Digiquartz [db]
# name 1 = t090C: Temperature [ITS-90, deg C]
# name 2 = c0S/m: Conductivity [S/m]
# name 3 = pumps: Pump Status
# name 4 = sal00: Salinity, Practical [PSU]
# name 5 = seaTurbMtr: Turbidity, Seapoint [FTU]
# name 6 = sbeox0Mg/L: Oxygen, SBE 43 [mg/l]
# name 7 = ph: pH
# name 8 = altM: Altimeter [m]
# name 9 = dz/dtM: Descent Rate [m/s]
# name 10 = accM: Acceleration [m/s^2]
# name 11 = scan: Scan Count
# name 12 = timeS: Time, Elapsed [seconds]
# name 13 = sal00: Salinity, Practical [PSU]
# name 14 = sigma-t00: Density [sigma-t, kg/m^3 ]
# name 15 = svCM: Sound Velocity [Chen-Millero, m/s]
# name 16 = depSM: Depth [salt water, m], lat = 0
# name 17 = flag: flag
# span 0 =      1.006,    990.789       
# span 1 =     4.6058,    22.4242       
# span 2 =   3.301075,   5.010755       
# span 3 =          1,          1       
# span 4 =    34.2709,    34.8001       
# span 5 =      0.026,      0.183       
# span 6 =     2.3434,     7.0638       
# span 7 =      7.606,      8.051       
# span 8 =       1.55,     102.46       
# span 9 =     -1.444,      1.207       
# span 10 =      -0.52,       0.35      
# span 11 =      16509,     103435      
# span 12 =    687.823,   4309.732      
# span 13 =    34.2645,    34.8015      
# span 14 =    23.9221,    27.2325      
# span 15 =    1483.99,    1527.99      
# span 16 =      1.000,    983.000      
# span 17 = 0.0000e+00, 0.0000e+00      
# interval = meters: 1                  
# start_time = Apr 16 2014 23:04:39 [System UTC, header]
# bad_flag = -9.990e-29
*END*
[from data line 1046]
    911.999     4.8126   3.315260          1    34.3737      0.042     2.4011      7.961      98.71     -1.110       0.10      68262   2844.220    34.3744    27.2006    1484.17    905.000 0.0000e+00
    910.989     4.8167   3.315550          1    34.3733      0.051     2.4135      7.961      85.16     -0.910       0.18      68291   2845.437    34.3741    27.1999    1484.17    904.000 0.0000e+00
    909.979     4.8041   3.314451          1    34.3746      0.044     2.4184      7.961      98.30     -0.392       0.16      68351   2847.919    34.3749    27.2020    1484.10    903.000 0.0000e+00
    908.969     4.8126   3.315164          1    34.3744      0.056     2.4130      7.961      83.43     -0.422      -0.37      68414   2850.540    34.3749    27.2010    1484.12    902.000 0.0000e+00
    907.959     4.8614   3.319239          1    34.3708      0.043     2.4084      7.960      98.33     -0.822      -0.33      68438   2851.531    34.3723    27.1935    1484.30    901.000 0.0000e+00
    906.949     4.8771   3.320477          1    34.3689      0.042     2.4105      7.961      98.68     -1.064      -0.22      68459   2852.401    34.3709    27.1906    1484.35    900.000 0.0000e+00
    905.940     4.8801   3.320680          1    34.3689      0.039     2.4160      7.961      98.71     -1.158      -0.00      68480   2853.293    34.3708    27.1901    1484.34    899.000 0.0000e+00
    904.930     4.8756   3.320231          1    34.3691      0.038     2.4315      7.961      98.71     -0.996       0.23      68508   2854.444    34.3706    27.1905    1484.31    898.000 0.0000e+00
    903.920     4.8675   3.319530          1    34.3705      0.054     2.4433      7.961      89.62     -0.545       0.17      68554   2856.362    34.3714    27.1920    1484.26    897.000 0.0000e+00
    902.910     4.8707   3.319734          1    34.3702      0.040     2.4398      7.961      98.95     -0.434      -0.04      68609   2858.664    34.3710    27.1913    1484.26    896.000 0.0000e+00
    901.900     4.8847   3.320885          1    34.3695      0.040     2.4309      7.962      94.20     -0.567      -0.14      68650   2860.383    34.3704    27.1893    1484.30    895.000 0.0000e+00
    900.890     4.9017   3.322263          1    34.3680      0.044     2.4305      7.962      84.88     -0.779      -0.20      68678   2861.557    34.3693    27.1865    1484.35    894.000 0.0000e+00
    899.880     4.9168   3.323480          1    34.3668      0.038     2.4350      7.963      98.55     -0.942      -0.08      68703   2862.601    34.3683    27.1840    1484.39    893.000 0.0000e+00
    898.870     4.9279   3.324376          1    34.3662      0.039     2.4419      7.965      98.71     -0.890       0.12      68733   2863.819    34.3678    27.1823    1484.42    892.000 0.0000e+00
    897.861     4.9143   3.323192          1    34.3676      0.038     2.4477      7.970      91.66     -0.620       0.14      68773   2865.506    34.3686    27.1845    1484.35    891.000 0.0000e+00
    896.851     4.9109   3.322869          1    34.3682      0.039     2.4574      7.975      94.18     -0.561      -0.08      68815   2867.254    34.3689    27.1851    1484.32    890.000 0.0000e+00
    895.841     4.9380   3.325083          1    34.3660      0.039     2.4473      7.978      98.58     -0.708      -0.08      68849   2868.647    34.3671    27.1806    1484.41    889.000 0.0000e+00
    894.831     4.9472   3.325786          1    34.3650      0.043     2.4460      7.980      98.71     -0.665       0.08      68886   2870.201    34.3662    27.1788    1484.43    888.000 0.0000e+00
    893.821     4.9498   3.325955          1    34.3649      0.039     2.4603      7.983      82.33     -0.664      -0.10      68921   2871.658    34.3660    27.1784    1484.42    887.000 0.0000e+00
    892.811     4.9534   3.326215          1    34.3648      0.038     2.4534      7.986      98.07     -0.787      -0.04      68951   2872.927    34.3658    27.1778    1484.42    886.000 0.0000e+00
    891.801     4.9539   3.326197          1    34.3648      0.038     2.4559      7.988      98.70     -0.662       0.12      68990   2874.524    34.3656    27.1776    1484.41    885.000 0.0000e+00
    890.792     4.9538   3.326138          1    34.3649      0.042     2.4540      7.991      84.57     -0.542      -0.03      69033   2876.337    34.3655    27.1775    1484.39    884.000 0.0000e+00
    889.782     4.9671   3.327222          1    34.3641      0.035     2.4526      7.992      98.55     -0.673      -0.14      69067   2877.765    34.3649    27.1755    1484.43    883.000 0.0000e+00
    888.772     4.9770   3.327983          1    34.3629      0.036     2.4592      7.993      98.71     -0.823      -0.12      69095   2878.926    34.3640    27.1736    1484.45    882.000 0.0000e+00
    887.762     4.9817   3.328337          1    34.3627      0.036     2.4655      7.994      98.71     -0.911      -0.03      69122   2880.029    34.3637    27.1729    1484.45    881.000 0.0000e+00
    886.752     4.9788   3.328043          1    34.3631      0.038     2.4717      7.992      87.51     -0.803       0.16      69155   2881.398    34.3639    27.1733    1484.42    880.000 0.0000e+00
    885.743     4.9713   3.327360          1    34.3638      0.036     2.4684      7.999      99.70     -0.346       0.05      69213   2883.823    34.3641    27.1744    1484.37    879.000 0.0000e+00
    884.733     4.9812   3.328146          1    34.3630      0.039     2.4627      8.000      98.72     -0.604      -0.25      69251   2885.423    34.3635    27.1728    1484.40    878.000 0.0000e+00
    883.723     4.9859   3.328495          1    34.3627      0.040     2.4593      8.001      90.26     -0.840      -0.14      69278   2886.548    34.3632    27.1720    1484.40    877.000 0.0000e+00
    882.713     4.9887   3.328680          1    34.3624      0.039     2.4615      8.001      89.74     -0.857       0.08      69308   2887.787    34.3630    27.1715    1484.39    876.000 0.0000e+00
    881.703     4.9900   3.328728          1    34.3622      0.034     2.4635      8.002      98.83     -0.688       0.07      69343   2889.270    34.3628    27.1712    1484.38    875.000 0.0000e+00
    880.694     4.9935   3.328991          1    34.3622      0.039     2.4739      8.003      87.92     -0.735      -0.11      69375   2890.583    34.3627    27.1707    1484.38    874.000 0.0000e+00
    879.684     4.9979   3.329316          1    34.3619      0.048     2.4718      8.003      72.53     -0.834      -0.03      69404   2891.778    34.3624    27.1700    1484.38    873.000 0.0000e+00
    878.674     4.9958   3.329095          1    34.3621      0.035     2.4714      8.005      96.44     -0.614       0.20      69446   2893.541    34.3625    27.1703    1484.35    872.000 0.0000e+00
    877.664     4.9945   3.328941          1    34.3623      0.034     2.4683      8.006      98.72     -0.382      -0.21      69503   2895.900    34.3625    27.1705    1484.33    871.000 0.0000e+00
    876.654     5.0020   3.329536          1    34.3619      0.043     2.4687      8.006      84.24     -0.715      -0.22      69533   2897.158    34.3623    27.1694    1484.35    870.000 0.0000e+00
    875.645     5.0091   3.330092          1    34.3613      0.039     2.4697      8.006      91.71     -0.919      -0.17      69557   2898.179    34.3618    27.1682    1484.36    869.000 0.0000e+00
    874.635     5.0160   3.330598          1    34.3605      0.035     2.4633      8.006      98.47     -1.021      -0.03      69581   2899.166    34.3611    27.1669    1484.37    868.000 0.0000e+00
    873.625     5.0167   3.330595          1    34.3603      0.035     2.4712      8.007      98.70     -0.913       0.17      69610   2900.381    34.3609    27.1666    1484.35    867.000 0.0000e+00
    872.615     5.0068   3.329750          1    34.3616      0.036     2.4771      8.008      89.87     -0.625       0.11      69650   2902.024    34.3618    27.1685    1484.30    866.000 0.0000e+00
    871.606     5.0117   3.330106          1    34.3611      0.035     2.4815      8.007      94.54     -0.592       0.03      69691   2903.758    34.3613    27.1675    1484.30    865.000 0.0000e+00
    870.596     5.0097   3.329899          1    34.3614      0.039     2.4746      8.006      88.01     -0.389       0.03      69747   2906.089    34.3615    27.1679    1484.28    864.000 0.0000e+00
    869.586     5.0251   3.331150          1    34.3601      0.045     2.4765      8.010      71.30     -0.652      -0.38      69779   2907.428    34.3606    27.1654    1484.32    863.000 0.0000e+00
    868.577     5.0305   3.331545          1    34.3595      0.035     2.4741      8.011      98.36     -0.979      -0.31      69800   2908.300    34.3601    27.1644    1484.33    862.000 0.0000e+00
    867.567     5.0327   3.331707          1    34.3596      0.036     2.4662      8.013      98.71     -1.166      -0.10      69821   2909.150    34.3602    27.1643    1484.32    861.000 0.0000e+00
    866.557     5.0336   3.331731          1    34.3595      0.041     2.4698      8.012      71.40     -1.005       0.26      69849   2910.332    34.3601    27.1640    1484.31    860.000 0.0000e+00
    865.547     5.0284   3.331248          1    34.3601      0.039     2.4848      8.012      92.67     -0.356       0.08      69905   2912.687    34.3604    27.1649    1484.27    859.000 0.0000e+00
    864.538     5.0386   3.332095          1    34.3597      0.035     2.4787      8.012      96.49     -0.555      -0.15      69949   2914.507    34.3602    27.1635    1484.29    858.000 0.0000e+00
    863.528     5.0768   3.335245          1    34.3563      0.034     2.4790      8.012      98.73     -0.746      -0.13      69980   2915.784    34.3577    27.1572    1484.43    857.000 0.0000e+00
    862.518     5.1006   3.337252          1    34.3551      0.036     2.4806      8.013      98.71     -0.841      -0.04      70008   2916.969    34.3569    27.1538    1484.51    856.000 0.0000e+00
    861.509     5.1192   3.338767          1    34.3536      0.045     2.4903      8.012      78.06     -0.866      -0.01      70036   2918.130    34.3558    27.1507    1484.56    855.000 0.0000e+00
    860.499     5.1266   3.339317          1    34.3530      0.036     2.5011      8.013      97.97     -0.836       0.07      70066   2919.389    34.3550    27.1492    1484.58    854.000 0.0000e+00
    859.489     5.1238   3.338981          1    34.3530      0.038     2.5160      8.013      92.38     -0.548       0.15      70112   2921.272    34.3545    27.1492    1484.55    853.000 0.0000e+00
    858.479     5.1190   3.338585          1    34.3542      0.044     2.5169      8.013      74.91     -0.513      -0.17      70157   2923.166    34.3554    27.1504    1484.51    852.000 0.0000e+00
    857.470     5.2280   3.347956          1    34.3487      0.035     2.5065      8.013      99.01     -0.765      -0.19      70186   2924.370    34.3519    27.1349    1484.93    851.000 0.0000e+00
    856.460     5.2774   3.351987          1    34.3434      0.036     2.5055      8.014      98.71     -0.897      -0.05      70213   2925.491    34.3481    27.1260    1485.11    850.000 0.0000e+00
    855.450     5.2669   3.351017          1    34.3445      0.046     2.5332      8.012      64.55     -0.719       0.20      70250   2927.022    34.3482    27.1273    1485.05    849.000 0.0000e+00
    854.441     5.2210   3.347330          1    34.3519      0.037     2.5778      7.999      99.20     -0.479      -0.07      70296   2928.962    34.3533    27.1368    1484.86    848.000 0.0000e+00
    853.431     5.3012   3.353933          1    34.3442      0.039     2.5719      7.990      94.64     -0.730      -0.24      70326   2930.204    34.3475    27.1227    1485.16    847.000 0.0000e+00
    852.421     5.3169   3.355228          1    34.3433      0.038     2.5574      7.982      98.73     -0.905      -0.07      70352   2931.297    34.3468    27.1203    1485.21    846.000 0.0000e+00
    851.412     5.3213   3.355590          1    34.3439      0.042     2.5586      7.975      98.71     -0.866       0.10      70382   2932.525    34.3469    27.1199    1485.21    845.000 0.0000e+00
    850.402     5.3175   3.355139          1    34.3438      0.052     2.5806      7.967      80.82     -0.688       0.10      70418   2934.055    34.3462    27.1198    1485.17    844.000 0.0000e+00
    849.393     5.3080   3.354310          1    34.3454      0.043     2.5884      7.959      98.24     -0.492       0.10      70468   2936.113    34.3469    27.1215    1485.12    843.000 0.0000e+00
    848.383     5.3101   3.354408          1    34.3452      0.040     2.5814      7.951      98.71     -0.452      -0.16      70519   2938.249    34.3463    27.1207    1485.11    842.000 0.0000e+00
    847.373     5.3182   3.355090          1    34.3451      0.042     2.5778      7.946      96.97     -0.734      -0.24      70548   2939.466    34.3463    27.1198    1485.13    841.000 0.0000e+00
    846.364     5.3202   3.355198          1    34.3449      0.040     2.5766      7.943      90.49     -0.941      -0.17      70572   2940.462    34.3460    27.1193    1485.12    840.000 0.0000e+00
    845.354     5.3221   3.355316          1    34.3450      0.037     2.5851      7.941      98.63     -1.045      -0.05      70595   2941.407    34.3460    27.1191    1485.11    839.000 0.0000e+00
    844.344     5.3274   3.355709          1    34.3446      0.036     2.5779      7.937      98.71     -1.042       0.06      70619   2942.420    34.3456    27.1181    1485.11    838.000 0.0000e+00
    843.335     5.3268   3.355637          1    34.3449      0.044     2.5767      7.934      82.49     -0.810       0.22      70653   2943.815    34.3458    27.1184    1485.09    837.000 0.0000e+00
    842.325     5.3196   3.354967          1    34.3456      0.040     2.5855      7.929      99.81     -0.343       0.06      70714   2946.378    34.3460    27.1194    1485.05    836.000 0.0000e+00
    841.316     5.3267   3.355513          1    34.3451      0.037     2.5825      7.925      98.71     -0.497      -0.20      70764   2948.470    34.3455    27.1182    1485.06    835.000 0.0000e+00
    840.306     5.3328   3.355951          1    34.3442      0.038     2.5800      7.923      98.71     -0.752      -0.19      70793   2949.682    34.3448    27.1168    1485.07    834.000 0.0000e+00
    839.296     5.3437   3.356842          1    34.3437      0.041     2.5794      7.922      87.88     -0.929      -0.17      70817   2950.687    34.3444    27.1152    1485.09    833.000 0.0000e+00
    838.287     5.3629   3.358389          1    34.3419      0.043     2.5772      7.919      98.84     -1.042      -0.08      70840   2951.637    34.3429    27.1118    1485.15    832.000 0.0000e+00
    837.277     5.3924   3.360826          1    34.3393      0.037     2.5818      7.917      98.71     -1.025       0.09      70865   2952.683    34.3411    27.1068    1485.25    831.000 0.0000e+00
    836.268     5.3804   3.359918          1    34.3423      0.044     2.5957      7.915      85.17     -0.669       0.24      70905   2954.348    34.3436    27.1102    1485.19    830.000 0.0000e+00
    835.258     5.3830   3.359877          1    34.3398      0.041     2.6155      7.912      99.27     -0.426      -0.07      70959   2956.583    34.3410    27.1078    1485.18    829.000 0.0000e+00
    834.249     5.4388   3.364676          1    34.3372      0.042     2.6087      7.910      89.75     -0.627      -0.15      70996   2958.117    34.3392    27.0998    1485.39    828.000 0.0000e+00
    833.239     5.4795   3.367987          1    34.3330      0.048     2.5998      7.910      67.51     -0.775      -0.06      71026   2959.390    34.3361    27.0924    1485.53    827.000 0.0000e+00
