src/interpolation/Data/CTD/04w4h.cnv
* Sea-Bird SBE 9 Data File:
* FileName = E:\HOBAB2\w4.hex
* Software Version Seasave V 7.22.1
* Temperature SN = 5330
* Conductivity SN = 3693
* Number of Bytes Per Scan = 24
* Number of Voltage Words = 4
* Number of Scans Averaged by the Deck Unit = 1
* NMEA baud rate = 9600
# nquan = 18
# nvalues = 1951                        
# units = specified
# name 0 = prDM: Pressure, Digiquartz [db]
# name 1 = t090C: Temperature [ITS-90, deg C]
# name 2 = c0S/m: Conductivity [S/m]
# name 3 = pumps: Pump Status
# name 4 = sal00: Salinity, Practical [PSU]
# name 5 = seaTurbMtr: Turbidity, Seapoint [FTU]
# name 6 = sbeox0Mg/L: Oxygen, SBE 43 [mg/l]
# name 7 = ph: pH
# name 8 = altM: Altimeter [m]
# name 9 = dz/dtM: Descent Rate [m/s]
# name 10 = accM: Acceleration [m/s^2]
# name 11 = scan: Scan Count
# name 12 = timeS: Time, Elapsed [seconds]
# name 13 = sal00: Salinity, Practical [PSU]
# name 14 = sigma-t00: Density [sigma-t, kg/m^3 ]
# name 15 = svCM: Sound Velocity [Chen-Millero, m/s]
# name 16 = depSM: Depth [salt water, m], lat = 0
# name 17 = flag: flag
# span 0 =      1.006,    990.789       
# span 1 =     4.6058,    22.4242       
# span 2 =   3.301075,   5.010755       
# span 3 =          1,          1       
# span 4 =    34.2709,    34.8001       
# span 5 =      0.026,      0.183       
# span 6 =     2.3434,     7.0638       
# span 7 =      7.606,      8.051       
# span 8 =       1.55,     102.46       
# span 9 =     -1.444,      1.207       
# span 10 =      -0.52,       0.35      
# span 11 =      16509,     103435      
# span 12 =    687.823,   4309.732      
# span 13 =    34.2645,    34.8015      
# span 14 =    23.9221,    27.2325      
# span 15 =    1483.99,    1527.99      
# span 16 =      1.000,    983.000      
# span 17 = 0.0000e+00, 0.0000e+00      
# interval = meters: 1                  
# start_time = Apr 16 2014 23:04:39 [System UTC, header]
# bad_flag = -9.990e-29
*END*
     15.083    22.4242   5.010755          1    34.7679      0.096     6.8561      7.924      35.65     -0.001       0.01      16509    687.823    34.7680    23.9221    1527.97     15.000 0.0000e+00
     16.089    22.4223   5.010615          1    34.7681      0.121     6.8414      7.929      82.91      0.118      -0.02      17452    727.137    34.7680    23.9227    1527.98     16.000 0.0000e+00
     17.095    22.4187   5.010306          1    34.7682      0.079     6.8483      7.928      99.23      0.405       0.18      17441    726.657    34.7681    23.9237    1527.99     17.000 0.0000e+00
     18.100    22.4131   5.009776          1    34.7683      0.071     6.8286      7.928      98.71      0.511      -0.06      17486    728.540    34.7681    23.9253    1527.99     18.000 0.0000e+00
     19.106    22.4061   5.009109          1    34.7685      0.071     6.8402      7.928      98.71      0.491       0.10      17534    730.539    34.7682    23.9274    1527.99     19.000 0.0000e+00
     20.111    22.3759   5.006171          1    34.7699      0.069     6.8505      7.929      96.80      0.641       0.01      17571    732.093    34.7691    23.9366    1527.93     20.000 0.0000e+00
     21.117    22.3418   5.002856          1    34.7713      0.080     6.8388      7.929      79.52      0.329      -0.09      17637    734.836    34.7701    23.9470    1527.86     21.000 0.0000e+00
     22.123    22.2968   4.998450          1    34.7731      0.070     6.8415      7.929      99.43      0.449       0.25      17696    737.280    34.7713    23.9606    1527.76     22.000 0.0000e+00
     23.128    22.2188   4.990554          1    34.7748      0.069     6.8525      7.930      98.71      0.765       0.22      17724    738.451    34.7717    23.9829    1527.57     23.000 0.0000e+00
     24.134    22.1544   4.984470          1    34.7794      0.076     6.8613      7.930      98.71      0.863      -0.02      17752    739.642    34.7753    24.0038    1527.42     24.000 0.0000e+00
     25.140    22.1061   4.979851          1    34.7803      0.072     6.8973      7.930      91.61      0.129      -0.05      17873    744.659    34.7775    24.0190    1527.32     25.000 0.0000e+00
     26.145    22.0375   4.973173          1    34.7825      0.075     6.9248      7.931      83.26      0.509       0.09      17989    749.514    34.7798    24.0400    1527.16     26.000 0.0000e+00
     27.151    21.9623   4.965626          1    34.7841      0.075     6.9092      7.931      76.15      0.620       0.06      18027    751.080    34.7805    24.0616    1526.98     27.000 0.0000e+00
     28.157    21.7739   4.947005          1    34.7919      0.066     6.9246      7.932      97.97      0.526      -0.12      18073    753.017    34.7852    24.1176    1526.50     28.000 0.0000e+00
     29.162    21.6998   4.939704          1    34.7931      0.067     6.9345      7.932      98.71      0.418       0.03      18131    755.428    34.7869    24.1395    1526.33     29.000 0.0000e+00
     30.168    21.6798   4.937824          1    34.7928      0.083     6.9800      7.932      83.74      0.441       0.02      18185    757.684    34.7878    24.1458    1526.29     30.000 0.0000e+00
     31.174    21.6764   4.937583          1    34.7923      0.083     6.9628      7.933      39.87      0.569       0.12      18227    759.405    34.7883    24.1471    1526.30     31.000 0.0000e+00
     32.179    21.6741   4.937452          1    34.7921      0.064     6.9482      7.934      99.31      0.733       0.10      18258    760.722    34.7888    24.1481    1526.31     32.000 0.0000e+00
     33.185    21.6623   4.936420          1    34.7926      0.070     6.9709      7.933      98.71      0.747      -0.07      18292    762.113    34.7898    24.1521    1526.30     33.000 0.0000e+00
     34.191    21.6202   4.932588          1    34.7963      0.076     6.9601      7.934      69.78      0.591      -0.07      18333    763.839    34.7931    24.1664    1526.20     34.000 0.0000e+00
     35.196    21.5184   4.922301          1    34.7981      0.071     6.9563      7.934      72.99      0.520      -0.02      18380    765.778    34.7935    24.1948    1525.95     35.000 0.0000e+00
     36.202    21.4292   4.913200          1    34.7985      0.068     6.9913      7.934      90.43      0.496       0.02      18428    767.781    34.7931    24.2191    1525.73     36.000 0.0000e+00
     37.208    21.4157   4.911820          1    34.7973      0.076     7.0109      7.934      72.17      0.588       0.06      18468    769.475    34.7928    24.2225    1525.71     37.000 0.0000e+00
     38.213    21.4065   4.910925          1    34.7965      0.061     7.0144      7.935      98.64      0.590      -0.04      18510    771.200    34.7928    24.2251    1525.70     38.000 0.0000e+00
     39.219    21.3936   4.909617          1    34.7956      0.070     6.9842      7.935      78.47      0.547       0.03      18553    773.013    34.7925    24.2284    1525.69     39.000 0.0000e+00
     40.225    21.3438   4.904640          1    34.7964      0.072     6.9813      7.936      76.42      0.633       0.04      18591    774.588    34.7929    24.2423    1525.57     40.000 0.0000e+00
     41.231    21.3190   4.902321          1    34.7976      0.083     7.0046      7.936      56.70      0.617      -0.04      18631    776.232    34.7942    24.2502    1525.52     41.000 0.0000e+00
     42.236    21.3146   4.901964          1    34.7973      0.063     6.9804      7.936      98.56      0.622       0.05      18669    777.828    34.7946    24.2517    1525.53     42.000 0.0000e+00
     43.242    21.3103   4.901623          1    34.7973      0.060     6.9877      7.936      98.71      0.587      -0.10      18711    779.583    34.7950    24.2532    1525.53     43.000 0.0000e+00
     44.248    21.3045   4.901136          1    34.7972      0.063     7.0233      7.936      95.43      0.433       0.06      18764    781.771    34.7955    24.2551    1525.54     44.000 0.0000e+00
     45.254    21.2829   4.898946          1    34.7970      0.088     7.0077      7.936      44.87      0.623       0.10      18801    783.337    34.7952    24.2608    1525.49     45.000 0.0000e+00
     46.259    21.2561   4.896276          1    34.7974      0.074     6.9988      7.937      82.30      0.684      -0.00      18837    784.816    34.7954    24.2683    1525.44     46.000 0.0000e+00
     47.265    21.2144   4.892059          1    34.7977      0.064     7.0308      7.937      98.24      0.609      -0.08      18877    786.511    34.7952    24.2796    1525.34     47.000 0.0000e+00
     48.271    21.1978   4.890448          1    34.7977      0.067     7.0158      7.937      98.71      0.459      -0.01      18928    788.627    34.7955    24.2843    1525.32     48.000 0.0000e+00
     49.277    21.1976   4.890486          1    34.7974      0.091     6.9772      7.937      60.33      0.573       0.11      18969    790.353    34.7957    24.2845    1525.33     49.000 0.0000e+00
     50.282    21.1971   4.890483          1    34.7971      0.074     7.0100      7.937      82.05      0.694       0.06      19003    791.768    34.7957    24.2846    1525.35     50.000 0.0000e+00
     51.288    21.1970   4.890555          1    34.7972      0.063     7.0214      7.937      98.35      0.749       0.01      19036    793.116    34.7960    24.2849    1525.37     51.000 0.0000e+00
     52.294    21.1982   4.890722          1    34.7969      0.068     7.0263      7.937      78.34      0.579      -0.14      19080    794.946    34.7960    24.2846    1525.39     52.000 0.0000e+00
     53.300    21.1963   4.890580          1    34.7966      0.085     7.0126      7.937      72.86      0.218       0.08      19157    798.169    34.7960    24.2851    1525.40     53.000 0.0000e+00
     54.305    21.1921   4.890200          1    34.7967      0.068     6.9699      7.938      98.70      0.621       0.31      19191    799.600    34.7961    24.2864    1525.40     54.000 0.0000e+00
     55.311    21.1885   4.889858          1    34.7965      0.062     6.9719      7.938      98.71      0.899       0.22      19216    800.616    34.7959    24.2872    1525.41     55.000 0.0000e+00
     56.317    21.1820   4.889268          1    34.7968      0.064     7.0079      7.937      98.71      0.980      -0.06      19242    801.692    34.7961    24.2891    1525.41     56.000 0.0000e+00
     57.323    21.1230   4.883002          1    34.7954      0.108     7.0231      7.938      98.71      0.712      -0.19      19278    803.217    34.7937    24.3034    1525.27     57.000 0.0000e+00
     58.329    21.1021   4.881113          1    34.7970      0.088     7.0200      7.938      73.29      0.402      -0.12      19338    805.721    34.7953    24.3103    1525.23     58.000 0.0000e+00
     59.334    21.0950   4.880471          1    34.7967      0.068     6.9958      7.938      86.73      0.293       0.29      19416    808.942    34.7955    24.3124    1525.23     59.000 0.0000e+00
     60.340    21.0799   4.879006          1    34.7971      0.086     7.0135      7.939      36.63      0.728       0.29      19442    810.055    34.7958    24.3168    1525.20     60.000 0.0000e+00
     61.346    21.0613   4.877180          1    34.7974      0.081     7.0275      7.938      86.03      0.917       0.04      19469    811.148    34.7959    24.3219    1525.17     61.000 0.0000e+00
     62.352    21.0461   4.875650          1    34.7974      0.088     7.0031      7.938      43.29      0.830      -0.11      19499    812.424    34.7958    24.3259    1525.15     62.000 0.0000e+00
     63.358    21.0366   4.874757          1    34.7975      0.103     6.9717      7.938      78.54      0.735      -0.04      19533    813.823    34.7960    24.3286    1525.14     63.000 0.0000e+00
     64.364    21.0327   4.874409          1    34.7973      0.086     6.9818      7.938      61.05      0.474      -0.13      19584    815.964    34.7960    24.3297    1525.14     64.000 0.0000e+00
     65.369    21.0329   4.874497          1    34.7970      0.084     7.0069      7.938      64.05      0.362       0.06      19651    818.754    34.7962    24.3298    1525.16     65.000 0.0000e+00
     66.375    21.0313   4.874340          1    34.7966      0.091     7.0268      7.938      94.39      0.483       0.09      19701    820.832    34.7959    24.3301    1525.17     66.000 0.0000e+00
     67.381    21.0271   4.873901          1    34.7962      0.085     7.0188      7.938      49.25      0.675       0.16      19734    822.229    34.7955    24.3309    1525.18     67.000 0.0000e+00
     68.387    21.0058   4.871561          1    34.7948      0.070     7.0165      7.938      96.39      0.834       0.11      19762    823.376    34.7938    24.3353    1525.13     68.000 0.0000e+00
     69.393    20.9876   4.869661          1    34.7943      0.089     6.9913      7.938      48.26      0.884      -0.02      19790    824.538    34.7930    24.3397    1525.10     69.000 0.0000e+00
     70.399    20.9712   4.868057          1    34.7944      0.079     7.0051      7.938      84.96      0.741      -0.15      19825    825.996    34.7931    24.3442    1525.07     70.000 0.0000e+00
     71.405    20.9598   4.867100          1    34.7955      0.088     6.9937      7.938      63.19      0.241      -0.05      19901    829.155    34.7944    24.3483    1525.06     71.000 0.0000e+00
     72.410    20.9562   4.866833          1    34.7957      0.089     6.9981      7.938      54.77      0.477       0.16      19960    831.605    34.7948    24.3496    1525.07     72.000 0.0000e+00
     73.416    20.9447   4.865800          1    34.7964      0.092     6.9896      7.939      92.62      0.681       0.12      19993    832.996    34.7955    24.3533    1525.06     73.000 0.0000e+00
     74.422    20.9287   4.864350          1    34.7977      0.106     6.9453      7.939      48.19      0.805       0.09      20022    834.197    34.7966    24.3584    1525.03     74.000 0.0000e+00
     75.428    20.9173   4.863250          1    34.7980      0.089     6.9460      7.938      97.98      0.863       0.00      20050    835.366    34.7968    24.3617    1525.02     75.000 0.0000e+00
     76.434    20.9092   4.862468          1    34.7979      0.098     6.9570      7.939      98.69      0.747      -0.14      20084    836.812    34.7968    24.3638    1525.01     76.000 0.0000e+00
     77.440    20.9066   4.862248          1    34.7976      0.097     6.9619      7.939      90.43      0.354      -0.07      20145    839.354    34.7968    24.3645    1525.02     77.000 0.0000e+00
     78.446    20.8985   4.861465          1    34.7975      0.098     6.9276      7.938      98.54      0.449       0.05      20202    841.724    34.7967    24.3667    1525.01     78.000 0.0000e+00
     79.452    20.8943   4.861077          1    34.7974      0.102     6.9907      7.938      98.72      0.500       0.07      20250    843.703    34.7967    24.3678    1525.02     79.000 0.0000e+00
     80.458    20.8920   4.860876          1    34.7972      0.104     6.9719      7.939      98.71      0.676       0.15      20284    845.114    34.7966    24.3684    1525.03     80.000 0.0000e+00
     81.464    20.8902   4.860719          1    34.7970      0.123     6.9707      7.939      98.71      0.785       0.03      20314    846.386    34.7965    24.3687    1525.04     81.000 0.0000e+00
     82.469    20.8794   4.859638          1    34.7969      0.095     6.9925      7.939      98.71      0.742      -0.07      20348    847.784    34.7962    24.3715    1525.03     82.000 0.0000e+00
     83.475    20.8724   4.858923          1    34.7965      0.095     6.9677      7.939      98.71      0.570      -0.10      20391    849.598    34.7959    24.3731    1525.03     83.000 0.0000e+00
     84.481    20.8652   4.858167          1    34.7959      0.099     6.9656      7.939      95.71      0.423      -0.00      20447    851.908    34.7953    24.3746    1525.02     84.000 0.0000e+00
     85.487    20.8485   4.856293          1    34.7945      0.097     6.9973      7.939      68.16      0.482       0.02      20497    854.012    34.7936    24.3778    1524.99     85.000 0.0000e+00
     86.493    20.8209   4.853303          1    34.7929      0.084     6.9976      7.939      99.75      0.524       0.07      20543    855.896    34.7917    24.3838    1524.93     86.000 0.0000e+00
     87.499    20.8140   4.852620          1    34.7926      0.078     6.9950      7.939      98.71      0.692       0.14      20575    857.266    34.7915    24.3855    1524.93     87.000 0.0000e+00
     88.505    20.8014   4.851327          1    34.7923      0.079     7.0164      7.939      98.71      0.791      -0.01      20606    858.549    34.7911    24.3886    1524.91     88.000 0.0000e+00
     89.511    20.7895   4.850248          1    34.7929      0.084     7.0360      7.940      98.71      0.674      -0.10      20643    860.102    34.7917    24.3924    1524.90     89.000 0.0000e+00
     90.517    20.7861   4.849994          1    34.7931      0.088     7.0065      7.940      98.71      0.485      -0.07      20693    862.174    34.7921    24.3936    1524.91     90.000 0.0000e+00
     91.523    20.7847   4.849949          1    34.7933      0.095     7.0027      7.939      75.37      0.436       0.05      20748    864.457    34.7926    24.3943    1524.92     91.000 0.0000e+00
     92.529    20.7816   4.849667          1    34.7931      0.090     7.0080      7.939      99.37      0.552       0.07      20791    866.261    34.7924    24.3950    1524.93     92.000 0.0000e+00
     93.535    20.7713   4.848414          1    34.7913      0.133     7.0072      7.939      98.71      0.659       0.06      20827    867.749    34.7905    24.3963    1524.92     93.000 0.0000e+00
     94.541    20.7519   4.846288          1    34.7898      0.099     6.9763      7.939      98.71      0.701      -0.03      20862    869.207    34.7888    24.4003    1524.88     94.000 0.0000e+00
