src/interpolation/Data/CTD/05w5h.cnv
* Sea-Bird SBE 9 Data File:
* FileName = E:\HOBAB2\w5.hex
* Software Version Seasave V 7.22.1
* Temperature SN = 5330
* Conductivity SN = 3693
* Number of Bytes Per Scan = 24
* Number of Voltage Words = 4
* Number of Scans Averaged by the Deck Unit = 1
* NMEA baud rate = 9600
# nquan = 18
# nvalues = 1973                        
# units = specified
# name 0 = prDM: Pressure, Digiquartz [db]
# name 1 = t090C: Temperature [ITS-90, deg C]
# name 2 = c0S/m: Conductivity [S/m]
# name 3 = pumps: Pump Status
# name 4 = sal00: Salinity, Practical [PSU]
# name 5 = seaTurbMtr: Turbidity, Seapoint [FTU]
# name 6 = sbeox0Mg/L: Oxygen, SBE 43 [mg/l]
# name 7 = ph: pH
# name 8 = altM: Altimeter [m]
# name 9 = dz/dtM: Descent Rate [m/s]
# name 10 = accM: Acceleration [m/s^2]
# name 11 = scan: Scan Count
# name 12 = timeS: Time, Elapsed [seconds]
# name 13 = sal00: Salinity, Practical [PSU]
# name 14 = sigma-t00: Density [sigma-t, kg/m^3 ]
# name 15 = svCM: Sound Velocity [Chen-Millero, m/s]
# name 16 = depSM: Depth [salt water, m], lat = 0
# name 17 = flag: flag
# span 0 =      1.005,   1001.902       
# span 1 =     4.5066,    23.4874       
# span 2 =   3.293024,   5.113154       
# span 3 =          1,          1       
# span 4 =    34.2407,    34.8063       
# span 5 =      0.027,      0.257       
# span 6 =     2.3337,     7.1338       
# span 7 =      7.563,      8.055       
# span 8 =       1.91,     106.74       
# span 9 =     -1.371,      1.353       
# span 10 =      -0.48,       0.63      
# span 11 =      11856,      91126      
# span 12 =    493.968,   3796.863      
# span 13 =    34.2385,    34.8058      
# span 14 =    23.5788,    27.2459      
# span 15 =    1483.73,    1530.50      
# span 16 =      1.000,    994.000      
# span 17 = 0.0000e+00, 0.0000e+00      
# interval = meters: 1                  
# start_time = Apr 17 2014 13:54:10 [System UTC, header]
# bad_flag = -9.990e-29
*END*
[from data line 885]
    906.950     4.8346   3.316713          1    34.3712      0.037     2.4227      7.840      98.40      1.013       0.08      45049   1876.995    34.3711    27.1956    1484.18    900.000 0.0000e+00
    907.959     4.8347   3.316762          1    34.3711      0.035     2.4273      7.846      98.71      0.998      -0.07      45074   1878.050    34.3711    27.1955    1484.19    901.000 0.0000e+00
    908.969     4.8329   3.316658          1    34.3713      0.036     2.4293      7.825      98.71      0.909      -0.05      45101   1879.178    34.3713    27.1959    1484.20    902.000 0.0000e+00
    909.979     4.8341   3.316802          1    34.3712      0.039     2.4280      7.857      98.71      0.914       0.03      45127   1880.265    34.3712    27.1956    1484.22    903.000 0.0000e+00
    910.989     4.8300   3.316498          1    34.3715      0.046     2.4232      7.898      82.99      0.909      -0.07      45155   1881.424    34.3714    27.1962    1484.22    904.000 0.0000e+00
    911.999     4.8196   3.315663          1    34.3723      0.037     2.4227      7.878      98.26      0.674      -0.16      45193   1883.015    34.3719    27.1979    1484.20    905.000 0.0000e+00
    913.009     4.8203   3.315761          1    34.3721      0.035     2.4185      7.893      98.71      0.561       0.08      45235   1884.733    34.3718    27.1977    1484.22    906.000 0.0000e+00
    914.019     4.8156   3.315407          1    34.3724      0.046     2.4249      7.900      86.08      0.749       0.17      45264   1885.977    34.3721    27.1984    1484.21    907.000 0.0000e+00
    915.029     4.8116   3.315116          1    34.3727      0.040     2.4262      7.915      92.95      0.919       0.16      45289   1886.997    34.3723    27.1991    1484.21    908.000 0.0000e+00
    916.039     4.8086   3.314905          1    34.3729      0.048     2.4253      7.900      98.63      1.040       0.10      45311   1887.923    34.3725    27.1996    1484.22    909.000 0.0000e+00
    917.049     4.8086   3.314945          1    34.3728      0.035     2.4255      7.901      98.71      1.110       0.04      45333   1888.825    34.3724    27.1995    1484.24    910.000 0.0000e+00
    918.059     4.8076   3.314905          1    34.3728      0.040     2.4216      7.904      98.71      1.102      -0.04      45355   1889.766    34.3724    27.1997    1484.25    911.000 0.0000e+00
    919.069     4.8080   3.314986          1    34.3728      0.039     2.4162      7.901      91.90      1.004      -0.14      45381   1890.854    34.3725    27.1996    1484.27    912.000 0.0000e+00
    920.079     4.8134   3.315488          1    34.3724      0.041     2.4145      7.899      91.33      0.724      -0.19      45417   1892.351    34.3723    27.1989    1484.31    913.000 0.0000e+00
    921.089     4.8154   3.315703          1    34.3722      0.040     2.4181      7.900      98.80      0.607       0.07      45456   1893.956    34.3722    27.1986    1484.33    914.000 0.0000e+00
    922.099     4.8153   3.315742          1    34.3723      0.038     2.4215      7.892      98.71      0.737       0.07      45488   1895.297    34.3723    27.1986    1484.35    915.000 0.0000e+00
    923.109     4.8117   3.315469          1    34.3724      0.043     2.4234      7.914      83.96      0.754      -0.02      45520   1896.645    34.3723    27.1991    1484.35    916.000 0.0000e+00
    924.119     4.8010   3.314611          1    34.3733      0.039     2.4203      7.911      98.58      0.775       0.07      45550   1897.894    34.3729    27.2008    1484.32    917.000 0.0000e+00
    925.129     4.7872   3.313509          1    34.3745      0.035     2.4199      7.898      98.71      0.901       0.16      45575   1898.927    34.3738    27.2031    1484.28    918.000 0.0000e+00
    926.139     4.7807   3.313004          1    34.3750      0.039     2.4153      7.903      98.71      1.045       0.16      45597   1899.827    34.3741    27.2040    1484.28    919.000 0.0000e+00
    927.149     4.7777   3.312779          1    34.3750      0.040     2.4145      7.899      98.71      1.145       0.05      45618   1900.690    34.3742    27.2044    1484.28    920.000 0.0000e+00
    928.159     4.7735   3.312485          1    34.3754      0.046     2.4150      7.903      80.30      1.119      -0.12      45641   1901.667    34.3746    27.2052    1484.28    921.000 0.0000e+00
    929.169     4.7733   3.312507          1    34.3753      0.039     2.4065      7.892      97.76      0.847      -0.22      45672   1902.978    34.3746    27.2052    1484.30    922.000 0.0000e+00
    930.179     4.7706   3.312325          1    34.3754      0.036     2.4026      7.896      98.70      0.671      -0.03      45709   1904.500    34.3747    27.2056    1484.30    923.000 0.0000e+00
    931.189     4.7703   3.312335          1    34.3750      0.037     2.4025      7.902      98.71      0.533      -0.10      45755   1906.398    34.3746    27.2055    1484.32    924.000 0.0000e+00
    932.199     4.7712   3.312476          1    34.3752      0.038     2.4033      7.903      91.64      0.579       0.26      45793   1907.990    34.3748    27.2056    1484.34    925.000 0.0000e+00
    933.209     4.7733   3.312686          1    34.3749      0.036     2.4055      7.908      98.54      0.896       0.37      45815   1908.916    34.3746    27.2053    1484.36    926.000 0.0000e+00
    934.219     4.7738   3.312781          1    34.3749      0.035     2.4086      7.914      98.71      1.145       0.25      45834   1909.711    34.3747    27.2052    1484.38    927.000 0.0000e+00
    935.229     4.7715   3.312631          1    34.3751      0.037     2.4096      7.913      98.71      1.264       0.05      45853   1910.518    34.3748    27.2056    1484.39    928.000 0.0000e+00
    936.239     4.7715   3.312679          1    34.3751      0.051     2.4098      7.908      59.91      1.140      -0.24      45878   1911.533    34.3749    27.2056    1484.41    929.000 0.0000e+00
    937.249     4.7730   3.312849          1    34.3749      0.037     2.4069      7.908      98.97      0.781      -0.18      45911   1912.904    34.3748    27.2054    1484.43    930.000 0.0000e+00
    938.259     4.7718   3.312797          1    34.3750      0.040     2.4064      7.901      98.71      0.718       0.03      45944   1914.286    34.3749    27.2056    1484.44    931.000 0.0000e+00
    939.269     4.7668   3.312413          1    34.3753      0.043     2.4090      7.899      98.71      0.733      -0.03      45978   1915.690    34.3751    27.2063    1484.44    932.000 0.0000e+00
    940.279     4.7648   3.312282          1    34.3754      0.044     2.4107      7.909      81.38      0.601      -0.09      46019   1917.403    34.3752    27.2066    1484.45    933.000 0.0000e+00
    941.289     4.7634   3.312210          1    34.3755      0.037     2.4068      7.891      98.98      0.569       0.06      46061   1919.152    34.3753    27.2069    1484.46    934.000 0.0000e+00
    942.299     4.7627   3.312189          1    34.3755      0.038     2.4036      7.894      96.65      0.647       0.04      46098   1920.695    34.3753    27.2070    1484.47    935.000 0.0000e+00
    943.309     4.7627   3.312233          1    34.3753      0.042     2.4039      7.917      90.69      0.046      -0.05      46299   1929.103    34.3752    27.2069    1484.49    936.000 0.0000e+00
    944.319     4.7624   3.312244          1    34.3752      0.041     2.4005      7.918      85.25      0.229       0.01      46487   1936.925    34.3752    27.2069    1484.50    937.000 0.0000e+00
    945.330     4.7622   3.312274          1    34.3753      0.039     2.4043      7.919      99.44      0.179      -0.01      46607   1941.920    34.3753    27.2070    1484.52    938.000 0.0000e+00
    946.340     4.7646   3.312541          1    34.3752      0.040     2.4004      7.920      90.47      0.377       0.22      46687   1945.270    34.3753    27.2068    1484.55    939.000 0.0000e+00
    947.350     4.7647   3.312580          1    34.3752      0.044     2.4029      7.921      88.87      0.419      -0.09      46738   1947.372    34.3752    27.2067    1484.56    940.000 0.0000e+00
    948.360     4.7631   3.312487          1    34.3752      0.041     2.4058      7.910      98.20      0.366       0.10      46811   1950.413    34.3752    27.2069    1484.57    941.000 0.0000e+00
    949.370     4.7635   3.312577          1    34.3754      0.036     2.4003      7.917      98.71      0.240       0.23      46919   1954.928    34.3754    27.2069    1484.59    942.000 0.0000e+00
    950.380     4.7612   3.312416          1    34.3755      0.037     2.4032      7.890      98.71      0.711       0.14      46952   1956.278    34.3754    27.2072    1484.60    943.000 0.0000e+00
    951.390     4.7591   3.312273          1    34.3755      0.042     2.4068      7.807      93.22      0.160      -0.08      47050   1960.365    34.3754    27.2075    1484.61    944.000 0.0000e+00
    952.400     4.7558   3.312050          1    34.3759      0.039     2.4041      7.796      98.49      0.648       0.03      47095   1962.251    34.3758    27.2081    1484.61    945.000 0.0000e+00
    953.411     4.7563   3.312128          1    34.3757      0.044     2.3917      7.912      87.23      0.076      -0.06      47197   1966.508    34.3756    27.2079    1484.63    946.000 0.0000e+00
    954.421     4.7546   3.312033          1    34.3759      0.046     2.3999      7.885      76.17      0.463      -0.05      47248   1968.633    34.3758    27.2083    1484.64    947.000 0.0000e+00
    955.431     4.7540   3.312031          1    34.3759      0.036     2.3996      7.784     100.38      0.327       0.07      47316   1971.465    34.3758    27.2083    1484.65    948.000 0.0000e+00
    956.441     4.7530   3.311977          1    34.3759      0.039     2.4001      7.786      96.08      0.287      -0.06      47384   1974.287    34.3758    27.2085    1484.67    949.000 0.0000e+00
    957.451     4.7529   3.312022          1    34.3760      0.038     2.4020      7.811      98.94      0.319       0.28      47484   1978.452    34.3759    27.2086    1484.68    950.000 0.0000e+00
    958.461     4.7541   3.312166          1    34.3758      0.049     2.4024      7.811      77.32      0.623       0.08      47519   1979.907    34.3758    27.2083    1484.70    951.000 0.0000e+00
    959.471     4.7537   3.312169          1    34.3758      0.040     2.4004      7.789      98.12      0.463      -0.10      47571   1982.088    34.3758    27.2083    1484.72    952.000 0.0000e+00
    960.482     4.7537   3.312202          1    34.3757      0.043     2.3982      7.785      84.09      0.276      -0.04      47652   1985.442    34.3757    27.2083    1484.74    953.000 0.0000e+00
    961.492     4.7543   3.312294          1    34.3756      0.039     2.3940      7.805      99.39      0.325       0.09      47736   1988.941    34.3756    27.2082    1484.75    954.000 0.0000e+00
    962.502     4.7513   3.312094          1    34.3760      0.040     2.3979      7.804      92.97      0.422      -0.04      47791   1991.258    34.3759    27.2087    1484.76    955.000 0.0000e+00
    963.512     4.7539   3.312351          1    34.3757      0.047     2.4055      7.891      83.34      0.236       0.04      47876   1994.791    34.3757    27.2083    1484.78    956.000 0.0000e+00
    964.522     4.7529   3.312313          1    34.3758      0.037     2.3980      7.782      97.75      0.488       0.04      47927   1996.903    34.3758    27.2085    1484.80    957.000 0.0000e+00
    965.532     4.7501   3.312130          1    34.3761      0.044     2.4022      7.793      71.47      0.249      -0.02      48004   2000.104    34.3760    27.2089    1484.80    958.000 0.0000e+00
    966.543     4.7481   3.311993          1    34.3761      0.039     2.3959      7.855      94.76      0.324      -0.08      48066   2002.723    34.3760    27.2092    1484.81    959.000 0.0000e+00
    967.553     4.7466   3.311906          1    34.3761      0.041     2.3948      7.886      88.68      0.295       0.17      48159   2006.593    34.3760    27.2093    1484.82    960.000 0.0000e+00
    968.563     4.7409   3.311477          1    34.3766      0.036     2.3985      7.875      98.74      0.511       0.06      48206   2008.528    34.3764    27.2103    1484.82    961.000 0.0000e+00
    969.573     4.7397   3.311423          1    34.3767      0.046     2.3942      7.820      88.84      0.293      -0.07      48278   2011.533    34.3765    27.2105    1484.83    962.000 0.0000e+00
    970.583     4.7404   3.311526          1    34.3765      0.037     2.3977      7.776      98.84      0.386       0.12      48361   2014.980    34.3765    27.2104    1484.85    963.000 0.0000e+00
    971.594     4.7398   3.311512          1    34.3766      0.041     2.3907      7.768      89.07      0.474      -0.01      48411   2017.100    34.3765    27.2105    1484.86    964.000 0.0000e+00
    972.604     4.7373   3.311343          1    34.3767      0.040     2.3968      7.762      98.90      0.415       0.02      48469   2019.482    34.3766    27.2108    1484.87    965.000 0.0000e+00
    973.614     4.7373   3.311383          1    34.3767      0.044     2.3950      7.790      85.90      0.338      -0.07      48535   2022.231    34.3766    27.2108    1484.89    966.000 0.0000e+00
    974.624     4.7391   3.311589          1    34.3766      0.050     2.3972      7.759      71.76      0.401       0.18      48602   2025.060    34.3766    27.2106    1484.91    967.000 0.0000e+00
    975.635     4.7351   3.311291          1    34.3768      0.046     2.3933      7.759      87.90      0.561      -0.03      48645   2026.845    34.3767    27.2112    1484.91    968.000 0.0000e+00
    976.645     4.7329   3.311149          1    34.3770      0.039     2.3908      7.761      96.12      0.513       0.05      48691   2028.764    34.3769    27.2116    1484.92    969.000 0.0000e+00
    977.655     4.7354   3.311395          1    34.3767      0.038     2.3924      7.799      98.52      0.567      -0.06      48734   2030.555    34.3767    27.2111    1484.95    970.000 0.0000e+00
    978.665     4.7331   3.311246          1    34.3769      0.042     2.3960      7.759      88.60      0.325      -0.00      48800   2033.279    34.3768    27.2115    1484.95    971.000 0.0000e+00
    979.676     4.7382   3.311724          1    34.3766      0.037     2.3890      7.760      98.80      0.525       0.11      48846   2035.229    34.3766    27.2107    1484.99    972.000 0.0000e+00
    980.686     4.7378   3.311727          1    34.3764      0.044     2.3921      7.781      82.56      0.488      -0.10      48896   2037.276    34.3765    27.2107    1485.01    973.000 0.0000e+00
    981.696     4.7348   3.311509          1    34.3766      0.040     2.3978      7.770      92.48      0.361       0.05      48961   2039.999    34.3766    27.2111    1485.01    974.000 0.0000e+00
    982.706     4.7299   3.311145          1    34.3770      0.057     2.3890      7.755      78.84      0.435      -0.02      49017   2042.321    34.3769    27.2119    1485.01    975.000 0.0000e+00
    983.717     4.7258   3.310825          1    34.3772      0.041     2.3875      7.780      89.76      0.325      -0.01      49088   2045.296    34.3770    27.2124    1485.01    976.000 0.0000e+00
    984.727     4.7258   3.310894          1    34.3773      0.067     2.3868      7.774      40.66      0.204      -0.00      49185   2049.336    34.3772    27.2126    1485.02    977.000 0.0000e+00
    985.737     4.7241   3.310792          1    34.3774      0.162     2.3914      7.781      53.61      0.499       0.14      49244   2051.790    34.3773    27.2129    1485.03    978.000 0.0000e+00
