src/interpolation/Data/CTD/05w5h.cnv
* Sea-Bird SBE 9 Data File:
* FileName = E:\HOBAB2\w5.hex
* Software Version Seasave V 7.22.1
* Temperature SN = 5330
* Conductivity SN = 3693
* Number of Bytes Per Scan = 24
* Number of Voltage Words = 4
* Number of Scans Averaged by the Deck Unit = 1
* NMEA baud rate = 9600
# nquan = 18
# nvalues = 1973                        
# units = specified
# name 0 = prDM: Pressure, Digiquartz [db]
# name 1 = t090C: Temperature [ITS-90, deg C]
# name 2 = c0S/m: Conductivity [S/m]
# name 3 = pumps: Pump Status
# name 4 = sal00: Salinity, Practical [PSU]
# name 5 = seaTurbMtr: Turbidity, Seapoint [FTU]
# name 6 = sbeox0Mg/L: Oxygen, SBE 43 [mg/l]
# name 7 = ph: pH
# name 8 = altM: Altimeter [m]
# name 9 = dz/dtM: Descent Rate [m/s]
# name 10 = accM: Acceleration [m/s^2]
# name 11 = scan: Scan Count
# name 12 = timeS: Time, Elapsed [seconds]
# name 13 = sal00: Salinity, Practical [PSU]
# name 14 = sigma-t00: Density [sigma-t, kg/m^3 ]
# name 15 = svCM: Sound Velocity [Chen-Millero, m/s]
# name 16 = depSM: Depth [salt water, m], lat = 0
# name 17 = flag: flag
# span 0 =      1.005,   1001.902       
# span 1 =     4.5066,    23.4874       
# span 2 =   3.293024,   5.113154       
# span 3 =          1,          1       
# span 4 =    34.2407,    34.8063       
# span 5 =      0.027,      0.257       
# span 6 =     2.3337,     7.1338       
# span 7 =      7.563,      8.055       
# span 8 =       1.91,     106.74       
# span 9 =     -1.371,      1.353       
# span 10 =      -0.48,       0.63      
# span 11 =      11856,      91126      
# span 12 =    493.968,   3796.863      
# span 13 =    34.2385,    34.8058      
# span 14 =    23.5788,    27.2459      
# span 15 =    1483.73,    1530.50      
# span 16 =      1.000,    994.000      
# span 17 = 0.0000e+00, 0.0000e+00      
# interval = meters: 1                  
# start_time = Apr 17 2014 13:54:10 [System UTC, header]
# bad_flag = -9.990e-29
*END*
[from data line 1448]
    528.574     9.2953   3.702613          1    34.3368      0.070     3.8757      7.788      77.01     -0.856      -0.26      66365   2765.171    34.3425    26.5557    1495.18    525.000 0.0000e+00
    527.566     9.3143   3.704235          1    34.3361      0.050     3.9104      7.795      97.57     -1.009      -0.02      66390   2766.190    34.3416    26.5519    1495.24    524.000 0.0000e+00
    526.558     9.2574   3.698763          1    34.3371      0.053     3.9501      7.789      98.72     -0.566       0.27      66435   2768.068    34.3400    26.5599    1495.01    523.000 0.0000e+00
    525.550     9.3012   3.703081          1    34.3395      0.063     3.9724      7.782      89.36     -0.509      -0.42      66476   2769.811    34.3431    26.5552    1495.16    522.000 0.0000e+00
    524.542     9.3501   3.707542          1    34.3387      0.065     3.9544      7.778      83.53     -0.937      -0.48      66496   2770.637    34.3429    26.5471    1495.32    521.000 0.0000e+00
    523.534     9.3870   3.710979          1    34.3385      0.053     3.9541      7.758      97.95     -1.224      -0.28      66514   2771.384    34.3436    26.5416    1495.44    520.000 0.0000e+00
    522.526     9.4077   3.712785          1    34.3380      0.054     3.9646      7.742      98.68     -1.256       0.16      66536   2772.293    34.3429    26.5376    1495.50    519.000 0.0000e+00
    521.518     9.3638   3.708691          1    34.3404      0.053     3.9981      7.712      98.71     -0.573       0.32      66580   2774.123    34.3430    26.5449    1495.32    518.000 0.0000e+00
    520.510     9.4411   3.716234          1    34.3430      0.074     3.9959      7.667      76.42     -0.592      -0.36      66617   2775.672    34.3474    26.5357    1495.59    517.000 0.0000e+00
    519.502     9.5614   3.727465          1    34.3420      0.051     3.9804      7.671      98.68     -0.926      -0.30      66639   2776.603    34.3488    26.5169    1496.01    516.000 0.0000e+00
    518.494     9.5952   3.730467          1    34.3410      0.052     3.9940      7.695      98.71     -1.103      -0.07      66661   2777.517    34.3478    26.5106    1496.12    515.000 0.0000e+00
    517.486     9.5581   3.727078          1    34.3439      0.066     4.0450      7.664      78.83     -0.773       0.31      66698   2779.029    34.3488    26.5175    1495.97    514.000 0.0000e+00
    516.478     9.5911   3.730025          1    34.3438      0.053     4.0616      7.828      99.53     -0.488      -0.23      66741   2780.837    34.3480    26.5115    1496.07    513.000 0.0000e+00
    515.470     9.6525   3.735701          1    34.3428      0.052     4.0459      7.652      98.71     -0.827      -0.30      66766   2781.874    34.3484    26.5015    1496.28    512.000 0.0000e+00
    514.462     9.6712   3.737280          1    34.3418      0.050     4.0501      7.627      98.71     -1.048      -0.15      66788   2782.783    34.3472    26.4975    1496.33    511.000 0.0000e+00
    513.454     9.6726   3.737370          1    34.3423      0.063     4.0662      7.703      48.49     -1.021       0.16      66814   2783.873    34.3472    26.4973    1496.32    510.000 0.0000e+00
    512.446     9.6684   3.736913          1    34.3437      0.049     4.0928      7.703     100.34     -0.669       0.18      66852   2785.442    34.3470    26.4978    1496.28    509.000 0.0000e+00
    511.437     9.7075   3.740324          1    34.3413      0.050     4.0976      7.614      95.85     -0.660      -0.18      66886   2786.857    34.3452    26.4899    1496.41    508.000 0.0000e+00
    510.430     9.7146   3.740905          1    34.3412      0.047     4.0968      7.620      98.75     -0.879      -0.20      66910   2787.892    34.3448    26.4884    1496.42    507.000 0.0000e+00
    509.422     9.7186   3.741204          1    34.3413      0.046     4.0911      7.624      98.71     -1.013      -0.06      66934   2788.883    34.3446    26.4875    1496.41    506.000 0.0000e+00
    508.414     9.7163   3.740926          1    34.3416      0.049     4.1099      7.623      91.11     -0.844       0.23      66966   2790.224    34.3443    26.4877    1496.39    505.000 0.0000e+00
    507.406     9.7183   3.741055          1    34.3422      0.050     4.1219      7.625      92.94     -0.533      -0.01      67009   2791.980    34.3442    26.4873    1496.38    504.000 0.0000e+00
    506.398     9.7613   3.744857          1    34.3399      0.046     4.1167      7.624      98.78     -0.746      -0.26      67037   2793.160    34.3427    26.4789    1496.52    503.000 0.0000e+00
    505.390     9.8025   3.748525          1    34.3379      0.042     4.1148      7.622      98.71     -0.984      -0.21      67059   2794.101    34.3415    26.4711    1496.65    502.000 0.0000e+00
    504.382     9.8166   3.749750          1    34.3375      0.062     4.1303      7.624      58.56     -1.058       0.05      67083   2795.099    34.3410    26.4683    1496.68    501.000 0.0000e+00
    503.374     9.7901   3.747351          1    34.3397      0.041     4.1586      7.629      98.00     -0.759       0.24      67119   2796.577    34.3421    26.4737    1496.57    500.000 0.0000e+00
    502.366     9.8200   3.750095          1    34.3401      0.042     4.1644      7.627      98.71     -0.551      -0.07      67160   2798.298    34.3422    26.4687    1496.66    499.000 0.0000e+00
    501.358     9.8607   3.753675          1    34.3375      0.063     4.1570      7.893      26.09     -0.770      -0.27      67187   2799.435    34.3406    26.4606    1496.79    498.000 0.0000e+00
    500.350     9.8832   3.755739          1    34.3373      0.039     4.1517      7.781      98.58     -1.008      -0.22      67209   2800.352    34.3407    26.4569    1496.85    497.000 0.0000e+00
    499.342     9.8904   3.756355          1    34.3375      0.038     4.1540      7.612      98.71     -1.084       0.03      67233   2801.318    34.3406    26.4556    1496.86    496.000 0.0000e+00
    498.334     9.8915   3.756429          1    34.3381      0.038     4.1660      7.618      96.08     -0.921       0.18      67261   2802.511    34.3408    26.4556    1496.85    495.000 0.0000e+00
    497.326     9.8983   3.757028          1    34.3385      0.038     4.1807      7.627      98.69     -0.779       0.03      67292   2803.804    34.3409    26.4545    1496.86    494.000 0.0000e+00
    496.318     9.9146   3.758483          1    34.3383      0.038     4.1893      7.684      98.71     -0.777       0.04      67324   2805.130    34.3407    26.4516    1496.90    493.000 0.0000e+00
    495.310     9.9463   3.761373          1    34.3380      0.043     4.1978      7.715      85.29     -0.621       0.09      67364   2806.787    34.3407    26.4462    1497.00    492.000 0.0000e+00
    494.302     9.9816   3.764688          1    34.3384      0.037     4.2095      7.825      99.33     -0.609      -0.11      67402   2808.363    34.3414    26.4408    1497.11    491.000 0.0000e+00
    493.294    10.0437   3.770413          1    34.3368      0.038     4.2012      7.607      98.71     -0.815      -0.25      67428   2809.442    34.3413    26.4301    1497.32    490.000 0.0000e+00
    492.286    10.0964   3.775565          1    34.3386      0.042     4.2182      7.615      81.37     -1.038      -0.23      67449   2810.313    34.3441    26.4233    1497.49    489.000 0.0000e+00
    491.278    10.1524   3.780927          1    34.3400      0.049     4.2400      7.618      62.85     -1.169      -0.08      67469   2811.160    34.3461    26.4153    1497.68    488.000 0.0000e+00
    490.271    10.1939   3.784938          1    34.3416      0.033     4.2674      7.619      97.88     -1.170       0.06      67490   2812.062    34.3480    26.4097    1497.81    487.000 0.0000e+00
    489.263    10.2045   3.785871          1    34.3420      0.035     4.2966      7.626      98.71     -0.969       0.23      67519   2813.238    34.3478    26.4077    1497.84    486.000 0.0000e+00
    488.255    10.2166   3.786984          1    34.3432      0.048     4.3168      7.675      55.62     -0.661       0.11      67556   2814.800    34.3481    26.4058    1497.86    485.000 0.0000e+00
    487.247    10.2423   3.789406          1    34.3443      0.034     4.3031      7.613      98.54     -0.654      -0.06      67592   2816.307    34.3489    26.4020    1497.94    484.000 0.0000e+00
    486.239    10.2516   3.790307          1    34.3456      0.035     4.3079      7.673      96.12     -0.700       0.02      67627   2817.762    34.3496    26.4010    1497.96    483.000 0.0000e+00
    485.231    10.2902   3.794140          1    34.3482      0.033     4.3162      7.739      98.77     -0.657      -0.02      67663   2819.260    34.3524    26.3965    1498.08    482.000 0.0000e+00
    484.223    10.3204   3.796996          1    34.3488      0.035     4.3166      7.737      98.71     -0.796      -0.25      67690   2820.366    34.3532    26.3919    1498.17    481.000 0.0000e+00
    483.215    10.3308   3.797937          1    34.3492      0.034     4.3173      7.602      98.71     -1.037      -0.27      67710   2821.224    34.3534    26.3902    1498.19    480.000 0.0000e+00
    482.207    10.3525   3.800003          1    34.3499      0.044     4.3215      7.705      75.11     -1.184      -0.07      67731   2822.071    34.3542    26.3871    1498.26    479.000 0.0000e+00
    481.200    10.3664   3.801279          1    34.3502      0.037     4.3201      7.686      95.52     -1.137       0.13      67754   2823.029    34.3544    26.3849    1498.29    478.000 0.0000e+00
    480.192    10.3941   3.803866          1    34.3508      0.037     4.3156      7.701      98.64     -0.918       0.20      67783   2824.241    34.3549    26.3804    1498.37    477.000 0.0000e+00
    479.184    10.4049   3.804795          1    34.3510      0.044     4.3539      7.609      75.26     -0.602       0.14      67825   2825.980    34.3545    26.3782    1498.39    476.000 0.0000e+00
    478.176    10.4265   3.806817          1    34.3517      0.034     4.3582      7.687      99.61     -0.532      -0.13      67868   2827.774    34.3550    26.3749    1498.45    475.000 0.0000e+00
    477.168    10.4445   3.808514          1    34.3523      0.035     4.3527      7.609      98.71     -0.773      -0.24      67895   2828.924    34.3556    26.3722    1498.50    474.000 0.0000e+00
    476.160    10.4638   3.810432          1    34.3537      0.032     4.3753      7.631      98.71     -0.990      -0.24      67917   2829.833    34.3572    26.3701    1498.56    473.000 0.0000e+00
    475.153    10.5423   3.818108          1    34.3562      0.060     4.3802      7.612      14.44     -1.152      -0.14      67937   2830.656    34.3610    26.3593    1498.82    472.000 0.0000e+00
    474.145    10.5907   3.822820          1    34.3572      0.035     4.3730      7.725      97.87     -1.215       0.00      67957   2831.511    34.3633    26.3526    1498.98    471.000 0.0000e+00
    473.137    10.5680   3.820570          1    34.3582      0.035     4.3999      7.760      96.63     -0.900       0.32      67990   2832.866    34.3625    26.3559    1498.88    470.000 0.0000e+00
    472.129    10.6065   3.824235          1    34.3595      0.036     4.4091      7.629      98.98     -0.305      -0.12      68046   2835.199    34.3636    26.3500    1499.01    469.000 0.0000e+00
    471.121    10.6443   3.827875          1    34.3605      0.034     4.4061      7.629      98.71     -0.719      -0.34      68074   2836.358    34.3650    26.3444    1499.12    468.000 0.0000e+00
    470.113    10.6616   3.829444          1    34.3607      0.037     4.4024      7.613      88.20     -0.984      -0.19      68096   2837.311    34.3649    26.3413    1499.17    467.000 0.0000e+00
    469.106    10.6732   3.830492          1    34.3610      0.039     4.4244      7.656      86.32     -0.982       0.15      68123   2838.426    34.3650    26.3393    1499.19    466.000 0.0000e+00
    468.098    10.6939   3.832502          1    34.3623      0.034     4.4292      7.610      98.99     -0.801       0.06      68154   2839.694    34.3662    26.3366    1499.25    465.000 0.0000e+00
    467.090    10.7139   3.834421          1    34.3632      0.036     4.4354      7.801      98.71     -0.870      -0.18      68179   2840.737    34.3670    26.3337    1499.31    464.000 0.0000e+00
    466.082    10.7475   3.837713          1    34.3646      0.045     4.4468      7.735      68.49     -1.050      -0.18      68200   2841.634    34.3689    26.3292    1499.41    463.000 0.0000e+00
    465.074    10.7542   3.838242          1    34.3647      0.042     4.4493      7.688      83.03     -1.020       0.18      68227   2842.748    34.3684    26.3276    1499.42    462.000 0.0000e+00
    464.067    10.7789   3.840714          1    34.3670      0.037     4.4600      7.620      82.83     -0.196       0.10      68292   2845.470    34.3704    26.3248    1499.49    461.000 0.0000e+00
    463.059    10.8111   3.843950          1    34.3695      0.043     4.4420      7.598      69.19     -0.648      -0.43      68325   2846.840    34.3730    26.3211    1499.59    460.000 0.0000e+00
    462.051    10.8631   3.848887          1    34.3697      0.035     4.4380      7.590      98.79     -0.990      -0.33      68346   2847.690    34.3740    26.3126    1499.76    459.000 0.0000e+00
    461.043    10.8901   3.851415          1    34.3697      0.035     4.4603      7.589      97.99     -1.178      -0.10      68366   2848.538    34.3744    26.3080    1499.84    458.000 0.0000e+00
    460.036    10.9063   3.852847          1    34.3695      0.036     4.4851      7.589      87.92     -1.130       0.13      68389   2849.495    34.3739    26.3048    1499.88    457.000 0.0000e+00
    459.028    10.9163   3.853699          1    34.3695      0.037     4.4981      7.587      98.57     -0.988       0.12      68415   2850.570    34.3735    26.3027    1499.90    456.000 0.0000e+00
    458.020    10.9240   3.854352          1    34.3697      0.040     4.5143      7.586      78.51     -0.865       0.09      68444   2851.787    34.3733    26.3011    1499.91    455.000 0.0000e+00
    457.012    10.9291   3.854774          1    34.3701      0.041     4.5249      7.585      83.18     -0.702       0.14      68481   2853.313    34.3732    26.3001    1499.91    454.000 0.0000e+00
    456.005    10.9367   3.855455          1    34.3708      0.035     4.5157      7.584      99.29     -0.465       0.01      68530   2855.365    34.3733    26.2988    1499.92    453.000 0.0000e+00
    454.997    10.9536   3.857000          1    34.3709      0.032     4.5129      7.739      98.71     -0.632      -0.21      68565   2856.839    34.3733    26.2958    1499.96    452.000 0.0000e+00
    453.989    11.0137   3.862998          1    34.3735      0.032     4.5196      7.628      98.71     -0.878      -0.24      68589   2857.854    34.3773    26.2881    1500.16    451.000 0.0000e+00
    452.981    11.0794   3.869260          1    34.3736      0.032     4.5214      7.578      98.71     -1.059      -0.16      68611   2858.752    34.3786    26.2772    1500.37    450.000 0.0000e+00
    451.974    11.1212   3.873200          1    34.3738      0.035     4.5351      7.580      86.00     -1.127      -0.01      68633   2859.649    34.3791    26.2701    1500.50    449.000 0.0000e+00
    450.966    11.1355   3.874524          1    34.3742      0.032     4.5612      7.584      98.53     -1.104       0.05      68655   2860.590    34.3794    26.2677    1500.54    448.000 0.0000e+00
    449.958    11.1668   3.877495          1    34.3748      0.035     4.5783      7.580      98.71     -1.029       0.10      68680   2861.620    34.3801    26.2626    1500.63    447.000 0.0000e+00
