src/interpolation/Data/CTD/05w5h.cnv
* Sea-Bird SBE 9 Data File:
* FileName = E:\HOBAB2\w5.hex
* Software Version Seasave V 7.22.1
* Temperature SN = 5330
* Conductivity SN = 3693
* Number of Bytes Per Scan = 24
* Number of Voltage Words = 4
* Number of Scans Averaged by the Deck Unit = 1
* NMEA baud rate = 9600
# nquan = 18
# nvalues = 1973                        
# units = specified
# name 0 = prDM: Pressure, Digiquartz [db]
# name 1 = t090C: Temperature [ITS-90, deg C]
# name 2 = c0S/m: Conductivity [S/m]
# name 3 = pumps: Pump Status
# name 4 = sal00: Salinity, Practical [PSU]
# name 5 = seaTurbMtr: Turbidity, Seapoint [FTU]
# name 6 = sbeox0Mg/L: Oxygen, SBE 43 [mg/l]
# name 7 = ph: pH
# name 8 = altM: Altimeter [m]
# name 9 = dz/dtM: Descent Rate [m/s]
# name 10 = accM: Acceleration [m/s^2]
# name 11 = scan: Scan Count
# name 12 = timeS: Time, Elapsed [seconds]
# name 13 = sal00: Salinity, Practical [PSU]
# name 14 = sigma-t00: Density [sigma-t, kg/m^3 ]
# name 15 = svCM: Sound Velocity [Chen-Millero, m/s]
# name 16 = depSM: Depth [salt water, m], lat = 0
# name 17 = flag: flag
# span 0 =      1.005,   1001.902       
# span 1 =     4.5066,    23.4874       
# span 2 =   3.293024,   5.113154       
# span 3 =          1,          1       
# span 4 =    34.2407,    34.8063       
# span 5 =      0.027,      0.257       
# span 6 =     2.3337,     7.1338       
# span 7 =      7.563,      8.055       
# span 8 =       1.91,     106.74       
# span 9 =     -1.371,      1.353       
# span 10 =      -0.48,       0.63      
# span 11 =      11856,      91126      
# span 12 =    493.968,   3796.863      
# span 13 =    34.2385,    34.8058      
# span 14 =    23.5788,    27.2459      
# span 15 =    1483.73,    1530.50      
# span 16 =      1.000,    994.000      
# span 17 = 0.0000e+00, 0.0000e+00      
# interval = meters: 1                  
# start_time = Apr 17 2014 13:54:10 [System UTC, header]
# bad_flag = -9.990e-29
*END*
[from data line 1287]
    690.940     5.9964   3.403749          1    34.2851      0.037     2.8696      7.800      98.66     -0.508      -0.07      61510   2562.867    34.2865    26.9893    1485.19    686.000 0.0000e+00
    689.931     6.0323   3.407054          1    34.2857      0.038     2.8585      7.925      98.71     -0.662      -0.09      61545   2564.343    34.2878    26.9858    1485.32    685.000 0.0000e+00
    688.922     6.0873   3.412275          1    34.2882      0.036     2.8607      7.871      98.71     -0.776      -0.11      61575   2565.572    34.2915    26.9817    1485.52    684.000 0.0000e+00
    687.913     6.1185   3.415170          1    34.2891      0.050     2.8781      7.806      76.78     -0.919      -0.16      61599   2566.588    34.2931    26.9789    1485.63    683.000 0.0000e+00
    686.904     6.1521   3.418239          1    34.2900      0.035     2.8831      7.821      98.77     -1.034      -0.06      61622   2567.544    34.2941    26.9755    1485.75    682.000 0.0000e+00
    685.895     6.1947   3.422094          1    34.2900      0.037     2.9010      7.827      98.71     -1.019       0.07      61647   2568.580    34.2949    26.9706    1485.90    681.000 0.0000e+00
    684.887     6.2418   3.426165          1    34.2881      0.041     2.9240      7.833      92.88     -0.906       0.10      61675   2569.747    34.2935    26.9634    1486.07    680.000 0.0000e+00
    683.878     6.2914   3.430489          1    34.2867      0.050     2.9510      7.837      73.45     -0.785       0.08      61707   2571.095    34.2924    26.9562    1486.25    679.000 0.0000e+00
    682.869     6.2026   3.422880          1    34.2953      0.037     2.9959      7.987      99.80     -0.514       0.13      61754   2573.034    34.2972    26.9714    1485.89    678.000 0.0000e+00
    681.860     6.2950   3.430637          1    34.2870      0.054     2.9851      7.933      38.14     -0.582      -0.28      61792   2574.621    34.2914    26.9549    1486.23    677.000 0.0000e+00
    680.851     6.3777   3.437841          1    34.2831      0.039     2.9626      7.833      94.86     -0.899      -0.31      61815   2575.571    34.2892    26.9424    1486.54    676.000 0.0000e+00
    679.843     6.3980   3.439574          1    34.2828      0.038     2.9661      7.832      98.62     -1.105      -0.13      61836   2576.454    34.2886    26.9393    1486.60    675.000 0.0000e+00
    678.834     6.4086   3.440454          1    34.2830      0.038     2.9993      7.924      94.73     -1.029       0.20      61862   2577.560    34.2883    26.9376    1486.62    674.000 0.0000e+00
    677.825     6.4084   3.440315          1    34.2830      0.039     3.0520      7.978      98.93     -0.698       0.12      61897   2579.006    34.2874    26.9369    1486.60    673.000 0.0000e+00
    676.816     6.4196   3.441301          1    34.2837      0.037     3.0664      7.816      98.71     -0.801      -0.23      61924   2580.120    34.2877    26.9358    1486.63    672.000 0.0000e+00
    675.807     6.4362   3.442725          1    34.2835      0.055     3.0625      7.809      98.71     -0.994      -0.11      61947   2581.099    34.2874    26.9333    1486.68    671.000 0.0000e+00
    674.798     6.4307   3.442144          1    34.2838      0.046     3.0655      7.804      86.07     -0.844       0.22      61980   2582.452    34.2869    26.9336    1486.64    670.000 0.0000e+00
    673.790     6.4355   3.442513          1    34.2843      0.038     3.0697      7.801      99.53     -0.464      -0.01      62026   2584.396    34.2867    26.9329    1486.64    669.000 0.0000e+00
    672.781     6.4409   3.442919          1    34.2841      0.045     3.0685      7.796      79.15     -0.706      -0.27      62057   2585.661    34.2863    26.9318    1486.65    668.000 0.0000e+00
    671.772     6.4518   3.443824          1    34.2837      0.048     3.0611      7.796      70.78     -0.937      -0.17      62081   2586.657    34.2859    26.9301    1486.67    667.000 0.0000e+00
    670.763     6.4563   3.444153          1    34.2836      0.041     3.0661      7.806      98.13     -1.029      -0.02      62105   2587.646    34.2856    26.9292    1486.67    666.000 0.0000e+00
    669.755     6.4567   3.444140          1    34.2837      0.037     3.0617      7.796      98.71     -0.926       0.15      62133   2588.825    34.2855    26.9291    1486.66    665.000 0.0000e+00
    668.746     6.4536   3.443789          1    34.2838      0.051     3.0751      7.831      47.33     -0.728       0.07      62167   2590.233    34.2852    26.9293    1486.63    664.000 0.0000e+00
    667.737     6.4587   3.444212          1    34.2840      0.036     3.0764      7.816      99.26     -0.766      -0.11      62196   2591.471    34.2853    26.9286    1486.63    663.000 0.0000e+00
    666.728     6.4630   3.444523          1    34.2837      0.038     3.0798      7.794      98.71     -0.893      -0.07      62223   2592.576    34.2849    26.9278    1486.63    662.000 0.0000e+00
    665.719     6.4641   3.444581          1    34.2839      0.038     3.0808      7.795      93.78     -0.844       0.11      62253   2593.846    34.2849    26.9276    1486.62    661.000 0.0000e+00
    664.711     6.4651   3.444596          1    34.2838      0.037     3.0796      7.793      98.81     -0.632       0.10      62292   2595.468    34.2846    26.9273    1486.61    660.000 0.0000e+00
    663.702     6.4684   3.444868          1    34.2840      0.043     3.0753      7.793      90.70     -0.642      -0.12      62328   2596.966    34.2848    26.9270    1486.60    659.000 0.0000e+00
    662.693     6.4825   3.446083          1    34.2836      0.050     3.0839      7.796      80.57     -0.825      -0.22      62354   2598.052    34.2846    26.9250    1486.64    658.000 0.0000e+00
    661.685     6.4912   3.446785          1    34.2831      0.038     3.0831      7.795      98.84     -1.030      -0.21      62376   2598.944    34.2842    26.9235    1486.66    657.000 0.0000e+00
    660.676     6.4966   3.447221          1    34.2830      0.038     3.0847      7.796      98.71     -1.145      -0.05      62397   2599.825    34.2842    26.9228    1486.66    656.000 0.0000e+00
    659.667     6.4964   3.447165          1    34.2832      0.040     3.0883      7.828      98.71     -0.996       0.24      62425   2600.992    34.2843    26.9229    1486.65    655.000 0.0000e+00
    658.658     6.4885   3.446419          1    34.2838      0.040     3.0977      7.803      95.37     -0.431       0.12      62474   2603.048    34.2843    26.9240    1486.60    654.000 0.0000e+00
    657.650     6.5089   3.448242          1    34.2836      0.042     3.1046      7.803      92.72     -0.643      -0.33      62508   2604.447    34.2846    26.9215    1486.66    653.000 0.0000e+00
    656.641     6.5319   3.450244          1    34.2828      0.037     3.0899      7.802      98.70     -0.937      -0.25      62530   2605.394    34.2843    26.9182    1486.74    652.000 0.0000e+00
    655.632     6.5459   3.451489          1    34.2829      0.039     3.0887      7.804      98.71     -1.050       0.03      62555   2606.399    34.2846    26.9166    1486.77    651.000 0.0000e+00
    654.624     6.5370   3.450638          1    34.2834      0.050     3.0985      7.809      78.04     -0.740       0.25      62590   2607.886    34.2846    26.9178    1486.72    650.000 0.0000e+00
    653.615     6.5533   3.452179          1    34.2843      0.039     3.1062      7.809      99.33     -0.654      -0.19      62624   2609.293    34.2858    26.9166    1486.77    649.000 0.0000e+00
    652.606     6.6426   3.460344          1    34.2838      0.042     3.1051      7.808      98.71     -0.902      -0.23      62648   2610.292    34.2874    26.9060    1487.11    648.000 0.0000e+00
    651.598     6.6817   3.463924          1    34.2841      0.042     3.1138      7.806      98.71     -1.031      -0.03      62672   2611.279    34.2885    26.9016    1487.24    647.000 0.0000e+00
    650.589     6.6562   3.461545          1    34.2850      0.054     3.1387      7.802      64.52     -0.875       0.21      62702   2612.562    34.2882    26.9047    1487.13    646.000 0.0000e+00
    649.580     6.6426   3.460569          1    34.2899      0.044     3.1522      7.814      99.95     -0.580       0.05      62743   2614.265    34.2914    26.9091    1487.06    645.000 0.0000e+00
    648.571     6.7267   3.468146          1    34.2874      0.043     3.1504      7.801      98.71     -0.679      -0.14      62777   2615.658    34.2916    26.8980    1487.38    644.000 0.0000e+00
    647.563     6.8123   3.475960          1    34.2873      0.044     3.1446      7.823      98.71     -0.853      -0.13      62804   2616.778    34.2930    26.8875    1487.70    643.000 0.0000e+00
    646.554     6.8291   3.477450          1    34.2878      0.044     3.1555      7.825      98.71     -0.905       0.02      62831   2617.911    34.2932    26.8853    1487.74    642.000 0.0000e+00
    645.545     6.8401   3.478453          1    34.2888      0.051     3.1932      7.801      89.50     -0.837       0.06      62861   2619.153    34.2937    26.8842    1487.77    641.000 0.0000e+00
    644.537     6.8459   3.478913          1    34.2894      0.045     3.2111      7.798      98.75     -0.782       0.01      62892   2620.440    34.2935    26.8833    1487.78    640.000 0.0000e+00
    643.528     6.8555   3.479768          1    34.2901      0.044     3.2153      7.793      98.71     -0.811      -0.05      62921   2621.659    34.2939    26.8823    1487.80    639.000 0.0000e+00
    642.520     6.8645   3.480585          1    34.2909      0.052     3.2114      7.800      93.43     -0.857      -0.03      62949   2622.826    34.2943    26.8814    1487.82    638.000 0.0000e+00
    641.511     6.8908   3.483043          1    34.2920      0.059     3.2083      7.822      78.30     -0.828       0.06      62979   2624.085    34.2956    26.8789    1487.90    637.000 0.0000e+00
    640.502     6.9053   3.484313          1    34.2923      0.046     3.2110      7.798      98.94     -0.736       0.05      63012   2625.473    34.2957    26.8769    1487.94    636.000 0.0000e+00
    639.494     6.9175   3.485400          1    34.2928      0.047     3.2219      7.799      98.71     -0.745      -0.05      63044   2626.794    34.2959    26.8754    1487.98    635.000 0.0000e+00
    638.485     6.9656   3.489861          1    34.2936      0.065     3.2259      7.796      49.95     -0.813      -0.05      63073   2628.004    34.2976    26.8702    1488.15    634.000 0.0000e+00
    637.476     6.9827   3.491360          1    34.2937      0.047     3.2310      7.796      98.50     -0.848       0.01      63102   2629.203    34.2975    26.8678    1488.20    633.000 0.0000e+00
    636.468     6.9879   3.491815          1    34.2945      0.060     3.2528      7.797      98.71     -0.777       0.09      63134   2630.562    34.2979    26.8673    1488.20    632.000 0.0000e+00
    635.459     6.9854   3.491475          1    34.2946      0.049     3.2520      7.794      98.71     -0.638       0.02      63172   2632.124    34.2971    26.8670    1488.17    631.000 0.0000e+00
    634.451     6.9978   3.492666          1    34.2958      0.046     3.2471      7.859      98.71     -0.750      -0.20      63201   2633.346    34.2983    26.8663    1488.21    630.000 0.0000e+00
    633.442     7.0255   3.495121          1    34.2953      0.045     3.2555      7.791      98.25     -0.953      -0.20      63224   2634.311    34.2981    26.8624    1488.30    629.000 0.0000e+00
    632.433     7.0733   3.499415          1    34.2944      0.054     3.2493      7.758      84.64     -1.075      -0.06      63247   2635.239    34.2982    26.8558    1488.47    628.000 0.0000e+00
    631.425     7.0937   3.501191          1    34.2941      0.050     3.2598      7.836      98.12     -0.990       0.18      63274   2636.368    34.2979    26.8527    1488.53    627.000 0.0000e+00
    630.416     7.0511   3.497222          1    34.2952      0.048     3.2891      7.846      98.71     -0.638       0.16      63313   2638.002    34.2972    26.8581    1488.35    626.000 0.0000e+00
    629.408     7.0648   3.498511          1    34.2962      0.066     3.2951      7.829      70.21     -0.630      -0.15      63349   2639.515    34.2982    26.8570    1488.38    625.000 0.0000e+00
    628.399     7.1387   3.505207          1    34.2951      0.047     3.2766      7.826      98.44     -0.796      -0.06      63379   2640.758    34.2986    26.8470    1488.65    624.000 0.0000e+00
    627.390     7.1584   3.506945          1    34.2951      0.048     3.2825      7.786      93.21     -0.661       0.15      63417   2642.353    34.2986    26.8443    1488.71    623.000 0.0000e+00
    626.382     7.1718   3.508251          1    34.2967      0.062     3.2950      7.790      54.01     -0.638      -0.20      63452   2643.790    34.3000    26.8435    1488.75    622.000 0.0000e+00
    625.373     7.2261   3.513208          1    34.2966      0.045     3.3099      7.787      99.22     -0.906      -0.28      63475   2644.762    34.3008    26.8366    1488.94    621.000 0.0000e+00
    624.365     7.2461   3.515015          1    34.2970      0.045     3.3145      7.786      98.71     -1.090      -0.12      63497   2645.650    34.3012    26.8341    1489.00    620.000 0.0000e+00
    623.356     7.2599   3.516250          1    34.2973      0.046     3.3209      7.792      98.71     -1.091       0.08      63520   2646.634    34.3014    26.8323    1489.04    619.000 0.0000e+00
    622.348     7.2688   3.517038          1    34.2979      0.047     3.3424      7.790      98.71     -0.931       0.14      63548   2647.790    34.3018    26.8313    1489.06    618.000 0.0000e+00
    621.339     7.2574   3.515826          1    34.2975      0.046     3.3578      7.790      98.71     -0.740       0.15      63583   2649.250    34.3002    26.8317    1489.00    617.000 0.0000e+00
    620.331     7.2211   3.512519          1    34.2995      0.050     3.3585      7.789      90.70     -0.473       0.04      63632   2651.283    34.3006    26.8371    1488.84    616.000 0.0000e+00
    619.322     7.2626   3.516318          1    34.2994      0.054     3.3336      7.790      98.81     -0.616      -0.22      63669   2652.813    34.3014    26.8319    1488.99    615.000 0.0000e+00
    618.314     7.3107   3.520677          1    34.2986      0.046     3.3267      7.790      98.71     -0.859      -0.21      63694   2653.876    34.3018    26.8254    1489.15    614.000 0.0000e+00
    617.305     7.3683   3.526084          1    34.3001      0.070     3.3297      7.790      62.52     -1.005      -0.10      63717   2654.845    34.3041    26.8191    1489.36    613.000 0.0000e+00
    616.297     7.4496   3.533387          1    34.2975      0.047     3.3478      7.820      98.79     -1.045       0.01      63741   2655.815    34.3036    26.8071    1489.66    612.000 0.0000e+00
    615.288     7.4825   3.536474          1    34.2989      0.045     3.3707      7.787      98.71     -1.020       0.04      63765   2656.833    34.3051    26.8036    1489.77    611.000 0.0000e+00
    614.280     7.4894   3.537013          1    34.2993      0.050     3.3980      7.792      98.71     -0.921       0.12      63793   2657.998    34.3047    26.8023    1489.78    610.000 0.0000e+00
    613.271     7.4715   3.535241          1    34.3000      0.047     3.4429      7.792      98.71     -0.652       0.18      63832   2659.644    34.3036    26.8040    1489.69    609.000 0.0000e+00
    612.263     7.4758   3.535713          1    34.3016      0.045     3.4387      7.803      98.71     -0.505      -0.09      63878   2661.557    34.3049    26.8044    1489.69    608.000 0.0000e+00
