src/interpolation/Data/CTD/05w5h.cnv
* Sea-Bird SBE 9 Data File:
* FileName = E:\HOBAB2\w5.hex
* Software Version Seasave V 7.22.1
* Temperature SN = 5330
* Conductivity SN = 3693
* Number of Bytes Per Scan = 24
* Number of Voltage Words = 4
* Number of Scans Averaged by the Deck Unit = 1
* NMEA baud rate = 9600
# nquan = 18
# nvalues = 1973                        
# units = specified
# name 0 = prDM: Pressure, Digiquartz [db]
# name 1 = t090C: Temperature [ITS-90, deg C]
# name 2 = c0S/m: Conductivity [S/m]
# name 3 = pumps: Pump Status
# name 4 = sal00: Salinity, Practical [PSU]
# name 5 = seaTurbMtr: Turbidity, Seapoint [FTU]
# name 6 = sbeox0Mg/L: Oxygen, SBE 43 [mg/l]
# name 7 = ph: pH
# name 8 = altM: Altimeter [m]
# name 9 = dz/dtM: Descent Rate [m/s]
# name 10 = accM: Acceleration [m/s^2]
# name 11 = scan: Scan Count
# name 12 = timeS: Time, Elapsed [seconds]
# name 13 = sal00: Salinity, Practical [PSU]
# name 14 = sigma-t00: Density [sigma-t, kg/m^3 ]
# name 15 = svCM: Sound Velocity [Chen-Millero, m/s]
# name 16 = depSM: Depth [salt water, m], lat = 0
# name 17 = flag: flag
# span 0 =      1.005,   1001.902       
# span 1 =     4.5066,    23.4874       
# span 2 =   3.293024,   5.113154       
# span 3 =          1,          1       
# span 4 =    34.2407,    34.8063       
# span 5 =      0.027,      0.257       
# span 6 =     2.3337,     7.1338       
# span 7 =      7.563,      8.055       
# span 8 =       1.91,     106.74       
# span 9 =     -1.371,      1.353       
# span 10 =      -0.48,       0.63      
# span 11 =      11856,      91126      
# span 12 =    493.968,   3796.863      
# span 13 =    34.2385,    34.8058      
# span 14 =    23.5788,    27.2459      
# span 15 =    1483.73,    1530.50      
# span 16 =      1.000,    994.000      
# span 17 = 0.0000e+00, 0.0000e+00      
# interval = meters: 1                  
# start_time = Apr 17 2014 13:54:10 [System UTC, header]
# bad_flag = -9.990e-29
*END*
[from data line 805]
    826.172     5.1527   3.339543          1    34.3480      0.038     2.5290      7.657      82.56      0.874      -0.16      42622   1775.873    34.3479    27.1405    1484.11    820.000 0.0000e+00
    827.182     5.1428   3.338776          1    34.3490      0.035     2.5305      7.670      97.79      0.370      -0.10      42677   1778.152    34.3487    27.1423    1484.09    821.000 0.0000e+00
    828.191     5.1515   3.339544          1    34.3483      0.067     2.5262      7.672      34.38      0.641       0.37      42710   1779.547    34.3481    27.1409    1484.14    822.000 0.0000e+00
    829.201     5.1515   3.339592          1    34.3481      0.036     2.5231      7.672      98.52      0.970       0.32      42731   1780.435    34.3482    27.1409    1484.15    823.000 0.0000e+00
    830.210     5.1406   3.338829          1    34.3504      0.032     2.5204      7.663      98.71      1.161       0.11      42752   1781.290    34.3501    27.1437    1484.13    824.000 0.0000e+00
    831.220     5.1382   3.338710          1    34.3510      0.036     2.5291      7.620      92.12      1.041      -0.24      42779   1782.398    34.3506    27.1444    1484.14    825.000 0.0000e+00
    832.229     5.1370   3.338655          1    34.3511      0.038     2.5182      7.680      98.89      0.715      -0.11      42813   1783.827    34.3507    27.1446    1484.15    826.000 0.0000e+00
    833.239     5.1342   3.338471          1    34.3513      0.045     2.5200      7.711      71.28      0.774       0.15      42842   1785.046    34.3510    27.1451    1484.15    827.000 0.0000e+00
    834.249     5.1339   3.338496          1    34.3514      0.044     2.5205      7.680      81.40      0.889       0.03      42869   1786.180    34.3511    27.1453    1484.17    828.000 0.0000e+00
    835.258     5.1335   3.338491          1    34.3512      0.035     2.5161      7.718      98.50      0.755      -0.16      42904   1787.607    34.3510    27.1452    1484.18    829.000 0.0000e+00
    836.268     5.1325   3.338485          1    34.3517      0.033     2.5254      7.738      98.71      0.623       0.06      42941   1789.171    34.3514    27.1457    1484.20    830.000 0.0000e+00
    837.277     5.1298   3.338340          1    34.3523      0.037     2.5341      7.739      98.71      0.775       0.17      42970   1790.372    34.3520    27.1465    1484.20    831.000 0.0000e+00
    838.287     5.1278   3.338211          1    34.3524      0.049     2.5276      7.721      77.06      0.931       0.10      42995   1791.413    34.3521    27.1468    1484.21    832.000 0.0000e+00
    839.296     5.1308   3.338466          1    34.3516      0.037     2.5253      7.777      93.25      0.934      -0.08      43022   1792.547    34.3514    27.1459    1484.24    833.000 0.0000e+00
    840.306     5.1298   3.338471          1    34.3521      0.037     2.5177      7.754      98.65      0.789      -0.10      43054   1793.880    34.3520    27.1464    1484.25    834.000 0.0000e+00
    841.316     5.1281   3.338396          1    34.3526      0.043     2.5190      7.744      75.62      0.717      -0.01      43088   1795.294    34.3524    27.1470    1484.26    835.000 0.0000e+00
    842.325     5.1280   3.338426          1    34.3525      0.051     2.5201      7.747      83.10      0.720       0.03      43121   1796.670    34.3523    27.1469    1484.28    836.000 0.0000e+00
    843.335     5.1279   3.338478          1    34.3526      0.043     2.5119      7.747      98.71      0.812       0.13      43149   1797.834    34.3525    27.1471    1484.30    837.000 0.0000e+00
    844.344     5.1298   3.338655          1    34.3522      0.035     2.5178      7.746      98.71      0.951       0.11      43173   1798.847    34.3522    27.1466    1484.32    838.000 0.0000e+00
    845.354     5.1217   3.338069          1    34.3534      0.038     2.5149      7.746      98.71      0.967      -0.08      43200   1799.951    34.3532    27.1483    1484.31    839.000 0.0000e+00
    846.364     5.1169   3.337723          1    34.3540      0.042     2.5229      7.746      98.71      0.695      -0.18      43237   1801.495    34.3537    27.1493    1484.30    840.000 0.0000e+00
    847.373     5.1127   3.337432          1    34.3545      0.038     2.5188      7.746      89.33      0.623       0.13      43274   1803.023    34.3541    27.1501    1484.30    841.000 0.0000e+00
    848.383     5.1103   3.337281          1    34.3547      0.036     2.5279      7.745      98.55      0.818       0.15      43301   1804.173    34.3543    27.1506    1484.31    842.000 0.0000e+00
    849.393     5.1080   3.337146          1    34.3550      0.034     2.5193      7.745      98.70      0.920       0.03      43327   1805.265    34.3546    27.1511    1484.32    843.000 0.0000e+00
    850.402     5.1133   3.337610          1    34.3543      0.032     2.5114      7.745      98.71      0.844      -0.12      43358   1806.530    34.3541    27.1500    1484.36    844.000 0.0000e+00
    851.412     5.1142   3.337716          1    34.3538      0.044     2.5144      7.747      92.06      0.722      -0.02      43391   1807.928    34.3538    27.1497    1484.38    845.000 0.0000e+00
    852.421     5.1023   3.336792          1    34.3554      0.036     2.5141      7.750      97.55      0.766       0.07      43422   1809.209    34.3550    27.1520    1484.35    846.000 0.0000e+00
    853.431     5.0786   3.334816          1    34.3569      0.035     2.5144      7.730      98.70      0.818       0.00      43452   1810.449    34.3560    27.1556    1484.27    847.000 0.0000e+00
    854.441     5.0635   3.333569          1    34.3578      0.054     2.5149      7.743      59.23      0.749      -0.07      43485   1811.832    34.3566    27.1578    1484.22    848.000 0.0000e+00
    855.450     5.0524   3.332669          1    34.3584      0.036     2.5032      7.678      99.63      0.740       0.08      43516   1813.135    34.3571    27.1595    1484.20    849.000 0.0000e+00
    856.460     5.0216   3.330114          1    34.3609      0.034     2.5046      7.714      98.71      0.879       0.16      43542   1814.199    34.3588    27.1644    1484.09    850.000 0.0000e+00
    857.470     5.0201   3.330017          1    34.3606      0.034     2.4962      7.680      98.71      1.001       0.08      43565   1815.182    34.3587    27.1645    1484.10    851.000 0.0000e+00
    858.479     5.0119   3.329384          1    34.3611      0.035     2.4853      7.699      98.71      0.945      -0.16      43593   1816.353    34.3594    27.1660    1484.08    852.000 0.0000e+00
    859.489     4.9959   3.328067          1    34.3618      0.039     2.4834      7.679      93.90      0.471      -0.15      43643   1818.433    34.3600    27.1683    1484.03    853.000 0.0000e+00
    860.499     4.9868   3.327388          1    34.3626      0.034     2.4814      7.636      98.88      0.538       0.23      43687   1820.255    34.3611    27.1702    1484.01    854.000 0.0000e+00
    861.508     4.9833   3.327152          1    34.3629      0.037     2.4818      7.679      98.71      0.821       0.27      43713   1821.318    34.3614    27.1709    1484.02    855.000 0.0000e+00
    862.518     4.9875   3.327543          1    34.3624      0.033     2.4728      7.702      97.43      1.036       0.18      43734   1822.217    34.3612    27.1702    1484.05    856.000 0.0000e+00
    863.528     4.9832   3.327244          1    34.3628      0.048     2.4664      7.676      63.79      1.134       0.05      43755   1823.098    34.3616    27.1711    1484.05    857.000 0.0000e+00
    864.538     4.9792   3.326957          1    34.3630      0.034     2.4726      7.611      98.22      1.125      -0.06      43778   1824.029    34.3619    27.1718    1484.05    858.000 0.0000e+00
    865.547     4.9672   3.325995          1    34.3639      0.036     2.4709      7.684      98.71      0.998      -0.17      43804   1825.142    34.3627    27.1737    1484.02    859.000 0.0000e+00
    866.557     4.9651   3.325862          1    34.3639      0.044     2.4728      7.732      73.61      0.568      -0.19      43849   1826.983    34.3628    27.1741    1484.03    860.000 0.0000e+00
    867.567     4.9578   3.325276          1    34.3639      0.036     2.4639      7.785      98.91      0.535       0.13      43893   1828.848    34.3630    27.1751    1484.02    861.000 0.0000e+00
    868.576     4.9198   3.322199          1    34.3678      0.037     2.4769      7.746      98.71      0.698       0.09      43927   1830.244    34.3660    27.1818    1483.88    862.000 0.0000e+00
    869.586     4.9141   3.321723          1    34.3677      0.035     2.4705      7.715      98.71      0.813       0.12      43955   1831.421    34.3659    27.1824    1483.87    863.000 0.0000e+00
    870.596     4.9137   3.321742          1    34.3675      0.034     2.4593      7.752      98.71      0.938       0.12      43979   1832.435    34.3660    27.1825    1483.89    864.000 0.0000e+00
    871.606     4.9147   3.321870          1    34.3673      0.035     2.4517      7.765      98.71      1.016       0.03      44003   1833.421    34.3660    27.1824    1483.91    865.000 0.0000e+00
    872.615     4.9126   3.321744          1    34.3673      0.039     2.4514      7.719      86.23      1.014      -0.02      44027   1834.430    34.3661    27.1827    1483.92    866.000 0.0000e+00
    873.625     4.9096   3.321548          1    34.3676      0.035     2.4494      7.638      98.55      0.973      -0.06      44053   1835.507    34.3665    27.1833    1483.92    867.000 0.0000e+00
    874.635     4.9023   3.320972          1    34.3679      0.036     2.4453      7.687      98.71      0.732      -0.21      44090   1837.033    34.3668    27.1844    1483.91    868.000 0.0000e+00
    875.645     4.8960   3.320506          1    34.3683      0.045     2.4533      7.631      78.26      0.399       0.04      44143   1839.230    34.3674    27.1856    1483.90    869.000 0.0000e+00
    876.654     4.8986   3.320769          1    34.3680      0.041     2.4511      7.660      99.21      0.685       0.32      44173   1840.496    34.3672    27.1852    1483.93    870.000 0.0000e+00
    877.664     4.8995   3.320895          1    34.3679      0.033     2.4385      7.765      98.71      0.967       0.25      44195   1841.422    34.3673    27.1851    1483.95    871.000 0.0000e+00
    878.674     4.8948   3.320531          1    34.3680      0.051     2.4402      7.771      60.87      1.094       0.02      44218   1842.357    34.3675    27.1858    1483.95    872.000 0.0000e+00
    879.684     4.8793   3.319291          1    34.3695      0.045     2.4506      7.732      83.52      0.990      -0.16      44244   1843.467    34.3685    27.1884    1483.90    873.000 0.0000e+00
    880.693     4.8766   3.319110          1    34.3696      0.033     2.4497      7.744      98.62      0.822      -0.07      44274   1844.722    34.3687    27.1888    1483.91    874.000 0.0000e+00
    881.703     4.8737   3.318898          1    34.3696      0.038     2.4441      7.748      98.71      0.817       0.01      44304   1845.952    34.3687    27.1892    1483.91    875.000 0.0000e+00
    882.713     4.8570   3.317541          1    34.3708      0.033     2.4400      7.777      98.71      0.765      -0.08      44337   1847.319    34.3697    27.1919    1483.86    876.000 0.0000e+00
    883.723     4.8574   3.317607          1    34.3705      0.036     2.4407      7.709      98.71      0.699       0.01      44371   1848.743    34.3696    27.1918    1483.88    877.000 0.0000e+00
    884.733     4.8448   3.316595          1    34.3714      0.041     2.4376      7.752      87.61      0.775       0.07      44401   1850.006    34.3703    27.1937    1483.85    878.000 0.0000e+00
    885.742     4.8368   3.315972          1    34.3720      0.037     2.4398      7.749      98.80      0.810      -0.01      44431   1851.260    34.3708    27.1951    1483.83    879.000 0.0000e+00
    886.752     4.8395   3.316238          1    34.3716      0.037     2.4346      7.707      98.71      0.831       0.07      44459   1852.429    34.3706    27.1946    1483.86    880.000 0.0000e+00
    887.762     4.8412   3.316436          1    34.3714      0.042     2.4307      7.716      87.75      0.921       0.06      44485   1853.497    34.3706    27.1944    1483.88    881.000 0.0000e+00
    888.772     4.8379   3.316193          1    34.3715      0.045     2.4314      7.741      81.82      0.904      -0.09      44513   1854.674    34.3708    27.1949    1483.89    882.000 0.0000e+00
    889.782     4.8356   3.316051          1    34.3716      0.039     2.4248      7.773      98.94      0.714      -0.13      44548   1856.145    34.3710    27.1953    1483.90    883.000 0.0000e+00
    890.792     4.8350   3.316046          1    34.3716      0.041     2.4296      7.752      93.24      0.684       0.13      44582   1857.526    34.3711    27.1955    1483.91    884.000 0.0000e+00
    891.801     4.8338   3.315984          1    34.3716      0.055     2.4319      7.748      44.90      0.886       0.22      44606   1858.545    34.3711    27.1956    1483.92    885.000 0.0000e+00
    892.811     4.8346   3.316101          1    34.3715      0.035     2.4340      7.748      98.29      1.034       0.07      44629   1859.513    34.3711    27.1956    1483.94    886.000 0.0000e+00
    893.821     4.8365   3.316306          1    34.3713      0.051     2.4338      7.742      98.71      0.945      -0.16      44657   1860.685    34.3710    27.1953    1483.96    887.000 0.0000e+00
    894.831     4.8385   3.316526          1    34.3711      0.034     2.4294      7.776      98.71      0.653      -0.13      44695   1862.271    34.3710    27.1950    1483.99    888.000 0.0000e+00
    895.841     4.8374   3.316473          1    34.3712      0.035     2.4297      7.756      98.71      0.655       0.13      44731   1863.734    34.3710    27.1951    1484.00    889.000 0.0000e+00
    896.851     4.8377   3.316544          1    34.3712      0.035     2.4320      7.773      95.45      0.825       0.14      44758   1864.884    34.3711    27.1952    1484.02    890.000 0.0000e+00
    897.860     4.8367   3.316509          1    34.3712      0.039     2.4309      7.781      90.52      0.908       0.01      44785   1865.996    34.3711    27.1953    1484.03    891.000 0.0000e+00
    898.870     4.8324   3.316181          1    34.3715      0.037     2.4246      7.753      98.58      0.850      -0.08      44815   1867.231    34.3713    27.1960    1484.03    892.000 0.0000e+00
    899.880     4.8330   3.316278          1    34.3714      0.037     2.4275      7.846      98.71      0.792       0.01      44845   1868.494    34.3713    27.1958    1484.05    893.000 0.0000e+00
    900.890     4.8362   3.316592          1    34.3711      0.052     2.4241      7.860      65.18      0.848       0.08      44872   1869.632    34.3711    27.1954    1484.08    894.000 0.0000e+00
    901.900     4.8348   3.316522          1    34.3714      0.039     2.4237      7.846      98.52      0.954       0.12      44896   1870.637    34.3713    27.1957    1484.09    895.000 0.0000e+00
    902.910     4.8347   3.316549          1    34.3712      0.037     2.4271      7.857      98.71      0.988      -0.07      44922   1871.714    34.3712    27.1956    1484.11    896.000 0.0000e+00
    903.920     4.8322   3.316383          1    34.3714      0.037     2.4297      7.853      98.68      0.641      -0.22      44962   1873.384    34.3713    27.1960    1484.12    897.000 0.0000e+00
    904.930     4.8339   3.316572          1    34.3713      0.049     2.4302      7.880      67.46      0.588       0.21      45000   1874.969    34.3712    27.1957    1484.14    898.000 0.0000e+00
