src/interpolation/Data/CTD/06w6h.cnv
* Sea-Bird SBE 9 Data File:
* FileName = E:\HOBAB2\w6.hex
* Software Version Seasave V 7.22.1
* Temperature SN = 5330
* Conductivity SN = 3693
* Number of Bytes Per Scan = 24
* Number of Voltage Words = 4
* Number of Scans Averaged by the Deck Unit = 1
* NMEA baud rate = 9600
# nquan = 18
# nvalues = 2020                        
# units = specified
# name 0 = prDM: Pressure, Digiquartz [db]
# name 1 = t090C: Temperature [ITS-90, deg C]
# name 2 = c0S/m: Conductivity [S/m]
# name 3 = pumps: Pump Status
# name 4 = sal00: Salinity, Practical [PSU]
# name 5 = seaTurbMtr: Turbidity, Seapoint [FTU]
# name 6 = sbeox0Mg/L: Oxygen, SBE 43 [mg/l]
# name 7 = ph: pH
# name 8 = altM: Altimeter [m]
# name 9 = dz/dtM: Descent Rate [m/s]
# name 10 = accM: Acceleration [m/s^2]
# name 11 = scan: Scan Count
# name 12 = timeS: Time, Elapsed [seconds]
# name 13 = sal00: Salinity, Practical [PSU]
# name 14 = sigma-t00: Density [sigma-t, kg/m^3 ]
# name 15 = svCM: Sound Velocity [Chen-Millero, m/s]
# name 16 = depSM: Depth [salt water, m], lat = 0
# name 17 = flag: flag
# span 0 =      1.005,   1023.121       
# span 1 =     4.2725,    23.6382       
# span 2 =   3.273437,   5.122745       
# span 3 =          1,          1       
# span 4 =    34.2312,    34.8001       
# span 5 =      0.026,      0.203       
# span 6 =     2.2697,     7.0511       
# span 7 =      7.595,      8.025       
# span 8 =       1.38,     105.19       
# span 9 =     -1.095,      1.135       
# span 10 =      -0.48,       0.55      
# span 11 =      21859,     124611      
# span 12 =    910.731,   5192.097      
# span 13 =    34.2294,    34.8008      
# span 14 =    23.5007,    27.2819      
# span 15 =    1482.74,    1530.84      
# span 16 =      1.000,   1015.000      
# span 17 = 0.0000e+00, 0.0000e+00      
# interval = meters: 1                  
# start_time = Apr 17 2014 17:57:06 [System UTC, header]
# bad_flag = -9.990e-29
*END*
[from data line 322]
    334.104    14.7389   4.231422          1    34.5512      0.038     5.4668      7.873      80.61      0.526       0.09      39851   1660.403    34.5479    25.6803    1510.85    332.000 0.0000e+00
    335.111    14.7289   4.230460          1    34.5505      0.033     5.5140      7.872      97.90      0.631      -0.01      39889   1662.006    34.5476    25.6822    1510.84    333.000 0.0000e+00
    336.118    14.7171   4.229285          1    34.5492      0.040     5.5259      7.873      76.76      0.402      -0.09      39945   1664.354    34.5469    25.6841    1510.81    334.000 0.0000e+00
    337.125    14.6889   4.226173          1    34.5456      0.031     5.4980      7.873      99.13      0.525       0.20      39992   1666.290    34.5431    25.6873    1510.74    335.000 0.0000e+00
    338.132    14.6463   4.221801          1    34.5434      0.035     5.5202      7.873      98.71      0.719       0.08      40024   1667.643    34.5404    25.6945    1510.61    336.000 0.0000e+00
    339.140    14.6347   4.220859          1    34.5444      0.031     5.5315      7.873      98.71      0.752      -0.03      40057   1669.002    34.5417    25.6979    1510.60    337.000 0.0000e+00
    340.147    14.6282   4.220306          1    34.5443      0.032     5.5101      7.873      95.53      0.557      -0.14      40102   1670.891    34.5420    25.6996    1510.59    338.000 0.0000e+00
    341.154    14.6232   4.220012          1    34.5449      0.032     5.4659      7.873      99.20      0.252       0.06      40177   1674.012    34.5433    25.7017    1510.59    339.000 0.0000e+00
    342.161    14.6189   4.219659          1    34.5449      0.040     5.4559      7.873      75.24      0.593       0.23      40216   1675.626    34.5436    25.7028    1510.60    340.000 0.0000e+00
    343.168    14.6153   4.219406          1    34.5452      0.034     5.4482      7.873      97.95      0.750      -0.00      40248   1676.974    34.5441    25.7040    1510.60    341.000 0.0000e+00
    344.176    14.6137   4.219297          1    34.5450      0.032     5.3970      7.873      98.71      0.496      -0.13      40297   1679.017    34.5440    25.7043    1510.61    342.000 0.0000e+00
    345.183    14.6046   4.218297          1    34.5435      0.036     5.4289      7.873      94.47      0.481       0.16      40347   1681.081    34.5425    25.7051    1510.60    343.000 0.0000e+00
    346.190    14.5729   4.215058          1    34.5423      0.033     5.4039      7.873      95.36      0.703       0.10      40380   1682.453    34.5407    25.7105    1510.51    344.000 0.0000e+00
    347.197    14.5319   4.210802          1    34.5399      0.033     5.3851      7.873      98.64      0.715      -0.06      40415   1683.905    34.5377    25.7170    1510.39    345.000 0.0000e+00
    348.204    14.5212   4.209850          1    34.5400      0.037     5.3838      7.873      86.34      0.561      -0.09      40459   1685.759    34.5380    25.7195    1510.38    346.000 0.0000e+00
    349.212    14.5024   4.207859          1    34.5378      0.034     5.4286      7.873      95.90      0.297      -0.01      40529   1688.678    34.5361    25.7221    1510.33    347.000 0.0000e+00
    350.219    14.4736   4.204946          1    34.5365      0.040     5.4158      7.872      69.84      0.507       0.16      40579   1690.745    34.5345    25.7270    1510.26    348.000 0.0000e+00
    351.226    14.4671   4.204229          1    34.5350      0.032     5.3949      7.872      99.02      0.686       0.09      40613   1692.162    34.5332    25.7274    1510.25    349.000 0.0000e+00
    352.233    14.4582   4.203306          1    34.5339      0.031     5.4001      7.872      98.71      0.754       0.02      40645   1693.488    34.5323    25.7286    1510.24    350.000 0.0000e+00
    353.241    14.4517   4.202589          1    34.5327      0.032     5.4402      7.873      98.71      0.692      -0.11      40681   1695.019    34.5311    25.7291    1510.23    351.000 0.0000e+00
    354.248    14.4307   4.200280          1    34.5296      0.031     5.4866      7.873      98.71      0.177      -0.02      40766   1698.532    34.5282    25.7313    1510.17    352.000 0.0000e+00
    355.255    14.3752   4.194379          1    34.5253      0.033     5.4940      7.873      92.66      0.523       0.16      40818   1700.692    34.5229    25.7391    1510.01    353.000 0.0000e+00
    356.262    14.3455   4.191485          1    34.5250      0.039     5.4932      7.873      81.50      0.716       0.11      40850   1702.030    34.5223    25.7449    1509.93    354.000 0.0000e+00
    357.270    14.2846   4.184896          1    34.5191      0.032     5.4773      7.873      97.99      0.738      -0.06      40884   1703.439    34.5154    25.7525    1509.74    355.000 0.0000e+00
    358.277    14.2311   4.179757          1    34.5190      0.038     5.4675      7.872      80.03      0.429      -0.12      40939   1705.734    34.5152    25.7637    1509.58    356.000 0.0000e+00
    359.284    14.2152   4.178047          1    34.5162      0.031     5.4586      7.872      99.10      0.409       0.11      41000   1708.301    34.5132    25.7655    1509.55    357.000 0.0000e+00
    360.291    14.1805   4.174433          1    34.5135      0.031     5.4778      7.873      98.71      0.510      -0.00      41048   1710.275    34.5103    25.7707    1509.45    358.000 0.0000e+00
    361.299    14.1266   4.168879          1    34.5104      0.031     5.5022      7.873      94.98      0.544       0.04      41092   1712.119    34.5067    25.7793    1509.29    359.000 0.0000e+00
    362.306    14.0935   4.165586          1    34.5090      0.032     5.4642      7.873      95.97      0.547      -0.04      41136   1713.977    34.5054    25.7852    1509.19    360.000 0.0000e+00
    363.313    14.0738   4.163622          1    34.5075      0.034     5.4737      7.873      90.80      0.452       0.00      41188   1716.138    34.5044    25.7885    1509.14    361.000 0.0000e+00
    364.320    14.0374   4.159568          1    34.5023      0.036     5.4709      7.872      82.91      0.581       0.11      41229   1717.844    34.4989    25.7920    1509.04    362.000 0.0000e+00
    365.328    14.0124   4.157192          1    34.5021      0.031     5.4636      7.872      98.50      0.677       0.01      41265   1719.334    34.4988    25.7972    1508.97    363.000 0.0000e+00
    366.335    13.9963   4.155609          1    34.5011      0.040     5.4989      7.872      70.05      0.575      -0.08      41308   1721.126    34.4981    25.8000    1508.94    364.000 0.0000e+00
    367.342    13.9724   4.153244          1    34.4996      0.030     5.5130      7.872     101.28      0.290      -0.05      41378   1724.040    34.4972    25.8043    1508.87    365.000 0.0000e+00
    368.350    13.9521   4.151231          1    34.4985      0.034     5.4823      7.872      98.71      0.520       0.32      41427   1726.088    34.4963    25.8078    1508.82    366.000 0.0000e+00
    369.357    13.9493   4.151053          1    34.4988      0.032     5.4820      7.872      98.71      0.856       0.29      41451   1727.091    34.4967    25.8087    1508.83    367.000 0.0000e+00
    370.364    13.9427   4.150436          1    34.4983      0.034     5.4670      7.872      85.70      0.991      -0.02      41476   1728.143    34.4964    25.8099    1508.83    368.000 0.0000e+00
    371.372    13.9390   4.150123          1    34.4980      0.032     5.4624      7.872      96.74      0.657      -0.22      41517   1729.840    34.4964    25.8107    1508.83    369.000 0.0000e+00
    372.379    13.9301   4.149270          1    34.4973      0.035     5.4918      7.872      85.46      0.290      -0.01      41589   1732.815    34.4961    25.8122    1508.82    370.000 0.0000e+00
    373.386    13.9256   4.148864          1    34.4970      0.046     5.4753      7.871      99.01      0.487       0.21      41641   1735.012    34.4959    25.8131    1508.82    371.000 0.0000e+00
    374.394    13.9221   4.148533          1    34.4965      0.039     5.4336      7.871      70.93      0.729       0.13      41673   1736.315    34.4955    25.8135    1508.83    372.000 0.0000e+00
    375.401    13.9066   4.146884          1    34.4949      0.034     5.4691      7.872      78.84      0.766      -0.07      41705   1737.674    34.4937    25.8154    1508.79    373.000 0.0000e+00
    376.408    13.8856   4.144903          1    34.4950      0.031     5.4879      7.871      98.49      0.588      -0.09      41747   1739.421    34.4937    25.8197    1508.74    374.000 0.0000e+00
    377.416    13.8572   4.141903          1    34.4926      0.030     5.4471      7.871      98.71      0.511      -0.02      41795   1741.401    34.4908    25.8234    1508.66    375.000 0.0000e+00
    378.423    13.7880   4.134893          1    34.4900      0.031     5.4597      7.871      90.08      0.416      -0.02      41851   1743.739    34.4872    25.8350    1508.44    376.000 0.0000e+00
    379.430    13.7642   4.132564          1    34.4891      0.030     5.4337      7.871      98.78      0.546       0.14      41895   1745.577    34.4864    25.8393    1508.38    377.000 0.0000e+00
    380.438    13.7505   4.131217          1    34.4884      0.037     5.3966      7.871      98.71      0.671       0.01      41931   1747.070    34.4857    25.8416    1508.35    378.000 0.0000e+00
    381.445    13.6978   4.125596          1    34.4833      0.033     5.4214      7.871      88.39      0.593      -0.07      41972   1748.784    34.4801    25.8482    1508.19    379.000 0.0000e+00
    382.453    13.6538   4.121478          1    34.4842      0.031     5.4117      7.871      97.96      0.556      -0.02      42016   1750.621    34.4807    25.8577    1508.06    380.000 0.0000e+00
    383.460    13.6257   4.118773          1    34.4833      0.036     5.3753      7.871      81.92      0.349      -0.04      42079   1753.234    34.4803    25.8632    1507.99    381.000 0.0000e+00
    384.467    13.5998   4.116179          1    34.4818      0.033     5.3776      7.871      98.46      0.531       0.14      42126   1755.200    34.4788    25.8674    1507.92    382.000 0.0000e+00
    385.475    13.5811   4.114352          1    34.4810      0.030     5.3836      7.871      98.71      0.606      -0.02      42166   1756.875    34.4782    25.8708    1507.87    383.000 0.0000e+00
    386.482    13.5706   4.113434          1    34.4810      0.036     5.3834      7.871      95.95      0.564      -0.01      42209   1758.666    34.4786    25.8732    1507.85    384.000 0.0000e+00
    387.490    13.5664   4.113071          1    34.4805      0.033     5.3677      7.872      92.10      0.512      -0.04      42256   1760.645    34.4786    25.8741    1507.86    385.000 0.0000e+00
    388.497    13.5605   4.112511          1    34.4797      0.031     5.3635      7.871      99.07      0.390      -0.02      42315   1763.103    34.4782    25.8750    1507.85    386.000 0.0000e+00
    389.504    13.5236   4.108577          1    34.4762      0.039     5.3643      7.871      81.88      0.543       0.17      42360   1764.963    34.4742    25.8794    1507.74    387.000 0.0000e+00
    390.512    13.4918   4.105673          1    34.4773      0.033     5.3454      7.872      96.83      0.437      -0.12      42414   1767.210    34.4751    25.8867    1507.66    388.000 0.0000e+00
    391.519    13.4749   4.103979          1    34.4760      0.038     5.3510      7.872      73.05      0.411       0.19      42476   1769.793    34.4740    25.8893    1507.62    389.000 0.0000e+00
    392.527    13.4495   4.101412          1    34.4745      0.030     5.3328      7.872      98.17      0.598       0.00      42516   1771.462    34.4724    25.8932    1507.55    390.000 0.0000e+00
    393.534    13.4315   4.099793          1    34.4751      0.042     5.3174      7.872      56.68      0.552       0.02      42559   1773.252    34.4730    25.8974    1507.51    391.000 0.0000e+00
    394.542    13.4212   4.098818          1    34.4745      0.031     5.3050      7.872      99.00      0.657       0.09      42595   1774.740    34.4727    25.8992    1507.49    392.000 0.0000e+00
    395.549    13.4086   4.097569          1    34.4739      0.033     5.3154      7.871      93.05      0.758       0.05      42626   1776.044    34.4719    25.9012    1507.46    393.000 0.0000e+00
    396.556    13.3888   4.095707          1    34.4739      0.032     5.3099      7.871      98.58      0.732      -0.07      42660   1777.471    34.4719    25.9052    1507.41    394.000 0.0000e+00
    397.564    13.3780   4.094814          1    34.4746      0.039     5.2782      7.871      76.88      0.551      -0.09      42705   1779.336    34.4728    25.9081    1507.39    395.000 0.0000e+00
    398.571    13.3461   4.091678          1    34.4737      0.030     5.2576      7.872      99.82      0.426       0.02      42759   1781.604    34.4716    25.9137    1507.31    396.000 0.0000e+00
    399.579    13.2938   4.086705          1    34.4744      0.033     5.2391      7.871      98.71      0.599       0.17      42798   1783.208    34.4716    25.9243    1507.15    397.000 0.0000e+00
    400.586    13.2700   4.084218          1    34.4724      0.033     5.1898      7.871      98.71      0.789       0.09      42828   1784.439    34.4692    25.9273    1507.08    398.000 0.0000e+00
    401.594    13.1948   4.076224          1    34.4660      0.043     5.1144      7.872      81.93      0.747      -0.10      42861   1785.847    34.4613    25.9364    1506.84    399.000 0.0000e+00
    402.601    13.0857   4.065317          1    34.4625      0.036     5.1440      7.873      98.19      0.619      -0.06      42901   1787.511    34.4565    25.9546    1506.49    400.000 0.0000e+00
    403.609    13.0059   4.057526          1    34.4608      0.041     5.0944      7.873      78.20      0.442      -0.07      42955   1789.733    34.4546    25.9691    1506.24    401.000 0.0000e+00
    404.616    12.9935   4.056401          1    34.4596      0.034     5.0545      7.873      99.36      0.475       0.11      43006   1791.858    34.4547    25.9717    1506.21    402.000 0.0000e+00
    405.624    12.9891   4.056035          1    34.4588      0.037     5.0815      7.873      82.39      0.657       0.11      43041   1793.328    34.4547    25.9726    1506.22    403.000 0.0000e+00
    406.631    12.9849   4.055690          1    34.4583      0.041     5.0656      7.873      60.61      0.771       0.07      43071   1794.599    34.4549    25.9735    1506.22    404.000 0.0000e+00
    407.639    12.9795   4.055188          1    34.4576      0.032     5.0754      7.874      96.65      0.758      -0.08      43105   1795.990    34.4546    25.9745    1506.22    405.000 0.0000e+00
    408.646    12.9739   4.054712          1    34.4570      0.032     5.0759      7.874      96.28      0.309      -0.08      43168   1798.640    34.4548    25.9757    1506.22    406.000 0.0000e+00
    409.654    12.9497   4.052115          1    34.4539      0.039     5.0820      7.875      84.07      0.533       0.05      43219   1800.731    34.4516    25.9781    1506.15    407.000 0.0000e+00
    410.661    12.9100   4.048261          1    34.4531      0.030     5.0651      7.875      99.74      0.330      -0.07      43285   1803.482    34.4507    25.9852    1506.03    408.000 0.0000e+00
    411.669    12.8760   4.044815          1    34.4509      0.040     5.0677      7.876      74.53      0.464       0.08      43342   1805.867    34.4483    25.9902    1505.93    409.000 0.0000e+00
    412.676    12.8095   4.038115          1    34.4477      0.033     5.0500      7.876      99.95      0.300      -0.06      43413   1808.851    34.4445    26.0004    1505.72    410.000 0.0000e+00
    413.684    12.7511   4.032226          1    34.4447      0.030     5.0511      7.876      98.71      0.470       0.17      43472   1811.310    34.4411    26.0093    1505.54    411.000 0.0000e+00
