src/interpolation/Data/CTD/06w6h.cnv
* Sea-Bird SBE 9 Data File:
* FileName = E:\HOBAB2\w6.hex
* Software Version Seasave V 7.22.1
* Temperature SN = 5330
* Conductivity SN = 3693
* Number of Bytes Per Scan = 24
* Number of Voltage Words = 4
* Number of Scans Averaged by the Deck Unit = 1
* NMEA baud rate = 9600
# nquan = 18
# nvalues = 2020                        
# units = specified
# name 0 = prDM: Pressure, Digiquartz [db]
# name 1 = t090C: Temperature [ITS-90, deg C]
# name 2 = c0S/m: Conductivity [S/m]
# name 3 = pumps: Pump Status
# name 4 = sal00: Salinity, Practical [PSU]
# name 5 = seaTurbMtr: Turbidity, Seapoint [FTU]
# name 6 = sbeox0Mg/L: Oxygen, SBE 43 [mg/l]
# name 7 = ph: pH
# name 8 = altM: Altimeter [m]
# name 9 = dz/dtM: Descent Rate [m/s]
# name 10 = accM: Acceleration [m/s^2]
# name 11 = scan: Scan Count
# name 12 = timeS: Time, Elapsed [seconds]
# name 13 = sal00: Salinity, Practical [PSU]
# name 14 = sigma-t00: Density [sigma-t, kg/m^3 ]
# name 15 = svCM: Sound Velocity [Chen-Millero, m/s]
# name 16 = depSM: Depth [salt water, m], lat = 0
# name 17 = flag: flag
# span 0 =      1.005,   1023.121       
# span 1 =     4.2725,    23.6382       
# span 2 =   3.273437,   5.122745       
# span 3 =          1,          1       
# span 4 =    34.2312,    34.8001       
# span 5 =      0.026,      0.203       
# span 6 =     2.2697,     7.0511       
# span 7 =      7.595,      8.025       
# span 8 =       1.38,     105.19       
# span 9 =     -1.095,      1.135       
# span 10 =      -0.48,       0.55      
# span 11 =      21859,     124611      
# span 12 =    910.731,   5192.097      
# span 13 =    34.2294,    34.8008      
# span 14 =    23.5007,    27.2819      
# span 15 =    1482.74,    1530.84      
# span 16 =      1.000,   1015.000      
# span 17 = 0.0000e+00, 0.0000e+00      
# interval = meters: 1                  
# start_time = Apr 17 2014 17:57:06 [System UTC, header]
# bad_flag = -9.990e-29
*END*
[from data line 1046]
    981.696     4.3336   3.277819          1    34.3985      0.047     2.2778      7.600      98.92     -0.400      -0.41      74788   3116.140    34.3987    27.2726    1483.38    974.000 0.0000e+00
    980.686     4.3354   3.277943          1    34.3986      0.046     2.2899      7.600      98.70     -0.751      -0.09      74819   3117.416    34.3987    27.2725    1483.37    973.000 0.0000e+00
    979.676     4.3382   3.278129          1    34.3983      0.050     2.2919      7.599      84.27     -0.491       0.18      74867   3119.425    34.3985    27.2720    1483.37    972.000 0.0000e+00
    978.665     4.3447   3.278695          1    34.3986      0.049     2.2817      7.599      98.59     -0.607      -0.31      74905   3120.987    34.3989    27.2717    1483.38    971.000 0.0000e+00
    977.655     4.3554   3.279472          1    34.3969      0.044     2.2848      7.599      98.71     -0.868      -0.12      74931   3122.092    34.3975    27.2694    1483.41    970.000 0.0000e+00
    976.645     4.3515   3.279113          1    34.3974      0.046     2.2950      7.599      93.26     -0.482       0.17      74985   3124.314    34.3977    27.2700    1483.37    969.000 0.0000e+00
    975.635     4.3491   3.278847          1    34.3975      0.045     2.2930      7.601      99.13     -0.330      -0.23      75062   3127.551    34.3977    27.2702    1483.35    968.000 0.0000e+00
    974.624     4.3560   3.279441          1    34.3977      0.068     2.2907      7.599      46.00     -0.675      -0.22      75094   3128.858    34.3980    27.2697    1483.36    967.000 0.0000e+00
    973.614     4.3622   3.279887          1    34.3969      0.042     2.2881      7.599      96.91     -0.840      -0.04      75122   3130.049    34.3973    27.2685    1483.37    966.000 0.0000e+00
    972.604     4.3608   3.279720          1    34.3969      0.040     2.2927      7.600      98.69     -0.628       0.18      75163   3131.770    34.3972    27.2686    1483.34    965.000 0.0000e+00
    971.594     4.3589   3.279513          1    34.3971      0.046     2.2936      7.599      98.71     -0.399      -0.05      75221   3134.158    34.3973    27.2688    1483.32    964.000 0.0000e+00
    970.583     4.3583   3.279436          1    34.3974      0.046     2.2994      7.600      91.19     -0.542      -0.05      75266   3136.024    34.3975    27.2691    1483.30    963.000 0.0000e+00
    969.573     4.3613   3.279629          1    34.3970      0.048     2.2986      7.600      98.58     -0.539       0.03      75311   3137.906    34.3972    27.2685    1483.30    962.000 0.0000e+00
    968.563     4.3756   3.280914          1    34.3975      0.047     2.2964      7.601      84.50     -0.504      -0.03      75358   3139.866    34.3979    27.2676    1483.34    961.000 0.0000e+00
    967.553     4.4079   3.283599          1    34.3950      0.047     2.2919      7.600      92.40     -0.647      -0.09      75394   3141.387    34.3963    27.2628    1483.45    960.000 0.0000e+00
    966.543     4.4125   3.283782          1    34.3929      0.039     2.2990      7.601      98.59     -0.581       0.10      75437   3143.173    34.3942    27.2606    1483.45    959.000 0.0000e+00
    965.532     4.4141   3.284005          1    34.3950      0.055     2.3130      7.601      66.73     -0.464      -0.04      75488   3145.282    34.3957    27.2616    1483.44    958.000 0.0000e+00
    964.522     4.4263   3.284893          1    34.3929      0.041     2.3129      7.602      97.08     -0.574       0.01      75530   3147.044    34.3939    27.2589    1483.48    957.000 0.0000e+00
    963.512     4.4220   3.284425          1    34.3927      0.044     2.3127      7.602      98.71     -0.433      -0.02      75582   3149.225    34.3934    27.2590    1483.44    956.000 0.0000e+00
    962.502     4.4321   3.285305          1    34.3930      0.043     2.3179      7.602      96.34     -0.603      -0.04      75622   3150.888    34.3937    27.2581    1483.47    955.000 0.0000e+00
    961.492     4.4180   3.284014          1    34.3935      0.054     2.3118      7.698      68.24     -0.407       0.09      75678   3153.209    34.3938    27.2597    1483.39    954.000 0.0000e+00
    960.482     4.4342   3.285428          1    34.3935      0.044     2.3073      7.706      99.39     -0.566      -0.22      75721   3155.004    34.3940    27.2581    1483.44    953.000 0.0000e+00
    959.471     4.4387   3.285701          1    34.3925      0.057     2.3080      7.714      79.30     -0.702       0.04      75756   3156.455    34.3931    27.2569    1483.44    952.000 0.0000e+00
    958.461     4.4358   3.285419          1    34.3928      0.043     2.3220      7.709      99.57     -0.454       0.07      75807   3158.584    34.3933    27.2573    1483.42    951.000 0.0000e+00
    957.451     4.4370   3.285480          1    34.3930      0.063     2.3169      7.716      69.86     -0.518      -0.03      75855   3160.563    34.3933    27.2572    1483.40    950.000 0.0000e+00
    956.441     4.4398   3.285657          1    34.3926      0.040     2.3067      7.716      99.43     -0.489       0.02      75904   3162.611    34.3929    27.2566    1483.40    949.000 0.0000e+00
    955.431     4.4399   3.285638          1    34.3928      0.043     2.3116      7.714      98.71     -0.570      -0.08      75946   3164.378    34.3931    27.2567    1483.38    948.000 0.0000e+00
    954.421     4.4394   3.285536          1    34.3928      0.046     2.3153      7.710      93.33     -0.495       0.10      75995   3166.419    34.3930    27.2567    1483.36    947.000 0.0000e+00
    953.410     4.4388   3.285433          1    34.3928      0.049     2.3189      7.717      95.15     -0.460      -0.13      76047   3168.566    34.3929    27.2567    1483.34    946.000 0.0000e+00
    952.400     4.4379   3.285311          1    34.3929      0.044     2.3207      7.718      98.72     -0.672      -0.11      76081   3170.005    34.3929    27.2568    1483.32    945.000 0.0000e+00
    951.390     4.4362   3.285137          1    34.3931      0.057     2.3165      7.705      98.71     -0.704       0.05      76116   3171.476    34.3931    27.2571    1483.30    944.000 0.0000e+00
    950.380     4.4362   3.285087          1    34.3930      0.056     2.3122      7.712      88.71     -0.544       0.07      76161   3173.335    34.3930    27.2571    1483.28    943.000 0.0000e+00
    949.370     4.4356   3.284999          1    34.3932      0.051     2.3194      7.711      98.63     -0.549      -0.04      76205   3175.172    34.3932    27.2573    1483.26    942.000 0.0000e+00
    948.360     4.4357   3.284973          1    34.3933      0.051     2.3183      7.713      79.32     -0.545       0.04      76250   3177.041    34.3932    27.2573    1483.25    941.000 0.0000e+00
    947.350     4.4384   3.285175          1    34.3932      0.043     2.3118      7.691      99.41     -0.474      -0.03      76300   3179.108    34.3933    27.2570    1483.24    940.000 0.0000e+00
    946.340     4.4442   3.285637          1    34.3930      0.053     2.3092      7.701      81.78     -0.645      -0.16      76335   3180.593    34.3932    27.2564    1483.25    939.000 0.0000e+00
    945.330     4.4527   3.286294          1    34.3922      0.051     2.3083      7.713      74.76     -0.793      -0.05      76365   3181.846    34.3926    27.2550    1483.27    938.000 0.0000e+00
    944.319     4.4557   3.286471          1    34.3916      0.050     2.3150      7.734      88.87     -0.639       0.16      76405   3183.517    34.3920    27.2542    1483.26    937.000 0.0000e+00
    943.309     4.4475   3.285774          1    34.3927      0.052     2.3219      7.718      89.79     -0.491      -0.04      76454   3185.550    34.3929    27.2557    1483.21    936.000 0.0000e+00
    942.299     4.4509   3.285989          1    34.3922      0.048     2.3169      7.722      91.06     -0.396       0.07      76512   3187.977    34.3924    27.2550    1483.21    935.000 0.0000e+00
    941.289     4.4649   3.287198          1    34.3921      0.045     2.3210      7.741      98.64     -0.517      -0.22      76561   3189.986    34.3925    27.2536    1483.25    934.000 0.0000e+00
    940.279     4.4749   3.287947          1    34.3908      0.045     2.3210      7.743      98.70     -0.693       0.00      76596   3191.438    34.3914    27.2516    1483.27    933.000 0.0000e+00
    939.269     4.4752   3.287892          1    34.3904      0.049     2.3224      7.721      87.21     -0.479       0.08      76643   3193.435    34.3909    27.2512    1483.26    932.000 0.0000e+00
    938.259     4.4811   3.288409          1    34.3908      0.040     2.3236      7.721      98.31     -0.660      -0.26      76677   3194.840    34.3913    27.2509    1483.27    931.000 0.0000e+00
    937.249     4.4907   3.289133          1    34.3896      0.044     2.3260      7.739      98.65     -0.779       0.07      76709   3196.171    34.3904    27.2490    1483.29    930.000 0.0000e+00
    936.239     4.4900   3.289029          1    34.3900      0.051     2.3340      7.763      90.55     -0.088       0.02      76796   3199.797    34.3904    27.2492    1483.27    929.000 0.0000e+00
    935.229     4.4950   3.289392          1    34.3896      0.049     2.3274      7.772      98.77     -0.585      -0.15      76838   3201.524    34.3900    27.2483    1483.27    928.000 0.0000e+00
    934.219     4.4961   3.289450          1    34.3896      0.048     2.3236      7.771      96.63     -0.695      -0.02      76872   3202.967    34.3900    27.2482    1483.26    927.000 0.0000e+00
    933.209     4.4991   3.289652          1    34.3895      0.052     2.3349      7.773      86.24     -0.680       0.02      76908   3204.462    34.3899    27.2477    1483.25    926.000 0.0000e+00
    932.199     4.5001   3.289678          1    34.3893      0.045     2.3254      7.771      98.17     -0.634       0.06      76947   3206.093    34.3896    27.2474    1483.24    925.000 0.0000e+00
    931.189     4.4950   3.289193          1    34.3895      0.046     2.3270      7.716      90.36     -0.411       0.06      77004   3208.450    34.3897    27.2480    1483.20    924.000 0.0000e+00
    930.179     4.4961   3.289263          1    34.3897      0.047     2.3319      7.741      93.84     -0.420      -0.05      77062   3210.887    34.3898    27.2480    1483.19    923.000 0.0000e+00
    929.169     4.4965   3.289235          1    34.3895      0.074     2.3340      7.744      70.02     -0.530      -0.05      77108   3212.790    34.3896    27.2478    1483.18    922.000 0.0000e+00
    928.159     4.4949   3.289063          1    34.3898      0.042     2.3357      7.738      98.96     -0.605      -0.06      77147   3214.430    34.3898    27.2482    1483.15    921.000 0.0000e+00
    927.149     4.4958   3.289094          1    34.3897      0.043     2.3331      7.734      98.71     -0.668       0.00      77184   3215.946    34.3898    27.2480    1483.14    920.000 0.0000e+00
    926.139     4.4959   3.289063          1    34.3898      0.062     2.3306      7.719      65.14     -0.559       0.08      77228   3217.776    34.3898    27.2481    1483.12    919.000 0.0000e+00
    925.129     4.4958   3.289006          1    34.3897      0.051     2.3324      7.755      96.92     -0.526      -0.08      77273   3219.674    34.3898    27.2480    1483.11    918.000 0.0000e+00
    924.119     4.4967   3.289040          1    34.3897      0.060     2.3309      7.768      97.13     -0.530       0.08      77319   3221.593    34.3897    27.2479    1483.09    917.000 0.0000e+00
    923.109     4.4968   3.289018          1    34.3899      0.057     2.3330      7.774      73.23     -0.394      -0.06      77377   3224.017    34.3899    27.2480    1483.08    916.000 0.0000e+00
    922.099     4.4946   3.288748          1    34.3895      0.044     2.3356      7.775      96.65     -0.573      -0.10      77419   3225.746    34.3895    27.2480    1483.05    915.000 0.0000e+00
    921.089     4.5001   3.289258          1    34.3902      0.045     2.3293      7.774      98.69     -0.657       0.01      77456   3227.296    34.3903    27.2479    1483.06    914.000 0.0000e+00
    920.079     4.5096   3.289994          1    34.3891      0.057     2.3312      7.775      63.12     -0.608      -0.01      77496   3228.941    34.3895    27.2463    1483.08    913.000 0.0000e+00
    919.069     4.5158   3.290413          1    34.3880      0.053     2.3301      7.773      97.26     -0.634       0.03      77534   3230.556    34.3885    27.2448    1483.09    912.000 0.0000e+00
    918.059     4.5033   3.289374          1    34.3897      0.041     2.3407      7.776      98.71     -0.417       0.06      77589   3232.846    34.3898    27.2472    1483.02    911.000 0.0000e+00
    917.049     4.5186   3.290652          1    34.3890      0.045     2.3379      7.775      97.02     -0.493      -0.03      77640   3234.948    34.3893    27.2452    1483.07    910.000 0.0000e+00
    916.039     4.5348   3.291929          1    34.3873      0.043     2.3347      7.771      92.97     -0.493      -0.02      77688   3236.975    34.3880    27.2423    1483.11    909.000 0.0000e+00
    915.029     4.5324   3.291658          1    34.3872      0.044     2.3373      7.776      98.86     -0.624      -0.14      77726   3238.522    34.3878    27.2425    1483.09    908.000 0.0000e+00
    914.019     4.5298   3.291388          1    34.3875      0.055     2.3390      7.775      79.53     -0.771      -0.06      77756   3239.805    34.3879    27.2428    1483.06    907.000 0.0000e+00
    913.009     4.5286   3.291258          1    34.3879      0.048     2.3454      7.770      93.73     -0.632       0.15      77797   3241.499    34.3881    27.2431    1483.04    906.000 0.0000e+00
    911.999     4.5288   3.291228          1    34.3879      0.054     2.3411      7.763      74.25     -0.311      -0.03      77863   3244.258    34.3881    27.2431    1483.02    905.000 0.0000e+00
    910.989     4.5315   3.291405          1    34.3877      0.042     2.3420      7.774      99.21     -0.544      -0.13      77908   3246.127    34.3879    27.2426    1483.02    904.000 0.0000e+00
    909.979     4.5311   3.291320          1    34.3877      0.043     2.3417      7.766      98.71     -0.670      -0.03      77944   3247.615    34.3878    27.2426    1483.00    903.000 0.0000e+00
    908.969     4.5326   3.291424          1    34.3878      0.051     2.3461      7.765      98.71     -0.640       0.05      77982   3249.222    34.3879    27.2425    1482.99    902.000 0.0000e+00
    907.959     4.5325   3.291368          1    34.3878      0.058     2.3451      7.769      92.16     -0.553       0.01      78026   3251.034    34.3879    27.2425    1482.97    901.000 0.0000e+00
    906.950     4.5331   3.291373          1    34.3877      0.045     2.3346      7.769      96.59     -0.585       0.01      78068   3252.775    34.3878    27.2424    1482.96    900.000 0.0000e+00
    905.940     4.5322   3.291240          1    34.3877      0.047     2.3442      7.765      98.61     -0.341       0.07      78131   3255.405    34.3878    27.2425    1482.94    899.000 0.0000e+00
    904.930     4.5356   3.291520          1    34.3879      0.049     2.3322      7.769      86.43     -0.533      -0.28      78177   3257.344    34.3879    27.2422    1482.94    898.000 0.0000e+00
    903.920     4.5381   3.291654          1    34.3873      0.040     2.3372      7.773      98.64     -0.832      -0.21      78203   3258.436    34.3875    27.2416    1482.93    897.000 0.0000e+00
    902.910     4.5513   3.292762          1    34.3868      0.042     2.3488      7.775      98.54     -0.895       0.07      78232   3259.622    34.3873    27.2400    1482.96    896.000 0.0000e+00
