src/interpolation/Data/CTD/06w6h.cnv
* Sea-Bird SBE 9 Data File:
* FileName = E:\HOBAB2\w6.hex
* Software Version Seasave V 7.22.1
* Temperature SN = 5330
* Conductivity SN = 3693
* Number of Bytes Per Scan = 24
* Number of Voltage Words = 4
* Number of Scans Averaged by the Deck Unit = 1
* NMEA baud rate = 9600
# nquan = 18
# nvalues = 2020                        
# units = specified
# name 0 = prDM: Pressure, Digiquartz [db]
# name 1 = t090C: Temperature [ITS-90, deg C]
# name 2 = c0S/m: Conductivity [S/m]
# name 3 = pumps: Pump Status
# name 4 = sal00: Salinity, Practical [PSU]
# name 5 = seaTurbMtr: Turbidity, Seapoint [FTU]
# name 6 = sbeox0Mg/L: Oxygen, SBE 43 [mg/l]
# name 7 = ph: pH
# name 8 = altM: Altimeter [m]
# name 9 = dz/dtM: Descent Rate [m/s]
# name 10 = accM: Acceleration [m/s^2]
# name 11 = scan: Scan Count
# name 12 = timeS: Time, Elapsed [seconds]
# name 13 = sal00: Salinity, Practical [PSU]
# name 14 = sigma-t00: Density [sigma-t, kg/m^3 ]
# name 15 = svCM: Sound Velocity [Chen-Millero, m/s]
# name 16 = depSM: Depth [salt water, m], lat = 0
# name 17 = flag: flag
# span 0 =      1.005,   1023.121       
# span 1 =     4.2725,    23.6382       
# span 2 =   3.273437,   5.122745       
# span 3 =          1,          1       
# span 4 =    34.2312,    34.8001       
# span 5 =      0.026,      0.203       
# span 6 =     2.2697,     7.0511       
# span 7 =      7.595,      8.025       
# span 8 =       1.38,     105.19       
# span 9 =     -1.095,      1.135       
# span 10 =      -0.48,       0.55      
# span 11 =      21859,     124611      
# span 12 =    910.731,   5192.097      
# span 13 =    34.2294,    34.8008      
# span 14 =    23.5007,    27.2819      
# span 15 =    1482.74,    1530.84      
# span 16 =      1.000,   1015.000      
# span 17 = 0.0000e+00, 0.0000e+00      
# interval = meters: 1                  
# start_time = Apr 17 2014 17:57:06 [System UTC, header]
# bad_flag = -9.990e-29
*END*
[from data line 403]
    415.699    12.6889   4.025950          1    34.4397      0.031     5.0374      7.877      98.71      0.340       0.06      43605   1816.835    34.4369    26.0183    1505.36    413.000 0.0000e+00
    416.706    12.6454   4.021695          1    34.4383      0.030     5.0360      7.877      98.71      0.364      -0.00      43670   1819.545    34.4354    26.0257    1505.22    414.000 0.0000e+00
    417.714    12.6248   4.019766          1    34.4379      0.041     5.0077      7.877      71.58      0.503       0.09      43720   1821.622    34.4353    26.0297    1505.17    415.000 0.0000e+00
    418.722    12.6011   4.017536          1    34.4376      0.030     5.0034      7.877      98.59      0.414      -0.08      43777   1823.990    34.4351    26.0342    1505.11    416.000 0.0000e+00
    419.729    12.5814   4.015584          1    34.4362      0.034     4.9726      7.878      98.71      0.426       0.11      43835   1826.428    34.4340    26.0372    1505.06    417.000 0.0000e+00
    420.737    12.5674   4.014346          1    34.4364      0.031     4.9911      7.878      98.71      0.429      -0.08      43889   1828.673    34.4345    26.0403    1505.03    418.000 0.0000e+00
    421.744    12.5617   4.013843          1    34.4358      0.030     4.9963      7.878      98.71      0.314       0.16      43960   1831.635    34.4345    26.0414    1505.03    419.000 0.0000e+00
    422.752    12.5538   4.013076          1    34.4352      0.032     4.9892      7.878      98.71      0.655       0.23      43993   1832.993    34.4339    26.0425    1505.01    420.000 0.0000e+00
    423.759    12.5261   4.010212          1    34.4333      0.032     4.9993      7.878      98.71      0.800      -0.01      44024   1834.276    34.4313    26.0460    1504.93    421.000 0.0000e+00
    424.767    12.4661   4.004181          1    34.4305      0.030     4.9606      7.879      98.71      0.452      -0.15      44078   1836.521    34.4278    26.0549    1504.74    422.000 0.0000e+00
    425.775    12.4312   4.000779          1    34.4292      0.032     4.9683      7.879      98.71      0.376       0.10      44144   1839.303    34.4266    26.0608    1504.64    423.000 0.0000e+00
    426.782    12.3909   3.996629          1    34.4260      0.031     4.9559      7.879      98.71      0.473      -0.00      44195   1841.431    34.4231    26.0659    1504.52    424.000 0.0000e+00
    427.790    12.3486   3.992292          1    34.4232      0.031     4.9298      7.879      98.71      0.557       0.16      44237   1843.161    34.4196    26.0714    1504.38    425.000 0.0000e+00
    428.797    12.2710   3.984496          1    34.4197      0.031     4.9356      7.879      98.71      0.803       0.23      44264   1844.276    34.4151    26.0829    1504.13    426.000 0.0000e+00
    429.805    12.2446   3.982017          1    34.4196      0.031     4.9450      7.879      98.71      0.733      -0.18      44299   1845.763    34.4149    26.0878    1504.06    427.000 0.0000e+00
    430.813    12.1893   3.976579          1    34.4161      0.030     4.9095      7.879      98.71      0.055       0.14      44394   1849.709    34.4126    26.0967    1503.88    428.000 0.0000e+00
    431.820    12.1480   3.972395          1    34.4138      0.030     4.9045      7.880      98.71      0.560       0.11      44433   1851.345    34.4097    26.1023    1503.76    429.000 0.0000e+00
    432.828    12.0761   3.965460          1    34.4131      0.031     4.9198      7.880      98.71      0.649       0.03      44470   1852.871    34.4081    26.1148    1503.53    430.000 0.0000e+00
    433.835    12.0173   3.959664          1    34.4110      0.032     4.8942      7.880      98.71      0.714       0.04      44503   1854.268    34.4055    26.1240    1503.34    431.000 0.0000e+00
    434.843    11.9801   3.956236          1    34.4110      0.032     4.8403      7.881      98.71      0.469      -0.15      44555   1856.416    34.4060    26.1315    1503.23    432.000 0.0000e+00
    435.851    11.9355   3.951564          1    34.4061      0.033     4.8171      7.881      91.77      0.438       0.10      44613   1858.827    34.4012    26.1362    1503.09    433.000 0.0000e+00
    436.858    11.8438   3.942224          1    34.3999      0.031     4.8414      7.882      98.04      0.477      -0.02      44663   1860.920    34.3943    26.1482    1502.78    434.000 0.0000e+00
    437.866    11.8304   3.941005          1    34.3992      0.031     4.8259      7.882      98.72      0.598       0.19      44702   1862.523    34.3944    26.1508    1502.75    435.000 0.0000e+00
    438.874    11.8145   3.939520          1    34.3986      0.040     4.8453      7.882      74.43      0.779       0.04      44732   1863.802    34.3942    26.1536    1502.71    436.000 0.0000e+00
    439.881    11.7412   3.931931          1    34.3922      0.032     4.8136      7.883      95.83      0.323      -0.15      44796   1866.447    34.3873    26.1620    1502.47    437.000 0.0000e+00
    440.889    11.6385   3.922119          1    34.3917      0.039     4.8344      7.883      69.21      0.536       0.21      44846   1868.549    34.3857    26.1800    1502.13    438.000 0.0000e+00
    441.897    11.6364   3.921917          1    34.3901      0.032     4.8040      7.883      98.64      0.632      -0.05      44885   1870.163    34.3852    26.1801    1502.14    439.000 0.0000e+00
    442.904    11.6177   3.920186          1    34.3895      0.030     4.7844      7.884      98.71      0.598       0.07      44924   1871.799    34.3851    26.1835    1502.09    440.000 0.0000e+00
    443.912    11.5977   3.918263          1    34.3884      0.031     4.7884      7.884      98.71      0.712       0.04      44958   1873.202    34.3844    26.1866    1502.04    441.000 0.0000e+00
    444.920    11.5863   3.917289          1    34.3882      0.033     4.7844      7.885      90.65      0.490      -0.14      45008   1875.289    34.3850    26.1892    1502.01    442.000 0.0000e+00
    445.927    11.5781   3.916548          1    34.3872      0.032     4.7855      7.886      99.11      0.373       0.09      45072   1877.949    34.3848    26.1906    1502.00    443.000 0.0000e+00
    446.935    11.5628   3.914986          1    34.3856      0.043     4.7617      7.886      71.83      0.565       0.09      45114   1879.701    34.3832    26.1922    1501.96    444.000 0.0000e+00
    447.943    11.5300   3.912067          1    34.3869      0.031     4.7692      7.887      99.23      0.640       0.03      45151   1881.258    34.3845    26.1993    1501.87    445.000 0.0000e+00
    448.951    11.5133   3.910622          1    34.3879      0.035     4.7519      7.887      88.55      0.722       0.06      45184   1882.622    34.3854    26.2031    1501.83    446.000 0.0000e+00
    449.958    11.5000   3.909429          1    34.3879      0.037     4.7277      7.887      80.73      0.507      -0.15      45233   1884.658    34.3856    26.2057    1501.80    447.000 0.0000e+00
    450.966    11.4703   3.906425          1    34.3855      0.034     4.7132      7.888      96.85      0.372       0.22      45294   1887.220    34.3832    26.2093    1501.71    448.000 0.0000e+00
    451.974    11.4468   3.904155          1    34.3847      0.031     4.6920      7.888      98.62      0.710       0.16      45325   1888.514    34.3822    26.2129    1501.64    449.000 0.0000e+00
    452.981    11.4280   3.902193          1    34.3824      0.038     4.7043      7.888      83.68      0.607      -0.16      45367   1890.245    34.3798    26.2145    1501.59    450.000 0.0000e+00
    453.989    11.3788   3.897245          1    34.3797      0.031     4.7275      7.888      99.08      0.558       0.14      45409   1891.980    34.3764    26.2209    1501.43    451.000 0.0000e+00
    454.997    11.3084   3.890284          1    34.3769      0.031     4.7234      7.889      98.71      0.632      -0.09      45447   1893.591    34.3727    26.2309    1501.20    452.000 0.0000e+00
    456.005    11.2586   3.885280          1    34.3733      0.031     4.6933      7.889      98.57      0.340       0.07      45505   1895.998    34.3691    26.2372    1501.04    453.000 0.0000e+00
    457.012    11.2299   3.882630          1    34.3735      0.034     4.6864      7.890      89.80      0.689       0.33      45535   1897.232    34.3691    26.2425    1500.96    454.000 0.0000e+00
    458.020    11.2033   3.879908          1    34.3710      0.033     4.6833      7.890      98.31      0.928       0.07      45560   1898.301    34.3666    26.2454    1500.88    455.000 0.0000e+00
    459.028    11.1387   3.873993          1    34.3721      0.035     4.6747      7.891      89.32      0.371      -0.19      45620   1900.808    34.3677    26.2580    1500.67    456.000 0.0000e+00
    460.036    11.1275   3.873679          1    34.3780      0.032     4.6298      7.891      98.64      0.504       0.16      45676   1903.125    34.3746    26.2654    1500.65    457.000 0.0000e+00
    461.043    11.1163   3.872402          1    34.3750      0.035     4.5952      7.891      98.71      0.585      -0.02      45718   1904.857    34.3719    26.2653    1500.63    458.000 0.0000e+00
    462.051    11.0889   3.869402          1    34.3705      0.031     4.6030      7.891      98.71      0.652       0.13      45753   1906.327    34.3672    26.2667    1500.54    459.000 0.0000e+00
    463.059    11.0536   3.865790          1    34.3675      0.036     4.6186      7.892      88.37      0.803       0.07      45782   1907.552    34.3639    26.2705    1500.43    460.000 0.0000e+00
    464.067    11.0463   3.865237          1    34.3678      0.033     4.6323      7.893      97.83      0.629      -0.18      45823   1909.264    34.3648    26.2725    1500.42    461.000 0.0000e+00
    465.074    11.0340   3.863930          1    34.3651      0.041     4.6197      7.893      85.53      0.306       0.02      45893   1912.146    34.3628    26.2732    1500.40    462.000 0.0000e+00
    466.082    11.0139   3.861880          1    34.3630      0.031     4.6197      7.893      99.26      0.488       0.18      45942   1914.218    34.3608    26.2752    1500.34    463.000 0.0000e+00
    467.090    11.0147   3.862049          1    34.3631      0.045     4.6019      7.894      56.33      0.765       0.21      45970   1915.388    34.3613    26.2755    1500.36    464.000 0.0000e+00
    468.098    11.0074   3.861276          1    34.3617      0.034     4.5804      7.894      86.37      0.914       0.06      45996   1916.476    34.3600    26.2757    1500.35    465.000 0.0000e+00
    469.106    10.9937   3.859803          1    34.3595      0.033     4.6145      7.894      97.63      0.676      -0.21      46036   1918.126    34.3577    26.2765    1500.31    466.000 0.0000e+00
    470.113    10.9639   3.856645          1    34.3555      0.032     4.6269      7.894      98.71      0.348       0.09      46098   1920.711    34.3536    26.2786    1500.22    467.000 0.0000e+00
    471.121    10.9463   3.855033          1    34.3554      0.033     4.6369      7.895      92.12      0.503      -0.02      46146   1922.702    34.3536    26.2818    1500.18    468.000 0.0000e+00
    472.129    10.9293   3.853378          1    34.3544      0.030     4.6320      7.895      99.10      0.466       0.10      46195   1924.754    34.3526    26.2841    1500.13    469.000 0.0000e+00
    473.137    10.9253   3.853123          1    34.3549      0.033     4.6268      7.895      98.71      0.721       0.23      46225   1926.002    34.3533    26.2853    1500.14    470.000 0.0000e+00
    474.145    10.9208   3.852697          1    34.3543      0.044     4.6127      7.895      67.86      0.894       0.06      46252   1927.111    34.3528    26.2858    1500.14    471.000 0.0000e+00
    475.152    10.9163   3.852378          1    34.3547      0.033     4.6198      7.895      96.19      0.723      -0.19      46288   1928.642    34.3534    26.2870    1500.14    472.000 0.0000e+00
    476.160    10.9073   3.851603          1    34.3549      0.038     4.6170      7.896      71.45      0.337       0.01      46349   1931.187    34.3537    26.2889    1500.12    473.000 0.0000e+00
    477.168    10.8565   3.846465          1    34.3517      0.031     4.6135      7.896      98.65      0.568       0.12      46392   1932.954    34.3496    26.2947    1499.95    474.000 0.0000e+00
    478.176    10.8403   3.846010          1    34.3614      0.033     4.5984      7.896      98.71      0.571      -0.08      46435   1934.750    34.3597    26.3055    1499.93    475.000 0.0000e+00
    479.184    10.8357   3.846564          1    34.3707      0.033     4.5431      7.896      98.71      0.530       0.10      46479   1936.598    34.3691    26.3137    1499.94    476.000 0.0000e+00
    480.192    10.8356   3.846646          1    34.3709      0.034     4.5107      7.896      89.56      0.667       0.02      46515   1938.099    34.3695    26.3140    1499.96    477.000 0.0000e+00
    481.200    10.8360   3.846768          1    34.3710      0.033     4.4728      7.897      98.91      0.493      -0.11      46564   1940.122    34.3700    26.3143    1499.97    478.000 0.0000e+00
    482.207    10.8294   3.846154          1    34.3705      0.036     4.4872      7.897      91.15      0.534       0.18      46608   1941.949    34.3696    26.3151    1499.97    479.000 0.0000e+00
    483.215    10.7678   3.840157          1    34.3693      0.040     4.5047      7.897      81.00      0.729       0.03      46640   1943.306    34.3669    26.3240    1499.76    480.000 0.0000e+00
    484.223    10.7169   3.835241          1    34.3680      0.037     4.4656      7.898      90.61      0.416      -0.13      46695   1945.601    34.3650    26.3316    1499.60    481.000 0.0000e+00
    485.231    10.6496   3.828444          1    34.3636      0.043     4.4468      7.898      69.83      0.524       0.24      46742   1947.552    34.3596    26.3393    1499.37    482.000 0.0000e+00
    486.239    10.6054   3.824376          1    34.3641      0.034     4.4438      7.899      97.85      0.733       0.02      46775   1948.915    34.3599    26.3473    1499.23    483.000 0.0000e+00
    487.247    10.5901   3.823045          1    34.3643      0.035     4.4293      7.899      98.71      0.543      -0.11      46820   1950.777    34.3605    26.3505    1499.19    484.000 0.0000e+00
    488.255    10.5658   3.820431          1    34.3601      0.035     4.4209      7.899      98.71      0.558       0.07      46863   1952.578    34.3566    26.3517    1499.12    485.000 0.0000e+00
    489.263    10.5085   3.814899          1    34.3586      0.038     4.4256      7.900      89.26      0.583      -0.03      46905   1954.319    34.3544    26.3601    1498.93    486.000 0.0000e+00
    490.270    10.4943   3.813670          1    34.3585      0.033     4.4036      7.900      98.54      0.538      -0.00      46950   1956.196    34.3550    26.3630    1498.90    487.000 0.0000e+00
    491.278    10.4829   3.812663          1    34.3579      0.042     4.3828      7.900      82.66      0.457      -0.06      47002   1958.374    34.3551    26.3651    1498.87    488.000 0.0000e+00
    492.286    10.4700   3.811498          1    34.3575      0.032     4.3983      7.901      99.35      0.494       0.17      47049   1960.346    34.3550    26.3673    1498.84    489.000 0.0000e+00
    493.294    10.4641   3.811026          1    34.3577      0.035     4.3963      7.901      95.64      0.751       0.15      47079   1961.601    34.3554    26.3686    1498.84    490.000 0.0000e+00
    494.302    10.4483   3.809600          1    34.3576      0.043     4.3912      7.902      73.46      0.664      -0.16      47118   1963.219    34.3555    26.3714    1498.80    491.000 0.0000e+00
