src/interpolation/Data/CTD/06w6h.cnv
* Sea-Bird SBE 9 Data File:
* FileName = E:\HOBAB2\w6.hex
* Software Version Seasave V 7.22.1
* Temperature SN = 5330
* Conductivity SN = 3693
* Number of Bytes Per Scan = 24
* Number of Voltage Words = 4
* Number of Scans Averaged by the Deck Unit = 1
* NMEA baud rate = 9600
# nquan = 18
# nvalues = 2020                        
# units = specified
# name 0 = prDM: Pressure, Digiquartz [db]
# name 1 = t090C: Temperature [ITS-90, deg C]
# name 2 = c0S/m: Conductivity [S/m]
# name 3 = pumps: Pump Status
# name 4 = sal00: Salinity, Practical [PSU]
# name 5 = seaTurbMtr: Turbidity, Seapoint [FTU]
# name 6 = sbeox0Mg/L: Oxygen, SBE 43 [mg/l]
# name 7 = ph: pH
# name 8 = altM: Altimeter [m]
# name 9 = dz/dtM: Descent Rate [m/s]
# name 10 = accM: Acceleration [m/s^2]
# name 11 = scan: Scan Count
# name 12 = timeS: Time, Elapsed [seconds]
# name 13 = sal00: Salinity, Practical [PSU]
# name 14 = sigma-t00: Density [sigma-t, kg/m^3 ]
# name 15 = svCM: Sound Velocity [Chen-Millero, m/s]
# name 16 = depSM: Depth [salt water, m], lat = 0
# name 17 = flag: flag
# span 0 =      1.005,   1023.121       
# span 1 =     4.2725,    23.6382       
# span 2 =   3.273437,   5.122745       
# span 3 =          1,          1       
# span 4 =    34.2312,    34.8001       
# span 5 =      0.026,      0.203       
# span 6 =     2.2697,     7.0511       
# span 7 =      7.595,      8.025       
# span 8 =       1.38,     105.19       
# span 9 =     -1.095,      1.135       
# span 10 =      -0.48,       0.55      
# span 11 =      21859,     124611      
# span 12 =    910.731,   5192.097      
# span 13 =    34.2294,    34.8008      
# span 14 =    23.5007,    27.2819      
# span 15 =    1482.74,    1530.84      
# span 16 =      1.000,   1015.000      
# span 17 = 0.0000e+00, 0.0000e+00      
# interval = meters: 1                  
# start_time = Apr 17 2014 17:57:06 [System UTC, header]
# bad_flag = -9.990e-29
*END*
[from data line 1287]
    738.362     5.9645   3.403726          1    34.2947      0.039     2.8446      7.795      92.17     -0.338      -0.10      86354   3598.022    34.2953    27.0003    1485.85    733.000 0.0000e+00
    737.353     5.9947   3.406373          1    34.2939      0.036     2.8378      7.796      98.58     -0.521      -0.02      86400   3599.954    34.2951    26.9963    1485.96    732.000 0.0000e+00
    736.344     6.0158   3.408155          1    34.2928      0.047     2.8497      7.794      79.39     -0.476      -0.01      86449   3602.020    34.2944    26.9931    1486.03    731.000 0.0000e+00
    735.335     6.0367   3.410096          1    34.2938      0.037     2.8620      7.797      98.57     -0.614      -0.09      86488   3603.633    34.2955    26.9913    1486.09    730.000 0.0000e+00
    734.326     6.0312   3.409384          1    34.2925      0.043     2.8760      7.794      81.44     -0.412       0.12      86545   3605.985    34.2936    26.9905    1486.05    729.000 0.0000e+00
    733.317     6.0447   3.410770          1    34.2949      0.044     2.8772      7.794      99.25     -0.413      -0.19      86608   3608.638    34.2960    26.9907    1486.09    728.000 0.0000e+00
    732.308     6.0985   3.415558          1    34.2936      0.036     2.8700      7.794      98.71     -0.600      -0.01      86648   3610.294    34.2960    26.9838    1486.29    727.000 0.0000e+00
    731.299     6.1215   3.417489          1    34.2925      0.038     2.8899      7.794      98.53     -0.483       0.03      86697   3612.331    34.2950    26.9801    1486.36    726.000 0.0000e+00
    730.290     6.1374   3.418838          1    34.2928      0.038     2.9107      7.794      93.08     -0.499       0.05      86746   3614.363    34.2946    26.9777    1486.41    725.000 0.0000e+00
    729.280     6.0918   3.414771          1    34.2946      0.043     2.9264      7.796      84.54     -0.260      -0.03      86820   3617.470    34.2954    26.9842    1486.21    724.000 0.0000e+00
    728.271     6.1529   3.420365          1    34.2951      0.037     2.9064      7.799      98.59     -0.598      -0.22      86859   3619.100    34.2970    26.9777    1486.44    723.000 0.0000e+00
    727.262     6.1556   3.420417          1    34.2939      0.036     2.9095      7.800      98.65     -0.616       0.12      86900   3620.777    34.2954    26.9761    1486.43    722.000 0.0000e+00
    726.253     6.1444   3.419328          1    34.2943      0.041     2.9350      7.803      89.77     -0.263      -0.05      86971   3623.748    34.2950    26.9772    1486.37    721.000 0.0000e+00
    725.244     6.2104   3.425855          1    34.2997      0.038     2.9159      7.796      98.44     -0.547      -0.10      87015   3625.593    34.3020    26.9742    1486.62    720.000 0.0000e+00
    724.235     6.2545   3.429028          1    34.2906      0.041     2.9323      7.798      95.65     -0.438       0.10      87069   3627.836    34.2937    26.9620    1486.77    719.000 0.0000e+00
    723.226     6.3102   3.434360          1    34.2943      0.043     2.9726      7.799      91.11     -0.494      -0.15      87120   3629.945    34.2977    26.9579    1486.98    718.000 0.0000e+00
    722.217     6.2993   3.433134          1    34.2930      0.038     2.9931      7.800      98.34     -0.440       0.11      87173   3632.158    34.2955    26.9576    1486.92    717.000 0.0000e+00
    721.208     6.3176   3.434999          1    34.2967      0.044     2.9991      7.802      87.78     -0.386      -0.14      87237   3634.842    34.2984    26.9575    1486.98    716.000 0.0000e+00
    720.199     6.3508   3.437664          1    34.2928      0.038     2.9864      7.800      98.69     -0.545       0.00      87281   3636.683    34.2952    26.9507    1487.08    715.000 0.0000e+00
    719.190     6.3556   3.438011          1    34.2927      0.039     3.0066      7.800      98.71     -0.557      -0.10      87323   3638.429    34.2948    26.9497    1487.09    714.000 0.0000e+00
    718.181     6.3649   3.438753          1    34.2924      0.046     3.0154      7.802      83.91     -0.725      -0.08      87356   3639.784    34.2943    26.9481    1487.11    713.000 0.0000e+00
    717.172     6.3563   3.437866          1    34.2923      0.037     3.0168      7.801      99.24     -0.392       0.16      87413   3642.185    34.2935    26.9486    1487.06    712.000 0.0000e+00
    716.163     6.3602   3.438257          1    34.2935      0.047     3.0201      7.801      83.06     -0.501      -0.28      87467   3644.435    34.2944    26.9488    1487.06    711.000 0.0000e+00
    715.154     6.3775   3.439586          1    34.2912      0.038     3.0126      7.800      97.53     -0.622       0.08      87506   3646.055    34.2924    26.9449    1487.10    710.000 0.0000e+00
    714.145     6.3816   3.439879          1    34.2910      0.036     3.0170      7.800      98.72     -0.420      -0.04      87560   3648.284    34.2920    26.9441    1487.10    709.000 0.0000e+00
    713.136     6.4034   3.441685          1    34.2895      0.045     3.0237      7.801      86.28     -0.587      -0.06      87601   3649.982    34.2907    26.9402    1487.17    708.000 0.0000e+00
    712.127     6.4220   3.443160          1    34.2874      0.040     3.0324      7.803      98.42     -0.540       0.06      87646   3651.873    34.2890    26.9364    1487.23    707.000 0.0000e+00
    711.118     6.4208   3.443079          1    34.2887      0.047     3.0553      7.804      81.70     -0.389       0.03      87706   3654.361    34.2897    26.9372    1487.21    706.000 0.0000e+00
    710.109     6.4345   3.444115          1    34.2870      0.039     3.0644      7.805      98.39     -0.447      -0.04      87762   3656.690    34.2881    26.9340    1487.24    705.000 0.0000e+00
    709.100     6.4382   3.444349          1    34.2865      0.038     3.0666      7.805      98.72     -0.449       0.00      87815   3658.904    34.2874    26.9331    1487.24    704.000 0.0000e+00
    708.091     6.4441   3.444808          1    34.2863      0.049     3.0604      7.806      80.78     -0.601      -0.19      87853   3660.505    34.2871    26.9320    1487.24    703.000 0.0000e+00
    707.082     6.4466   3.444924          1    34.2856      0.041     3.0543      7.809      96.69     -0.750       0.02      87886   3661.860    34.2863    26.9311    1487.24    702.000 0.0000e+00
    706.074     6.4409   3.444473          1    34.2872      0.044     3.0610      7.807      86.26     -0.167      -0.15      87986   3666.029    34.2875    26.9328    1487.20    701.000 0.0000e+00
    705.064     6.4479   3.444992          1    34.2864      0.039     3.0563      7.811      98.70     -0.728      -0.22      88019   3667.433    34.2868    26.9313    1487.21    700.000 0.0000e+00
    704.056     6.4578   3.445797          1    34.2856      0.038     3.0631      7.807      98.71     -0.788       0.06      88051   3668.756    34.2863    26.9296    1487.23    699.000 0.0000e+00
    703.047     6.4672   3.446508          1    34.2847      0.042     3.0757      7.806      88.75     -0.617       0.10      88092   3670.468    34.2853    26.9275    1487.25    698.000 0.0000e+00
    702.038     6.4486   3.444904          1    34.2865      0.040     3.0793      7.809     101.91     -0.071      -0.02      88193   3674.656    34.2866    26.9310    1487.16    697.000 0.0000e+00
    701.029     6.4718   3.447036          1    34.2870      0.048     3.0633      7.806      79.32     -0.626      -0.27      88232   3676.304    34.2876    26.9287    1487.24    696.000 0.0000e+00
    700.020     6.5026   3.449529          1    34.2835      0.039     3.0588      7.807      98.02     -0.793       0.00      88263   3677.576    34.2848    26.9225    1487.34    695.000 0.0000e+00
    699.011     6.5104   3.450254          1    34.2842      0.046     3.0810      7.805      87.72     -0.625       0.09      88302   3679.227    34.2855    26.9220    1487.35    694.000 0.0000e+00
    698.002     6.4979   3.448982          1    34.2839      0.045     3.0962      7.806      80.51     -0.345       0.10      88369   3682.002    34.2844    26.9228    1487.29    693.000 0.0000e+00
    696.993     6.5014   3.449313          1    34.2845      0.041     3.0858      7.805      94.55     -0.310      -0.27      88458   3685.714    34.2851    26.9229    1487.28    692.000 0.0000e+00
    695.984     6.5681   3.455644          1    34.2872      0.039     3.0808      7.805      96.86     -0.712      -0.32      88485   3686.821    34.2891    26.9171    1487.53    691.000 0.0000e+00
    694.975     6.6022   3.458406          1    34.2831      0.043     3.0790      7.808      96.67     -0.924      -0.04      88511   3687.919    34.2861    26.9103    1487.65    690.000 0.0000e+00
    693.966     6.5832   3.456605          1    34.2840      0.042     3.1151      7.807      92.84     -0.470       0.16      88567   3690.250    34.2857    26.9125    1487.56    689.000 0.0000e+00
    692.958     6.5850   3.456660          1    34.2839      0.041     3.1176      7.809      99.53     -0.251      -0.14      88655   3693.904    34.2850    26.9117    1487.54    688.000 0.0000e+00
    691.949     6.6238   3.460845          1    34.2909      0.055     3.1229      7.802      68.45     -0.617      -0.19      88690   3695.358    34.2929    26.9128    1487.69    687.000 0.0000e+00
    690.940     6.7334   3.470639          1    34.2877      0.043     3.1204      7.837      92.35     -0.776      -0.04      88720   3696.643    34.2923    26.8976    1488.10    686.000 0.0000e+00
    689.931     6.7553   3.472249          1    34.2844      0.040     3.1517      7.817      98.60     -0.635       0.13      88760   3698.302    34.2886    26.8918    1488.17    685.000 0.0000e+00
    688.922     6.6941   3.466424          1    34.2845      0.049     3.1805      7.824      79.93     -0.382       0.09      88822   3700.877    34.2859    26.8978    1487.91    684.000 0.0000e+00
    687.913     6.6882   3.466366          1    34.2905      0.049     3.1591      7.818      97.97     -0.316      -0.18      88898   3704.037    34.2916    26.9031    1487.87    683.000 0.0000e+00
    686.904     6.8392   3.480711          1    34.2949      0.044     3.1445      7.793      98.70     -0.642      -0.14      88932   3705.475    34.2997    26.8891    1488.46    682.000 0.0000e+00
    685.896     6.8635   3.482386          1    34.2901      0.048     3.1676      7.775      88.40     -0.593       0.12      88975   3707.234    34.2944    26.8817    1488.53    681.000 0.0000e+00
    684.887     6.8594   3.482035          1    34.2921      0.045     3.2097      7.797      98.98     -0.428      -0.06      89029   3709.491    34.2951    26.8828    1488.50    680.000 0.0000e+00
    683.878     6.8736   3.483376          1    34.2935      0.058     3.2163      7.807      77.65     -0.516       0.03      89076   3711.448    34.2963    26.8817    1488.54    679.000 0.0000e+00
    682.869     6.8815   3.483889          1    34.2926      0.045     3.2139      7.797      99.01     -0.427      -0.01      89131   3713.760    34.2945    26.8793    1488.55    678.000 0.0000e+00
    681.860     6.8889   3.484567          1    34.2933      0.046     3.2115      7.808      98.71     -0.443       0.01      89186   3716.027    34.2951    26.8787    1488.56    677.000 0.0000e+00
    680.851     6.8988   3.485522          1    34.2948      0.048     3.2129      7.812      93.99     -0.515      -0.10      89232   3717.979    34.2963    26.8783    1488.58    676.000 0.0000e+00
    679.842     6.9058   3.486058          1    34.2944      0.045     3.2172      7.816      97.70     -0.484       0.10      89282   3720.029    34.2957    26.8769    1488.59    675.000 0.0000e+00
    678.834     6.9023   3.485719          1    34.2950      0.055     3.2287      7.806      81.41     -0.355      -0.14      89346   3722.725    34.2959    26.8775    1488.56    674.000 0.0000e+00
    677.825     6.9776   3.493214          1    34.3009      0.052     3.2187      7.796      98.93     -0.618      -0.17      89383   3724.251    34.3037    26.8734    1488.85    673.000 0.0000e+00
    676.816     6.9745   3.492299          1    34.2961      0.051     3.2344      7.790      90.34     -0.124       0.07      89609   3733.678    34.2973    26.8687    1488.81    672.000 0.0000e+00
    675.807     7.0071   3.495463          1    34.2985      0.056     3.2379      7.749      74.38     -0.451      -0.14      89801   3741.677    34.3000    26.8664    1488.93    671.000 0.0000e+00
    674.798     7.0355   3.497900          1    34.2975      0.044     3.2536      7.678      96.72     -0.415       0.06      89861   3744.146    34.2991    26.8617    1489.02    670.000 0.0000e+00
    673.790     7.0489   3.499449          1    34.3011      0.047     3.2556      7.671      98.75     -0.536      -0.14      89906   3746.045    34.3032    26.8631    1489.06    669.000 0.0000e+00
    672.781     7.1102   3.504633          1    34.2968      0.043     3.2685      7.753      98.71     -0.631       0.04      89945   3747.659    34.2996    26.8518    1489.28    668.000 0.0000e+00
    671.772     7.1184   3.505516          1    34.2993      0.046     3.2821      7.825      92.97     -0.458       0.03      89996   3749.773    34.3016    26.8522    1489.29    667.000 0.0000e+00
    670.763     7.1444   3.507800          1    34.2989      0.050     3.2907      7.813      98.54     -0.543      -0.02      90041   3751.648    34.3013    26.8483    1489.38    666.000 0.0000e+00
    669.755     7.1048   3.503937          1    34.2979      0.054     3.3039      7.711      86.37     -0.343       0.07      90105   3754.316    34.2988    26.8519    1489.21    665.000 0.0000e+00
    668.746     7.1607   3.509414          1    34.3016      0.047     3.2864      7.649      99.13     -0.491      -0.19      90157   3756.498    34.3037    26.8479    1489.41    664.000 0.0000e+00
    667.737     7.2129   3.514132          1    34.3010      0.060     3.2808      7.645      59.79     -0.725      -0.16      90188   3757.783    34.3039    26.8408    1489.60    663.000 0.0000e+00
    666.728     7.2394   3.516369          1    34.2991      0.048     3.2933      7.693      88.37     -0.850      -0.05      90216   3758.952    34.3026    26.8361    1489.68    662.000 0.0000e+00
    665.720     7.2516   3.517173          1    34.2968      0.044     3.3162      7.756      97.92     -0.770       0.14      90250   3760.361    34.2998    26.8321    1489.71    661.000 0.0000e+00
    664.711     7.2126   3.513677          1    34.2997      0.048     3.3369      7.784      94.86     -0.209       0.06      90332   3763.783    34.3007    26.8384    1489.54    660.000 0.0000e+00
    663.702     7.2235   3.514828          1    34.3018      0.050     3.3341      7.799      96.76     -0.467      -0.24      90395   3766.422    34.3029    26.8386    1489.57    659.000 0.0000e+00
    662.693     7.2736   3.519391          1    34.3016      0.047     3.3279      7.856      98.69     -0.741      -0.14      90425   3767.672    34.3035    26.8320    1489.75    658.000 0.0000e+00
    661.685     7.2857   3.520328          1    34.3002      0.045     3.3331      7.882      97.59     -0.691       0.14      90462   3769.220    34.3023    26.8293    1489.77    657.000 0.0000e+00
    660.676     7.2668   3.518484          1    34.3004      0.049     3.3484      7.706      90.80     -0.415      -0.02      90517   3771.481    34.3014    26.8313    1489.68    656.000 0.0000e+00
    659.667     7.2746   3.519131          1    34.3003      0.074     3.3440      7.712      84.95     -0.427       0.08      90571   3773.761    34.3011    26.8300    1489.70    655.000 0.0000e+00
