src/interpolation/Data/CTD/07w7h.cnv
* Sea-Bird SBE 9 Data File:
* FileName = E:\HOBAB2\w7.hex
* Software Version Seasave V 7.22.1
* Temperature SN = 5330
* Conductivity SN = 3693
* Number of Bytes Per Scan = 24
* Number of Voltage Words = 4
* Number of Scans Averaged by the Deck Unit = 1
* NMEA baud rate = 9600
# nquan = 18
# nvalues = 1932                        
# units = specified
# name 0 = prDM: Pressure, Digiquartz [db]
# name 1 = t090C: Temperature [ITS-90, deg C]
# name 2 = c0S/m: Conductivity [S/m]
# name 3 = pumps: Pump Status
# name 4 = sal00: Salinity, Practical [PSU]
# name 5 = seaTurbMtr: Turbidity, Seapoint [FTU]
# name 6 = sbeox0Mg/L: Oxygen, SBE 43 [mg/l]
# name 7 = ph: pH
# name 8 = altM: Altimeter [m]
# name 9 = dz/dtM: Descent Rate [m/s]
# name 10 = accM: Acceleration [m/s^2]
# name 11 = scan: Scan Count
# name 12 = timeS: Time, Elapsed [seconds]
# name 13 = sal00: Salinity, Practical [PSU]
# name 14 = sigma-t00: Density [sigma-t, kg/m^3 ]
# name 15 = svCM: Sound Velocity [Chen-Millero, m/s]
# name 16 = depSM: Depth [salt water, m], lat = 0
# name 17 = flag: flag
# span 0 =      1.006,    977.655       
# span 1 =     4.7445,    23.9453       
# span 2 =   3.312133,   5.153823       
# span 3 =          1,          1       
# span 4 =    34.2345,    34.8052       
# span 5 =      0.027,      0.150       
# span 6 =     2.3971,     7.1960       
# span 7 =      7.618,      8.037       
# span 8 =       1.52,     104.82       
# span 9 =     -1.181,      0.954       
# span 10 =      -0.45,       0.51      
# span 11 =      11972,     119412      
# span 12 =    498.774,   4975.457      
# span 13 =    34.2325,    34.8059      
# span 14 =    23.4064,    27.2098      
# span 15 =    1484.26,    1531.73      
# span 16 =      1.000,    970.000      
# span 17 = 0.0000e+00, 0.0000e+00      
# interval = meters: 1                  
# start_time = Apr 17 2014 19:48:02 [System UTC, header]
# bad_flag = -9.990e-29
*END*
[from data line 161]
    170.004    19.9330   4.765323          1    34.7797      0.057     6.5171      7.908      98.57      0.492      -0.15      22008    916.954    34.7781    24.6101    1523.88    169.000 0.0000e+00
    171.010    19.9233   4.764337          1    34.7790      0.065     6.4820      7.908      85.82      0.372       0.21      22073    919.670    34.7777    24.6123    1523.86    170.000 0.0000e+00
    172.016    19.9055   4.762566          1    34.7788      0.055     6.4892      7.908      97.68      0.507      -0.07      22119    921.569    34.7775    24.6169    1523.83    171.000 0.0000e+00
    173.023    19.8794   4.759861          1    34.7781      0.059     6.4709      7.909      89.05      0.311       0.06      22188    924.439    34.7767    24.6231    1523.77    172.000 0.0000e+00
    174.029    19.8644   4.758377          1    34.7779      0.053     6.4544      7.908      98.63      0.511       0.05      22235    926.418    34.7765    24.6269    1523.75    173.000 0.0000e+00
    175.035    19.8617   4.758142          1    34.7776      0.052     6.4399      7.908      95.91      0.513      -0.03      22282    928.383    34.7765    24.6276    1523.76    174.000 0.0000e+00
    176.042    19.8410   4.756032          1    34.7771      0.056     6.4171      7.909      93.70      0.396      -0.06      22342    930.866    34.7759    24.6326    1523.72    175.000 0.0000e+00
    177.048    19.8247   4.754409          1    34.7769      0.054     6.4309      7.910      97.73      0.296       0.00      22421    934.161    34.7758    24.6368    1523.69    176.000 0.0000e+00
    178.054    19.7837   4.750077          1    34.7755      0.050     6.4469      7.910      96.52      0.385       0.15      22486    936.866    34.7738    24.6459    1523.59    177.000 0.0000e+00
    179.061    19.7088   4.742424          1    34.7755      0.063     6.3941      7.909      72.64      0.630       0.05      22522    938.390    34.7727    24.6646    1523.40    178.000 0.0000e+00
    180.067    19.6873   4.740398          1    34.7755      0.050     6.3304      7.910     104.82      0.136      -0.07      22614    942.209    34.7734    24.6708    1523.35    179.000 0.0000e+00
    181.074    19.6618   4.737747          1    34.7745      0.055     6.3497      7.910      86.00      0.563       0.11      22668    944.453    34.7724    24.6768    1523.30    180.000 0.0000e+00
    182.080    19.6250   4.733989          1    34.7738      0.044     6.3364      7.911      97.38      0.362      -0.09      22731    947.094    34.7716    24.6857    1523.21    181.000 0.0000e+00
    183.087    19.5727   4.728509          1    34.7721      0.045     6.3199      7.911      98.70      0.408       0.08      22796    949.808    34.7695    24.6977    1523.08    182.000 0.0000e+00
    184.093    19.5004   4.721269          1    34.7727      0.041     6.2595      7.912      96.29      0.307      -0.05      22867    952.732    34.7695    24.7164    1522.89    183.000 0.0000e+00
    185.099    19.4604   4.717043          1    34.7707      0.051     6.2761      7.912      64.86      0.537       0.22      22916    954.784    34.7675    24.7252    1522.79    184.000 0.0000e+00
    186.106    19.4356   4.714691          1    34.7713      0.039     6.2393      7.912      96.31      0.552      -0.10      22960    956.634    34.7684    24.7323    1522.74    185.000 0.0000e+00
    187.112    19.4301   4.714212          1    34.7708      0.046     6.2491      7.913      90.65      0.352      -0.04      23028    959.452    34.7686    24.7340    1522.74    186.000 0.0000e+00
    188.119    19.4237   4.713628          1    34.7702      0.042     6.2488      7.913      99.65      0.264       0.09      23111    962.927    34.7688    24.7357    1522.74    187.000 0.0000e+00
    189.125    19.4098   4.712248          1    34.7700      0.051     6.2548      7.913      70.35      0.555       0.09      23154    964.696    34.7686    24.7391    1522.72    188.000 0.0000e+00
    190.132    19.3886   4.710167          1    34.7700      0.040     6.2435      7.913      96.72      0.365      -0.10      23216    967.283    34.7686    24.7446    1522.68    189.000 0.0000e+00
    191.138    19.3576   4.707045          1    34.7698      0.042     6.2579      7.914      74.64      0.400       0.04      23282    970.039    34.7683    24.7524    1522.60    190.000 0.0000e+00
    192.144    19.3453   4.705794          1    34.7690      0.038     6.2014      7.914      93.87      0.351       0.02      23347    972.765    34.7677    24.7551    1522.59    191.000 0.0000e+00
    193.151    19.3340   4.704671          1    34.7687      0.042     6.2052      7.914      87.97      0.444      -0.07      23399    974.902    34.7675    24.7579    1522.57    192.000 0.0000e+00
    194.157    19.3283   4.704161          1    34.7685      0.037     6.2252      7.914     100.84      0.184       0.18      23484    978.450    34.7677    24.7595    1522.57    193.000 0.0000e+00
    195.164    19.3251   4.703848          1    34.7681      0.052     6.2209      7.914      71.54      0.592       0.03      23519    979.919    34.7673    24.7600    1522.58    194.000 0.0000e+00
    196.170    19.3097   4.702288          1    34.7677      0.035     6.2310      7.914     104.59      0.213      -0.05      23596    983.107    34.7669    24.7637    1522.55    195.000 0.0000e+00
    197.177    19.2975   4.701064          1    34.7674      0.039     6.1910      7.915      98.71      0.583       0.14      23638    984.879    34.7666    24.7665    1522.53    196.000 0.0000e+00
    198.183    19.2602   4.697146          1    34.7662      0.039     6.2004      7.915      93.58      0.149      -0.12      23726    988.524    34.7649    24.7749    1522.44    197.000 0.0000e+00
    199.190    19.1745   4.688242          1    34.7649      0.038     6.2146      7.915      98.70      0.652       0.31      23769    990.348    34.7620    24.7947    1522.21    198.000 0.0000e+00
    200.196    19.1101   4.682069          1    34.7675      0.040     6.1665      7.915      89.04      0.457      -0.14      23822    992.547    34.7641    24.8127    1522.05    199.000 0.0000e+00
    201.203    19.0974   4.680905          1    34.7672      0.044     6.1408      7.915      73.84      0.406       0.09      23891    995.414    34.7648    24.8165    1522.03    200.000 0.0000e+00
    202.209    19.0844   4.679804          1    34.7678      0.037     6.1576      7.915     102.85      0.252      -0.03      23971    998.751    34.7661    24.8208    1522.01    201.000 0.0000e+00
    203.216    19.0853   4.679934          1    34.7673      0.033     6.1888      7.915      98.71      0.537       0.07      24018   1000.729    34.7660    24.8206    1522.03    202.000 0.0000e+00
    204.222    19.0859   4.680054          1    34.7670      0.039     6.1518      7.916      93.80      0.248      -0.07      24096   1003.955    34.7662    24.8205    1522.05    203.000 0.0000e+00
    205.229    19.0853   4.680062          1    34.7670      0.040     6.1787      7.915      94.43      0.479       0.07      24154   1006.374    34.7664    24.8208    1522.07    204.000 0.0000e+00
    206.235    19.0844   4.680044          1    34.7670      0.041     6.1294      7.916      89.77      0.377      -0.06      24216   1008.954    34.7666    24.8212    1522.08    205.000 0.0000e+00
    207.242    19.0833   4.680027          1    34.7673      0.040     6.1563      7.916      80.51      0.296      -0.01      24295   1012.268    34.7671    24.8219    1522.09    206.000 0.0000e+00
    208.248    19.0824   4.680021          1    34.7675      0.035     6.1662      7.915      99.57      0.377       0.11      24364   1015.107    34.7674    24.8223    1522.11    207.000 0.0000e+00
    209.255    19.0831   4.680140          1    34.7675      0.037     6.1573      7.915      98.71      0.493      -0.04      24412   1017.109    34.7674    24.8221    1522.13    208.000 0.0000e+00
    210.262    19.0800   4.679961          1    34.7683      0.037     6.1649      7.915      92.70      0.276      -0.03      24489   1020.327    34.7681    24.8235    1522.14    209.000 0.0000e+00
    211.268    19.0755   4.679642          1    34.7690      0.039     6.1748      7.915      90.44      0.386       0.07      24559   1023.263    34.7689    24.8252    1522.14    210.000 0.0000e+00
    212.275    19.0691   4.679136          1    34.7699      0.035     6.1671      7.914      98.27      0.328      -0.03      24628   1026.138    34.7696    24.8275    1522.14    211.000 0.0000e+00
    213.281    19.0496   4.677541          1    34.7728      0.047     6.1458      7.915      74.73      0.480       0.11      24682   1028.391    34.7723    24.8345    1522.11    212.000 0.0000e+00
    214.288    19.0433   4.677123          1    34.7743      0.037     6.1491      7.915      98.56      0.332      -0.09      24749   1031.147    34.7738    24.8372    1522.10    213.000 0.0000e+00
    215.294    19.0409   4.676974          1    34.7746      0.036     6.1362      7.915      90.84      0.429       0.20      24814   1033.894    34.7742    24.8382    1522.11    214.000 0.0000e+00
    216.301    19.0121   4.674356          1    34.7769      0.042     6.1426      7.914      94.11      0.570      -0.04      24856   1035.641    34.7761    24.8469    1522.05    215.000 0.0000e+00
    217.307    19.0004   4.673338          1    34.7779      0.040     6.1109      7.914      86.58      0.306      -0.06      24928   1038.637    34.7771    24.8507    1522.04    216.000 0.0000e+00
    218.314    18.9709   4.670263          1    34.7769      0.036     6.1308      7.914      99.14      0.370       0.13      24999   1041.602    34.7757    24.8571    1521.97    217.000 0.0000e+00
    219.321    18.9398   4.667080          1    34.7763      0.042     6.0962      7.914      73.83      0.437      -0.07      25053   1043.824    34.7748    24.8644    1521.89    218.000 0.0000e+00
    220.327    18.9295   4.666045          1    34.7758      0.034     6.0513      7.914      97.70      0.431       0.18      25108   1046.139    34.7744    24.8667    1521.88    219.000 0.0000e+00
    221.334    18.9124   4.664297          1    34.7751      0.037     6.0296      7.914      92.53      0.382      -0.09      25165   1048.479    34.7739    24.8706    1521.85    220.000 0.0000e+00
    222.340    18.8951   4.662569          1    34.7747      0.036     6.0222      7.914      98.87      0.387       0.30      25236   1051.441    34.7735    24.8747    1521.81    221.000 0.0000e+00
    223.347    18.8853   4.661599          1    34.7744      0.041     6.0410      7.914      84.67      0.520      -0.09      25282   1053.357    34.7732    24.8770    1521.80    222.000 0.0000e+00
    224.354    18.8519   4.658042          1    34.7728      0.036     6.0356      7.914      90.43      0.478       0.16      25331   1055.411    34.7712    24.8839    1521.72    223.000 0.0000e+00
    225.360    18.8204   4.654926          1    34.7729      0.047     6.0362      7.915      83.99      0.397      -0.09      25385   1057.684    34.7711    24.8919    1521.65    224.000 0.0000e+00
    226.367    18.8024   4.653138          1    34.7722      0.034     6.0546      7.915      97.03      0.222       0.35      25480   1061.617    34.7709    24.8962    1521.61    225.000 0.0000e+00
    227.374    18.7886   4.651723          1    34.7717      0.036     6.0598      7.915      98.64      0.701       0.22      25507   1062.737    34.7703    24.8993    1521.59    226.000 0.0000e+00
    228.380    18.7840   4.651346          1    34.7719      0.033     6.0217      7.915      98.71      0.669      -0.15      25545   1064.333    34.7706    24.9007    1521.60    227.000 0.0000e+00
    229.387    18.7739   4.650300          1    34.7711      0.035     6.0327      7.915      90.16      0.378      -0.02      25606   1066.874    34.7700    24.9028    1521.58    228.000 0.0000e+00
    230.393    18.7146   4.644062          1    34.7692      0.044     6.0546      7.915      80.72      0.310      -0.00      25679   1069.905    34.7672    24.9156    1521.43    229.000 0.0000e+00
    231.400    18.6342   4.635778          1    34.7682      0.033     6.0599      7.914      99.16      0.541       0.27      25723   1071.761    34.7649    24.9341    1521.21    230.000 0.0000e+00
    232.407    18.6229   4.634789          1    34.7688      0.035     6.0427      7.915      98.71      0.819       0.18      25750   1072.883    34.7657    24.9376    1521.19    231.000 0.0000e+00
    233.413    18.6194   4.634506          1    34.7680      0.037     6.0419      7.915      83.54      0.255      -0.12      25827   1076.086    34.7659    24.9386    1521.20    232.000 0.0000e+00
    234.420    18.5890   4.631176          1    34.7652      0.032     6.0645      7.914      98.79      0.567       0.25      25903   1079.267    34.7631    24.9441    1521.13    233.000 0.0000e+00
    235.427    18.4870   4.620558          1    34.7633      0.039     6.0365      7.915      85.19      0.645      -0.06      25942   1080.856    34.7593    24.9668    1520.84    234.000 0.0000e+00
    236.433    18.4052   4.612025          1    34.7607      0.033     6.0718      7.915      96.86      0.618       0.06      25980   1082.453    34.7559    24.9846    1520.62    235.000 0.0000e+00
    237.440    18.3418   4.605303          1    34.7568      0.037     6.0053      7.915      89.01      0.298      -0.09      26050   1085.387    34.7523    24.9977    1520.45    236.000 0.0000e+00
    238.447    18.2538   4.596089          1    34.7531      0.032     6.0009      7.915      98.96      0.460       0.33      26131   1088.744    34.7483    25.0165    1520.21    237.000 0.0000e+00
    239.453    18.1595   4.586225          1    34.7500      0.045     5.9924      7.916      59.10      0.670      -0.01      26166   1090.214    34.7441    25.0367    1519.94    238.000 0.0000e+00
    240.460    18.1144   4.582238          1    34.7533      0.033     5.9759      7.916      94.88      0.503      -0.08      26215   1092.236    34.7481    25.0508    1519.83    239.000 0.0000e+00
    241.467    18.0901   4.580042          1    34.7535      0.037     6.0171      7.917      86.25      0.280      -0.05      26292   1095.461    34.7496    25.0581    1519.78    240.000 0.0000e+00
    242.474    18.0613   4.577026          1    34.7513      0.032     6.0465      7.917      99.18      0.384       0.17      26364   1098.463    34.7481    25.0640    1519.71    241.000 0.0000e+00
    243.480    18.0432   4.575154          1    34.7500      0.040     6.0182      7.917      98.71      0.618       0.08      26402   1100.028    34.7471    25.0678    1519.68    242.000 0.0000e+00
    244.487    18.0262   4.573476          1    34.7493      0.037     6.0068      7.917      91.53      0.407      -0.12      26459   1102.412    34.7469    25.0717    1519.64    243.000 0.0000e+00
    245.494    18.0130   4.572192          1    34.7486      0.032     6.0052      7.917      98.76      0.363       0.15      26533   1105.519    34.7467    25.0749    1519.62    244.000 0.0000e+00
    246.500    17.9804   4.568870          1    34.7478      0.034     6.0261      7.917      95.88      0.406      -0.05      26591   1107.932    34.7458    25.0822    1519.54    245.000 0.0000e+00
    247.507    17.9248   4.563427          1    34.7490      0.031     6.0485      7.917      98.72      0.521       0.16      26639   1109.904    34.7463    25.0962    1519.39    246.000 0.0000e+00
    248.514    17.8619   4.557048          1    34.7483      0.034     6.1052      7.918      90.92      0.416      -0.11      26695   1112.231    34.7449    25.1106    1519.22    247.000 0.0000e+00
    249.521    17.7955   4.550032          1    34.7449      0.031     6.1346      7.918      98.99      0.397       0.22      26759   1114.899    34.7411    25.1239    1519.04    248.000 0.0000e+00
