src/interpolation/Data/CTD/07w7h.cnv
* Sea-Bird SBE 9 Data File:
* FileName = E:\HOBAB2\w7.hex
* Software Version Seasave V 7.22.1
* Temperature SN = 5330
* Conductivity SN = 3693
* Number of Bytes Per Scan = 24
* Number of Voltage Words = 4
* Number of Scans Averaged by the Deck Unit = 1
* NMEA baud rate = 9600
# nquan = 18
# nvalues = 1932                        
# units = specified
# name 0 = prDM: Pressure, Digiquartz [db]
# name 1 = t090C: Temperature [ITS-90, deg C]
# name 2 = c0S/m: Conductivity [S/m]
# name 3 = pumps: Pump Status
# name 4 = sal00: Salinity, Practical [PSU]
# name 5 = seaTurbMtr: Turbidity, Seapoint [FTU]
# name 6 = sbeox0Mg/L: Oxygen, SBE 43 [mg/l]
# name 7 = ph: pH
# name 8 = altM: Altimeter [m]
# name 9 = dz/dtM: Descent Rate [m/s]
# name 10 = accM: Acceleration [m/s^2]
# name 11 = scan: Scan Count
# name 12 = timeS: Time, Elapsed [seconds]
# name 13 = sal00: Salinity, Practical [PSU]
# name 14 = sigma-t00: Density [sigma-t, kg/m^3 ]
# name 15 = svCM: Sound Velocity [Chen-Millero, m/s]
# name 16 = depSM: Depth [salt water, m], lat = 0
# name 17 = flag: flag
# span 0 =      1.006,    977.655       
# span 1 =     4.7445,    23.9453       
# span 2 =   3.312133,   5.153823       
# span 3 =          1,          1       
# span 4 =    34.2345,    34.8052       
# span 5 =      0.027,      0.150       
# span 6 =     2.3971,     7.1960       
# span 7 =      7.618,      8.037       
# span 8 =       1.52,     104.82       
# span 9 =     -1.181,      0.954       
# span 10 =      -0.45,       0.51      
# span 11 =      11972,     119412      
# span 12 =    498.774,   4975.457      
# span 13 =    34.2325,    34.8059      
# span 14 =    23.4064,    27.2098      
# span 15 =    1484.26,    1531.73      
# span 16 =      1.000,    970.000      
# span 17 = 0.0000e+00, 0.0000e+00      
# interval = meters: 1                  
# start_time = Apr 17 2014 19:48:02 [System UTC, header]
# bad_flag = -9.990e-29
*END*
[from data line 1207]
    730.290     5.9564   3.403662          1    34.3059      0.045     2.8419      7.820      83.56     -0.330       0.13      82161   3423.333    34.3066    27.0103    1485.70    725.000 0.0000e+00
    729.280     5.9646   3.404433          1    34.3068      0.050     2.8407      7.834      69.06     -0.523      -0.29      82213   3425.509    34.3075    27.0099    1485.72    724.000 0.0000e+00
    728.271     5.9879   3.406132          1    34.3024      0.045     2.8380      7.841      71.59     -0.807      -0.16      82241   3426.666    34.3036    27.0039    1485.79    723.000 0.0000e+00
    727.262     5.9816   3.405453          1    34.3019      0.039     2.8392      7.839      94.63     -0.677       0.19      82280   3428.277    34.3029    27.0041    1485.75    722.000 0.0000e+00
    726.253     5.9800   3.405387          1    34.3036      0.040     2.8561      7.839      98.77     -0.417      -0.04      82335   3430.579    34.3042    27.0053    1485.73    721.000 0.0000e+00
    725.244     5.9786   3.405162          1    34.3031      0.044     2.8532      7.837      82.28     -0.419       0.06      82391   3432.929    34.3035    27.0050    1485.70    720.000 0.0000e+00
    724.235     5.9935   3.406161          1    34.2998      0.037     2.8415      7.841      99.81     -0.402      -0.21      82448   3435.305    34.3003    27.0005    1485.74    719.000 0.0000e+00
    723.226     6.0062   3.406584          1    34.2920      0.034     2.8556      7.845      98.71     -0.760      -0.30      82475   3436.421    34.2927    26.9930    1485.77    718.000 0.0000e+00
    722.217     6.0234   3.408030          1    34.2910      0.035     2.8606      7.846      95.36     -0.921       0.02      82502   3437.551    34.2921    26.9903    1485.82    717.000 0.0000e+00
    721.208     6.0086   3.406702          1    34.2920      0.043     2.8642      7.964      92.78     -0.296       0.15      82569   3440.342    34.2926    26.9926    1485.74    716.000 0.0000e+00
    720.199     6.0103   3.406933          1    34.2936      0.049     2.8727      7.841      75.13     -0.455      -0.06      82631   3442.913    34.2940    26.9935    1485.73    715.000 0.0000e+00
    719.190     6.0428   3.409860          1    34.2934      0.036     2.8667      7.843      99.49     -0.533      -0.07      82675   3444.769    34.2946    26.9898    1485.85    714.000 0.0000e+00
    718.181     6.0774   3.412974          1    34.2933      0.055     2.8683      7.833      68.97     -0.682      -0.07      82710   3446.216    34.2951    26.9858    1485.97    713.000 0.0000e+00
    717.172     6.0843   3.413226          1    34.2898      0.051     2.8846      7.778      86.64     -0.584       0.11      82753   3448.000    34.2916    26.9821    1485.98    712.000 0.0000e+00
    716.163     6.0648   3.411732          1    34.2941      0.037     2.9056      7.791      95.28     -0.441      -0.04      82806   3450.207    34.2948    26.9872    1485.89    711.000 0.0000e+00
    715.154     6.1062   3.415387          1    34.2931      0.048     2.8801      7.840      79.73     -0.513       0.02      82853   3452.181    34.2947    26.9818    1486.03    710.000 0.0000e+00
    714.145     6.1221   3.416553          1    34.2907      0.036     2.9018      7.836      98.26     -0.378       0.01      82914   3454.688    34.2922    26.9778    1486.08    709.000 0.0000e+00
    713.136     6.1440   3.418740          1    34.2933      0.038     2.9147      7.739      98.72     -0.547      -0.15      82958   3456.536    34.2951    26.9773    1486.15    708.000 0.0000e+00
    712.127     6.1785   3.421635          1    34.2909      0.037     2.9197      7.758      98.71     -0.669      -0.01      82994   3458.039    34.2933    26.9714    1486.27    707.000 0.0000e+00
    711.118     6.1892   3.422483          1    34.2905      0.044     2.9355      7.794      82.72     -0.620       0.06      83034   3459.706    34.2925    26.9695    1486.29    706.000 0.0000e+00
    710.109     6.1695   3.420542          1    34.2901      0.042     2.9562      7.786      91.08     -0.409       0.07      83091   3462.077    34.2912    26.9709    1486.20    705.000 0.0000e+00
    709.100     6.1710   3.420970          1    34.2940      0.048     2.9422      7.808      77.39     -0.454      -0.14      83145   3464.316    34.2949    26.9737    1486.19    704.000 0.0000e+00
    708.091     6.2205   3.425197          1    34.2910      0.038     2.9311      7.810      98.49     -0.673      -0.10      83179   3465.755    34.2929    26.9657    1486.37    703.000 0.0000e+00
    707.082     6.2287   3.425808          1    34.2902      0.036     2.9422      7.738      98.71     -0.655       0.08      83217   3467.346    34.2920    26.9639    1486.38    702.000 0.0000e+00
    706.073     6.2243   3.425314          1    34.2901      0.056     2.9693      7.708      93.99     -0.490       0.07      83268   3469.447    34.2914    26.9640    1486.35    701.000 0.0000e+00
    705.064     6.2181   3.424794          1    34.2915      0.036     2.9575      7.758      97.02     -0.280      -0.03      83340   3472.458    34.2922    26.9655    1486.31    700.000 0.0000e+00
    704.056     6.2676   3.429410          1    34.2929      0.041     2.9632      7.768      98.76     -0.605      -0.28      83377   3473.999    34.2945    26.9609    1486.49    699.000 0.0000e+00
    703.047     6.3163   3.433438          1    34.2881      0.054     2.9585      7.682      63.35     -0.870      -0.16      83403   3475.081    34.2911    26.9519    1486.66    698.000 0.0000e+00
    702.038     6.3168   3.433386          1    34.2879      0.038     2.9820      7.682      96.62     -0.811       0.16      83435   3476.436    34.2905    26.9513    1486.65    697.000 0.0000e+00
    701.029     6.3005   3.431919          1    34.2897      0.045     3.0130      7.811      81.21     -0.276       0.08      83507   3479.429    34.2910    26.9539    1486.57    696.000 0.0000e+00
    700.020     6.3232   3.434070          1    34.2912      0.038     3.0009      7.757      99.27     -0.434      -0.13      83574   3482.199    34.2926    26.9522    1486.64    695.000 0.0000e+00
    699.011     6.3816   3.439113          1    34.2882      0.039     3.0070      7.709      98.71     -0.615      -0.10      83612   3483.773    34.2908    26.9431    1486.85    694.000 0.0000e+00
    698.002     6.3965   3.440282          1    34.2867      0.037     3.0235      7.731      98.71     -0.703      -0.02      83646   3485.201    34.2893    26.9400    1486.89    693.000 0.0000e+00
    696.993     6.3873   3.439370          1    34.2871      0.040     3.0369      7.749      95.31     -0.460       0.13      83700   3487.445    34.2888    26.9408    1486.84    692.000 0.0000e+00
    695.984     6.3751   3.438177          1    34.2876      0.048     3.0341      7.796      77.39     -0.192      -0.31      83799   3491.576    34.2883    26.9420    1486.77    691.000 0.0000e+00
    694.975     6.3955   3.440102          1    34.2887      0.040     3.0266      7.818      98.28     -0.632      -0.12      83831   3492.898    34.2897    26.9405    1486.84    690.000 0.0000e+00
    693.966     6.4068   3.440944          1    34.2871      0.045     3.0369      7.796      71.89     -0.512       0.13      83878   3494.886    34.2883    26.9379    1486.87    689.000 0.0000e+00
    692.958     6.4154   3.441686          1    34.2872      0.039     3.0472      7.805      98.66     -0.491      -0.13      83928   3496.961    34.2884    26.9368    1486.88    688.000 0.0000e+00
    691.949     6.4127   3.441323          1    34.2870      0.039     3.0569      7.823      98.39     -0.323       0.09      83995   3499.752    34.2875    26.9365    1486.85    687.000 0.0000e+00
    690.940     6.4309   3.443199          1    34.2896      0.047     3.0504      7.845      87.23     -0.435      -0.21      84062   3502.562    34.2907    26.9366    1486.91    686.000 0.0000e+00
    689.931     6.4845   3.447547          1    34.2839      0.040     3.0260      7.864      98.81     -0.690      -0.14      84095   3503.909    34.2858    26.9257    1487.10    685.000 0.0000e+00
    688.922     6.4901   3.447915          1    34.2827      0.039     3.0542      7.818      98.71     -0.805      -0.03      84125   3505.157    34.2848    26.9241    1487.11    684.000 0.0000e+00
    687.913     6.4827   3.447170          1    34.2829      0.042     3.0915      7.815      88.74     -0.677       0.14      84163   3506.734    34.2844    26.9248    1487.06    683.000 0.0000e+00
    686.904     6.4727   3.446423          1    34.2857      0.038     3.0970      7.819      98.59     -0.466       0.03      84213   3508.845    34.2866    26.9279    1487.01    682.000 0.0000e+00
    685.896     6.4857   3.447366          1    34.2837      0.039     3.0880      7.784      95.28     -0.477       0.02      84265   3510.983    34.2846    26.9245    1487.04    681.000 0.0000e+00
    684.887     6.4840   3.447217          1    34.2845      0.040     3.0874      7.790      94.89     -0.266       0.01      84342   3514.199    34.2851    26.9252    1487.01    680.000 0.0000e+00
    683.878     6.5022   3.448909          1    34.2853      0.053     3.0880      7.814      69.20     -0.487      -0.13      84395   3516.433    34.2861    26.9236    1487.07    679.000 0.0000e+00
    682.869     6.5177   3.450178          1    34.2840      0.040     3.0955      7.803      98.36     -0.652      -0.07      84432   3517.940    34.2852    26.9208    1487.11    678.000 0.0000e+00
    681.860     6.5333   3.451531          1    34.2838      0.039     3.1010      7.806      98.71     -0.642       0.07      84470   3519.557    34.2850    26.9186    1487.16    677.000 0.0000e+00
    680.851     6.5238   3.450548          1    34.2835      0.040     3.1087      7.712      91.86     -0.403       0.08      84530   3522.060    34.2842    26.9192    1487.10    676.000 0.0000e+00
    679.843     6.5213   3.450320          1    34.2843      0.048     3.0999      7.677      82.34     -0.141      -0.08      84638   3526.523    34.2846    26.9199    1487.08    675.000 0.0000e+00
    678.834     6.5343   3.451555          1    34.2852      0.052     3.1010      7.686      99.23     -0.608      -0.35      84670   3527.890    34.2858    26.9191    1487.11    674.000 0.0000e+00
    677.825     6.5470   3.452598          1    34.2843      0.040     3.0985      7.686      98.71     -0.917      -0.25      84693   3528.848    34.2852    26.9169    1487.15    673.000 0.0000e+00
    676.816     6.5470   3.452516          1    34.2839      0.040     3.1031      7.688      98.71     -0.928       0.15      84722   3530.047    34.2847    26.9165    1487.13    672.000 0.0000e+00
    675.807     6.5483   3.452611          1    34.2846      0.042     3.1154      7.687      92.69      0.039       0.02      84838   3534.857    34.2850    26.9166    1487.12    671.000 0.0000e+00
    674.798     6.5492   3.452746          1    34.2853      0.039     3.1028      7.769      98.78     -0.548      -0.28      84895   3537.258    34.2860    26.9173    1487.11    670.000 0.0000e+00
    673.790     6.6023   3.457688          1    34.2869      0.042     3.1022      7.692      98.18     -0.798      -0.10      84924   3538.450    34.2882    26.9119    1487.30    669.000 0.0000e+00
    672.781     6.6312   3.459994          1    34.2832      0.045     3.1168      7.690      96.50     -0.633       0.17      84965   3540.157    34.2854    26.9059    1487.39    668.000 0.0000e+00
    671.772     6.6176   3.458748          1    34.2847      0.046     3.1384      7.689      85.28     -0.290       0.03      85040   3543.301    34.2856    26.9079    1487.32    667.000 0.0000e+00
    670.763     6.6421   3.461134          1    34.2864      0.042     3.1298      7.692     100.02     -0.287      -0.05      85126   3546.856    34.2881    26.9065    1487.41    666.000 0.0000e+00
    669.755     6.8107   3.477476          1    34.2956      0.055     3.1306      7.688      79.69     -0.545      -0.17      85170   3548.699    34.3007    26.8938    1488.06    665.000 0.0000e+00
    668.746     6.8905   3.484194          1    34.2894      0.045     3.1706      7.687      97.78     -0.550       0.11      85214   3550.550    34.2956    26.8789    1488.35    664.000 0.0000e+00
    667.737     6.8543   3.480446          1    34.2876      0.052     3.2373      7.694      76.12     -0.348      -0.03      85279   3553.260    34.2910    26.8802    1488.19    663.000 0.0000e+00
    666.728     6.8556   3.480809          1    34.2917      0.046     3.2114      7.686      97.11     -0.396       0.05      85339   3555.750    34.2941    26.8824    1488.18    662.000 0.0000e+00
    665.719     6.9032   3.485558          1    34.2965      0.043     3.2138      7.691      98.71     -0.321      -0.10      85411   3558.760    34.2994    26.8802    1488.36    661.000 0.0000e+00
    664.711     7.0310   3.497465          1    34.2981      0.048     3.2198      7.690      94.03     -0.503       0.02      85458   3560.719    34.3035    26.8658    1488.84    660.000 0.0000e+00
    663.702     7.0474   3.498809          1    34.2984      0.052     3.2619      7.682      88.58     -0.323      -0.03      85524   3563.458    34.3025    26.8627    1488.89    659.000 0.0000e+00
    662.693     7.0934   3.502936          1    34.2985      0.052     3.2770      7.683      93.08     -0.536      -0.03      85569   3565.335    34.3025    26.8564    1489.05    658.000 0.0000e+00
    661.685     7.0503   3.498694          1    34.2975      0.052     3.2836      7.689      82.19     -0.255       0.06      85648   3568.604    34.2993    26.8599    1488.86    657.000 0.0000e+00
    660.676     7.1319   3.506819          1    34.3043      0.052     3.2554      7.707      99.06     -0.447      -0.12      85710   3571.189    34.3077    26.8551    1489.17    656.000 0.0000e+00
    659.667     7.2307   3.515335          1    34.2982      0.046     3.2678      7.693      98.71     -0.593      -0.04      85750   3572.863    34.3032    26.8378    1489.53    655.000 0.0000e+00
    658.658     7.2160   3.513751          1    34.2979      0.045     3.3419      7.695      95.12     -0.288       0.08      85822   3575.870    34.3010    26.8381    1489.45    654.000 0.0000e+00
    657.650     7.2188   3.514018          1    34.2995      0.054     3.3362      7.686      87.57     -0.401       0.02      85890   3578.719    34.3016    26.8382    1489.45    653.000 0.0000e+00
    656.641     7.2207   3.514210          1    34.3010      0.048     3.3287      7.692     100.25     -0.271      -0.14      85964   3581.774    34.3023    26.8385    1489.44    652.000 0.0000e+00
    655.632     7.2635   3.518117          1    34.3007      0.048     3.3324      7.706      98.71     -0.680      -0.24      85994   3583.046    34.3030    26.8330    1489.59    651.000 0.0000e+00
    654.624     7.2709   3.518632          1    34.2998      0.049     3.3401      7.707      86.12     -0.505       0.12      86042   3585.052    34.3018    26.8310    1489.60    650.000 0.0000e+00
    653.615     7.2642   3.517971          1    34.3007      0.047     3.3478      7.705      99.72     -0.254      -0.20      86131   3588.761    34.3017    26.8319    1489.56    649.000 0.0000e+00
    652.606     7.2774   3.519209          1    34.3016      0.069     3.3359      7.705      92.10     -0.451       0.03      86183   3590.930    34.3026    26.8307    1489.59    648.000 0.0000e+00
    651.597     7.2992   3.521281          1    34.3026      0.054     3.3465      7.719      98.92     -0.525      -0.17      86228   3592.811    34.3041    26.8288    1489.66    647.000 0.0000e+00
