src/interpolation/Data/CTD/07w7h.cnv
* Sea-Bird SBE 9 Data File:
* FileName = E:\HOBAB2\w7.hex
* Software Version Seasave V 7.22.1
* Temperature SN = 5330
* Conductivity SN = 3693
* Number of Bytes Per Scan = 24
* Number of Voltage Words = 4
* Number of Scans Averaged by the Deck Unit = 1
* NMEA baud rate = 9600
# nquan = 18
# nvalues = 1932                        
# units = specified
# name 0 = prDM: Pressure, Digiquartz [db]
# name 1 = t090C: Temperature [ITS-90, deg C]
# name 2 = c0S/m: Conductivity [S/m]
# name 3 = pumps: Pump Status
# name 4 = sal00: Salinity, Practical [PSU]
# name 5 = seaTurbMtr: Turbidity, Seapoint [FTU]
# name 6 = sbeox0Mg/L: Oxygen, SBE 43 [mg/l]
# name 7 = ph: pH
# name 8 = altM: Altimeter [m]
# name 9 = dz/dtM: Descent Rate [m/s]
# name 10 = accM: Acceleration [m/s^2]
# name 11 = scan: Scan Count
# name 12 = timeS: Time, Elapsed [seconds]
# name 13 = sal00: Salinity, Practical [PSU]
# name 14 = sigma-t00: Density [sigma-t, kg/m^3 ]
# name 15 = svCM: Sound Velocity [Chen-Millero, m/s]
# name 16 = depSM: Depth [salt water, m], lat = 0
# name 17 = flag: flag
# span 0 =      1.006,    977.655       
# span 1 =     4.7445,    23.9453       
# span 2 =   3.312133,   5.153823       
# span 3 =          1,          1       
# span 4 =    34.2345,    34.8052       
# span 5 =      0.027,      0.150       
# span 6 =     2.3971,     7.1960       
# span 7 =      7.618,      8.037       
# span 8 =       1.52,     104.82       
# span 9 =     -1.181,      0.954       
# span 10 =      -0.45,       0.51      
# span 11 =      11972,     119412      
# span 12 =    498.774,   4975.457      
# span 13 =    34.2325,    34.8059      
# span 14 =    23.4064,    27.2098      
# span 15 =    1484.26,    1531.73      
# span 16 =      1.000,    970.000      
# span 17 = 0.0000e+00, 0.0000e+00      
# interval = meters: 1                  
# start_time = Apr 17 2014 19:48:02 [System UTC, header]
# bad_flag = -9.990e-29
*END*
[from data line 805]
    819.106     5.2506   3.348028          1    34.3487      0.038     2.5548      7.740      98.71      0.513       0.03      57555   2398.071    34.3485    27.1296    1484.39    813.000 0.0000e+00
    820.115     5.2504   3.348072          1    34.3489      0.045     2.5565      7.722      92.38      0.275      -0.06      57630   2401.199    34.3488    27.1297    1484.40    814.000 0.0000e+00
    821.125     5.2494   3.348019          1    34.3488      0.037     2.5588      7.699      98.90      0.457       0.13      57693   2403.819    34.3487    27.1298    1484.42    815.000 0.0000e+00
    822.134     5.2431   3.347501          1    34.3489      0.053     2.5574      7.684      81.38      0.630       0.09      57730   2405.359    34.3487    27.1306    1484.41    816.000 0.0000e+00
    823.144     5.2394   3.347241          1    34.3492      0.035     2.5568      7.684      98.54      0.681      -0.03      57766   2406.860    34.3489    27.1312    1484.41    817.000 0.0000e+00
    824.153     5.2397   3.347317          1    34.3493      0.038     2.5501      7.668      95.98      0.393      -0.11      57826   2409.393    34.3491    27.1312    1484.43    818.000 0.0000e+00
    825.163     5.2381   3.347218          1    34.3492      0.039     2.5527      7.650      98.92      0.305       0.19      57910   2412.874    34.3490    27.1314    1484.44    819.000 0.0000e+00
    826.172     5.2374   3.347199          1    34.3492      0.052     2.5617      7.647      63.73      0.604       0.10      57947   2414.437    34.3491    27.1315    1484.45    820.000 0.0000e+00
    827.182     5.2379   3.347293          1    34.3492      0.038     2.5517      7.644      97.41      0.584      -0.09      57990   2416.205    34.3491    27.1315    1484.47    821.000 0.0000e+00
    828.191     5.2384   3.347380          1    34.3491      0.040     2.5487      7.645      98.71      0.408      -0.01      58046   2418.562    34.3491    27.1314    1484.49    822.000 0.0000e+00
    829.201     5.2388   3.347454          1    34.3490      0.041     2.5448      7.649      83.63      0.502       0.04      58096   2420.610    34.3490    27.1313    1484.51    823.000 0.0000e+00
    830.210     5.2374   3.347387          1    34.3493      0.039     2.5461      7.634      87.24      0.316      -0.05      58164   2423.478    34.3492    27.1316    1484.52    824.000 0.0000e+00
    831.220     5.2335   3.347087          1    34.3494      0.036     2.5527      7.629      89.90      0.452       0.07      58223   2425.937    34.3493    27.1321    1484.52    825.000 0.0000e+00
    832.229     5.2337   3.347152          1    34.3494      0.036     2.5482      7.634      98.80      0.531       0.04      58269   2427.832    34.3493    27.1322    1484.54    826.000 0.0000e+00
    833.239     5.2345   3.347256          1    34.3492      0.038     2.5477      7.634      98.71      0.568       0.02      58311   2429.603    34.3491    27.1319    1484.56    827.000 0.0000e+00
    834.249     5.2306   3.346985          1    34.3497      0.040     2.5487      7.636      93.86      0.540      -0.07      58357   2431.503    34.3495    27.1327    1484.56    828.000 0.0000e+00
    835.258     5.2315   3.347088          1    34.3494      0.037     2.5490      7.636      94.39      0.232      -0.00      58438   2434.881    34.3493    27.1324    1484.58    829.000 0.0000e+00
    836.268     5.2260   3.346663          1    34.3497      0.045     2.5499      7.628      87.57      0.498       0.12      58490   2437.032    34.3496    27.1333    1484.57    830.000 0.0000e+00
    837.277     5.2214   3.346317          1    34.3501      0.038     2.5492      7.627      98.82      0.613       0.03      58529   2438.662    34.3498    27.1340    1484.57    831.000 0.0000e+00
    838.287     5.2199   3.346250          1    34.3503      0.044     2.5455      7.625      73.77      0.598      -0.07      58570   2440.387    34.3500    27.1343    1484.58    832.000 0.0000e+00
    839.296     5.2213   3.346428          1    34.3503      0.034     2.5448      7.627     101.86      0.254      -0.03      58645   2443.506    34.3502    27.1343    1484.60    833.000 0.0000e+00
    840.306     5.2188   3.346230          1    34.3502      0.034     2.5429      7.640      98.71      0.525       0.23      58694   2445.555    34.3500    27.1345    1484.61    834.000 0.0000e+00
    841.316     5.2177   3.346183          1    34.3502      0.045     2.5460      7.639      77.57      0.728       0.03      58727   2446.918    34.3501    27.1347    1484.62    835.000 0.0000e+00
    842.325     5.2184   3.346293          1    34.3503      0.043     2.5467      7.628      81.99      0.351      -0.13      58790   2449.541    34.3502    27.1346    1484.64    836.000 0.0000e+00
    843.335     5.2174   3.346248          1    34.3502      0.033     2.5454      7.654      98.47      0.454       0.13      58853   2452.165    34.3502    27.1347    1484.66    837.000 0.0000e+00
    844.344     5.2164   3.346216          1    34.3504      0.035     2.5380      7.679      98.71      0.445      -0.06      58906   2454.394    34.3503    27.1350    1484.67    838.000 0.0000e+00
    845.354     5.2141   3.346059          1    34.3505      0.034     2.5452      7.656      98.71      0.554       0.23      58948   2456.142    34.3504    27.1353    1484.68    839.000 0.0000e+00
    846.364     5.2096   3.345721          1    34.3508      0.037     2.5513      7.635      94.33      0.814       0.15      58976   2457.304    34.3506    27.1360    1484.67    840.000 0.0000e+00
    847.373     5.2128   3.346048          1    34.3507      0.040     2.5348      7.632      89.89      0.223      -0.15      59053   2460.495    34.3506    27.1356    1484.71    841.000 0.0000e+00
    848.383     5.2062   3.345510          1    34.3509      0.042     2.5377      7.633      93.18      0.618       0.35      59113   2462.991    34.3507    27.1365    1484.70    842.000 0.0000e+00
    849.393     5.2043   3.345409          1    34.3512      0.039     2.5429      7.634      98.43      0.664      -0.14      59151   2464.602    34.3509    27.1369    1484.71    843.000 0.0000e+00
    850.402     5.2019   3.345246          1    34.3513      0.049     2.5321      7.696      63.87      0.456       0.08      59201   2466.675    34.3510    27.1372    1484.71    844.000 0.0000e+00
    851.412     5.1994   3.345057          1    34.3512      0.035     2.5306      7.692      97.95      0.622       0.05      59240   2468.274    34.3509    27.1375    1484.72    845.000 0.0000e+00
    852.421     5.1969   3.344929          1    34.3517      0.036     2.5378      7.625      98.71      0.445      -0.11      59293   2470.503    34.3514    27.1382    1484.73    846.000 0.0000e+00
    853.431     5.1991   3.345136          1    34.3513      0.037     2.5341      7.643      91.96      0.401       0.06      59355   2473.073    34.3511    27.1377    1484.75    847.000 0.0000e+00
    854.441     5.1925   3.344634          1    34.3518      0.039     2.5319      7.637      98.65      0.488       0.01      59405   2475.149    34.3516    27.1388    1484.74    848.000 0.0000e+00
    855.450     5.1897   3.344436          1    34.3520      0.042     2.5293      7.632      81.08      0.464      -0.00      59456   2477.300    34.3517    27.1392    1484.75    849.000 0.0000e+00
    856.460     5.1690   3.342684          1    34.3531      0.038     2.5299      7.624      98.92      0.566       0.13      59498   2479.043    34.3523    27.1421    1484.68    850.000 0.0000e+00
    857.470     5.1503   3.341154          1    34.3545      0.036     2.5312      7.622      97.49      0.653      -0.04      59536   2480.609    34.3534    27.1452    1484.62    851.000 0.0000e+00
    858.479     5.1339   3.339848          1    34.3560      0.042     2.5261      7.630      79.53      0.354      -0.07      59599   2483.245    34.3547    27.1481    1484.57    852.000 0.0000e+00
    859.489     5.1046   3.337370          1    34.3572      0.034     2.5159      7.627      99.56      0.400       0.08      59662   2485.888    34.3557    27.1524    1484.47    853.000 0.0000e+00
    860.499     5.0977   3.336864          1    34.3578      0.034     2.5088      7.624      98.71      0.586       0.14      59702   2487.538    34.3564    27.1537    1484.46    854.000 0.0000e+00
    861.508     5.0979   3.336936          1    34.3578      0.039     2.5041      7.620      88.66      0.755       0.06      59733   2488.840    34.3566    27.1538    1484.48    855.000 0.0000e+00
    862.518     5.1042   3.337537          1    34.3572      0.039     2.5032      7.620      90.71      0.299      -0.13      59803   2491.756    34.3565    27.1530    1484.52    856.000 0.0000e+00
    863.528     5.1061   3.337756          1    34.3569      0.039     2.5056      7.619      96.02      0.459       0.19      59871   2494.581    34.3566    27.1529    1484.55    857.000 0.0000e+00
    864.538     5.1072   3.337876          1    34.3566      0.042     2.5065      7.619      98.37      0.678       0.10      59905   2495.982    34.3563    27.1525    1484.57    858.000 0.0000e+00
    865.547     5.1028   3.337560          1    34.3570      0.035     2.5059      7.619      98.70      0.594      -0.12      59947   2497.738    34.3567    27.1534    1484.57    859.000 0.0000e+00
    866.557     5.1041   3.337731          1    34.3570      0.046     2.5065      7.619      86.36      0.491       0.05      59995   2499.763    34.3568    27.1533    1484.59    860.000 0.0000e+00
    867.567     5.1039   3.337744          1    34.3569      0.035     2.5074      7.623      98.40      0.306      -0.08      60064   2502.616    34.3567    27.1532    1484.61    861.000 0.0000e+00
    868.576     5.1009   3.337530          1    34.3570      0.046     2.5089      7.622      82.66      0.467       0.30      60128   2505.300    34.3568    27.1537    1484.61    862.000 0.0000e+00
    869.586     5.0997   3.337478          1    34.3571      0.034     2.5058      7.621      98.24      0.750       0.10      60158   2506.562    34.3569    27.1539    1484.62    863.000 0.0000e+00
    870.596     5.1001   3.337549          1    34.3570      0.039     2.5076      7.622      82.90      0.451      -0.17      60211   2508.770    34.3569    27.1538    1484.64    864.000 0.0000e+00
    871.606     5.0991   3.337509          1    34.3571      0.035     2.5076      7.624      98.37      0.454       0.11      60269   2511.177    34.3570    27.1540    1484.65    865.000 0.0000e+00
    872.615     5.1019   3.337775          1    34.3566      0.035     2.5009      7.741      96.92      0.383      -0.08      60329   2513.680    34.3566    27.1534    1484.68    866.000 0.0000e+00
    873.625     5.0977   3.337467          1    34.3570      0.037     2.5006      7.780      87.25      0.483       0.17      60382   2515.882    34.3569    27.1541    1484.68    867.000 0.0000e+00
    874.635     5.0951   3.337287          1    34.3572      0.034     2.5099      7.778      98.44      0.642       0.02      60420   2517.439    34.3570    27.1545    1484.68    868.000 0.0000e+00
    875.645     5.0949   3.337327          1    34.3572      0.039     2.5035      7.638      88.31      0.301      -0.10      60491   2520.396    34.3571    27.1546    1484.70    869.000 0.0000e+00
    876.654     5.0962   3.337480          1    34.3571      0.047     2.5061      7.656      51.50      0.428       0.28      60562   2523.391    34.3570    27.1544    1484.72    870.000 0.0000e+00
    877.664     5.0989   3.337753          1    34.3569      0.036     2.5063      7.648      97.69      0.716       0.11      60594   2524.695    34.3570    27.1540    1484.75    871.000 0.0000e+00
    878.674     5.0991   3.337811          1    34.3569      0.035     2.5052      7.650      97.48      0.490      -0.15      60644   2526.782    34.3569    27.1539    1484.77    872.000 0.0000e+00
    879.684     5.1004   3.337958          1    34.3567      0.038     2.5073      7.671      92.10      0.335      -0.02      60715   2529.729    34.3568    27.1537    1484.79    873.000 0.0000e+00
    880.694     5.1019   3.338134          1    34.3567      0.032     2.5025      7.752      99.15      0.361       0.11      60784   2532.633    34.3568    27.1535    1484.81    874.000 0.0000e+00
    881.703     5.0990   3.337913          1    34.3567      0.048     2.5036      7.754      83.97      0.613       0.13      60822   2534.198    34.3567    27.1538    1484.82    875.000 0.0000e+00
    882.713     5.0971   3.337791          1    34.3568      0.056     2.5046      7.763      87.75      0.575      -0.10      60865   2536.000    34.3567    27.1540    1484.83    876.000 0.0000e+00
    883.723     5.0934   3.337533          1    34.3572      0.037     2.5021      7.784      81.58      0.194      -0.03      60952   2539.629    34.3571    27.1547    1484.83    877.000 0.0000e+00
    884.733     5.0873   3.337043          1    34.3574      0.034     2.5027      7.786      95.66      0.515       0.34      61012   2542.105    34.3571    27.1555    1484.82    878.000 0.0000e+00
    885.742     5.0855   3.336950          1    34.3577      0.036     2.5022      7.774      98.64      0.826       0.18      61038   2543.205    34.3574    27.1559    1484.83    879.000 0.0000e+00
    886.752     5.0867   3.337083          1    34.3575      0.038     2.5006      7.761      91.94      0.586      -0.19      61083   2545.065    34.3573    27.1557    1484.85    880.000 0.0000e+00
    887.762     5.0863   3.337092          1    34.3574      0.036     2.5036      7.711      99.13      0.299       0.15      61155   2548.101    34.3572    27.1557    1484.87    881.000 0.0000e+00
    888.772     5.0898   3.337448          1    34.3573      0.042     2.4983      7.673      77.53      0.543       0.06      61199   2549.932    34.3573    27.1553    1484.90    882.000 0.0000e+00
    889.782     5.0900   3.337523          1    34.3575      0.037     2.5030      7.656      91.19      0.622       0.07      61238   2551.521    34.3575    27.1554    1484.92    883.000 0.0000e+00
    890.792     5.0919   3.337707          1    34.3570      0.032     2.5019      7.646      98.75      0.730       0.09      61269   2552.841    34.3571    27.1549    1484.94    884.000 0.0000e+00
    891.801     5.0906   3.337635          1    34.3570      0.043     2.5022      7.644      78.07      0.837       0.06      61298   2554.028    34.3571    27.1551    1484.95    885.000 0.0000e+00
    892.811     5.0901   3.337642          1    34.3572      0.040     2.5010      7.638      83.63      0.513      -0.19      61347   2556.072    34.3572    27.1552    1484.97    886.000 0.0000e+00
    893.821     5.0882   3.337508          1    34.3572      0.033     2.5019      7.638      96.43      0.416       0.25      61406   2558.546    34.3572    27.1554    1484.98    887.000 0.0000e+00
    894.831     5.0838   3.337183          1    34.3576      0.036     2.4929      7.684      98.61      0.633      -0.01      61444   2560.121    34.3575    27.1561    1484.97    888.000 0.0000e+00
    895.841     5.0862   3.337441          1    34.3575      0.039     2.4888      7.803      84.73      0.475      -0.03      61493   2562.146    34.3574    27.1558    1485.00    889.000 0.0000e+00
    896.851     5.0861   3.337476          1    34.3574      0.032     2.4888      7.655      98.68      0.647       0.19      61528   2563.621    34.3574    27.1558    1485.02    890.000 0.0000e+00
    897.861     5.0860   3.337512          1    34.3575      0.042     2.4924      7.633      81.51      0.677      -0.11      61565   2565.170    34.3575    27.1559    1485.03    891.000 0.0000e+00
