src/interpolation/Data/CTD/07w7h.cnv
* Sea-Bird SBE 9 Data File:
* FileName = E:\HOBAB2\w7.hex
* Software Version Seasave V 7.22.1
* Temperature SN = 5330
* Conductivity SN = 3693
* Number of Bytes Per Scan = 24
* Number of Voltage Words = 4
* Number of Scans Averaged by the Deck Unit = 1
* NMEA baud rate = 9600
# nquan = 18
# nvalues = 1932                        
# units = specified
# name 0 = prDM: Pressure, Digiquartz [db]
# name 1 = t090C: Temperature [ITS-90, deg C]
# name 2 = c0S/m: Conductivity [S/m]
# name 3 = pumps: Pump Status
# name 4 = sal00: Salinity, Practical [PSU]
# name 5 = seaTurbMtr: Turbidity, Seapoint [FTU]
# name 6 = sbeox0Mg/L: Oxygen, SBE 43 [mg/l]
# name 7 = ph: pH
# name 8 = altM: Altimeter [m]
# name 9 = dz/dtM: Descent Rate [m/s]
# name 10 = accM: Acceleration [m/s^2]
# name 11 = scan: Scan Count
# name 12 = timeS: Time, Elapsed [seconds]
# name 13 = sal00: Salinity, Practical [PSU]
# name 14 = sigma-t00: Density [sigma-t, kg/m^3 ]
# name 15 = svCM: Sound Velocity [Chen-Millero, m/s]
# name 16 = depSM: Depth [salt water, m], lat = 0
# name 17 = flag: flag
# span 0 =      1.006,    977.655       
# span 1 =     4.7445,    23.9453       
# span 2 =   3.312133,   5.153823       
# span 3 =          1,          1       
# span 4 =    34.2345,    34.8052       
# span 5 =      0.027,      0.150       
# span 6 =     2.3971,     7.1960       
# span 7 =      7.618,      8.037       
# span 8 =       1.52,     104.82       
# span 9 =     -1.181,      0.954       
# span 10 =      -0.45,       0.51      
# span 11 =      11972,     119412      
# span 12 =    498.774,   4975.457      
# span 13 =    34.2325,    34.8059      
# span 14 =    23.4064,    27.2098      
# span 15 =    1484.26,    1531.73      
# span 16 =      1.000,    970.000      
# span 17 = 0.0000e+00, 0.0000e+00      
# interval = meters: 1                  
# start_time = Apr 17 2014 19:48:02 [System UTC, header]
# bad_flag = -9.990e-29
*END*
[from data line 644]
    656.641     7.2931   3.520719          1    34.3031      0.049     3.3645      7.996      87.69      0.320       0.05      48875   2036.421    34.3017    26.8278    1489.72    652.000 0.0000e+00
    657.650     7.2873   3.520308          1    34.3036      0.048     3.3673      8.029      96.67      0.517       0.13      48922   2038.378    34.3024    26.8292    1489.72    653.000 0.0000e+00
    658.658     7.2844   3.520098          1    34.3035      0.047     3.3575      8.005      98.62      0.652       0.02      48959   2039.913    34.3025    26.8296    1489.72    654.000 0.0000e+00
    659.667     7.2847   3.520136          1    34.3029      0.050     3.3575      8.026      91.06      0.358      -0.10      49021   2042.504    34.3022    26.8294    1489.74    655.000 0.0000e+00
    660.676     7.2761   3.519435          1    34.3032      0.046     3.3582      8.027      94.89      0.425       0.09      49084   2045.116    34.3025    26.8309    1489.72    656.000 0.0000e+00
    661.685     7.2751   3.519386          1    34.3030      0.056     3.3597      7.987      79.16      0.493       0.00      49133   2047.158    34.3025    26.8310    1489.74    657.000 0.0000e+00
    662.693     7.2753   3.519436          1    34.3028      0.047     3.3511      8.008      98.94      0.542       0.07      49177   2049.001    34.3024    26.8309    1489.75    658.000 0.0000e+00
    663.702     7.2698   3.518956          1    34.3026      0.053     3.3586      7.999      79.08      0.483      -0.11      49227   2051.063    34.3021    26.8314    1489.75    659.000 0.0000e+00
    664.711     7.2608   3.518124          1    34.3020      0.045     3.3548      7.993      98.39      0.269       0.14      49304   2054.274    34.3015    26.8322    1489.73    660.000 0.0000e+00
    665.720     7.2517   3.517397          1    34.3027      0.046     3.3526      7.984      97.78      0.483      -0.02      49353   2056.313    34.3021    26.8340    1489.71    661.000 0.0000e+00
    666.728     7.2520   3.517477          1    34.3026      0.056     3.3488      8.014      85.93      0.459       0.05      49405   2058.481    34.3022    26.8340    1489.73    662.000 0.0000e+00
    667.737     7.2514   3.517459          1    34.3024      0.046     3.3500      8.014      98.22      0.561       0.00      49448   2060.279    34.3021    26.8340    1489.74    663.000 0.0000e+00
    668.746     7.2227   3.514881          1    34.3027      0.053     3.3453      7.871      85.58      0.340      -0.08      49514   2063.027    34.3019    26.8379    1489.65    664.000 0.0000e+00
    669.755     7.1849   3.511195          1    34.3007      0.056     3.3288      7.904      65.51      0.373       0.11      49585   2066.017    34.2987    26.8406    1489.52    665.000 0.0000e+00
    670.763     7.0822   3.501938          1    34.3026      0.052     3.3223      7.890      96.73      0.515       0.02      49632   2067.961    34.2989    26.8551    1489.13    666.000 0.0000e+00
    671.772     7.0796   3.501833          1    34.3027      0.048     3.3009      7.901      96.80      0.399      -0.04      49690   2070.393    34.2998    26.8562    1489.14    667.000 0.0000e+00
    672.781     7.0252   3.496755          1    34.3012      0.055     3.2807      7.879      86.06      0.469       0.05      49744   2072.604    34.2978    26.8621    1488.95    668.000 0.0000e+00
    673.790     7.0168   3.496136          1    34.3013      0.048     3.2696      7.820      98.16      0.327      -0.07      49811   2075.424    34.2988    26.8640    1488.93    669.000 0.0000e+00
    674.798     7.0132   3.495922          1    34.3012      0.051     3.2559      7.779      98.71      0.410       0.16      49879   2078.250    34.2995    26.8651    1488.93    670.000 0.0000e+00
    675.807     7.0148   3.496070          1    34.3003      0.051     3.2572      7.789      96.06      0.411      -0.07      49936   2080.615    34.2991    26.8646    1488.96    671.000 0.0000e+00
    676.816     6.9949   3.494249          1    34.3000      0.055     3.2718      7.918      93.03      0.479       0.16      49989   2082.819    34.2984    26.8668    1488.90    672.000 0.0000e+00
    677.825     6.9821   3.493147          1    34.2999      0.052     3.2573      7.801      93.62      0.359      -0.10      50051   2085.407    34.2986    26.8687    1488.86    673.000 0.0000e+00
    678.834     6.9806   3.493050          1    34.2993      0.059     3.2561      7.741      73.75      0.409       0.15      50121   2088.318    34.2985    26.8688    1488.87    674.000 0.0000e+00
    679.843     6.9774   3.492792          1    34.2991      0.049     3.2531      7.777      98.33      0.460      -0.04      50173   2090.488    34.2984    26.8692    1488.88    675.000 0.0000e+00
    680.851     6.9443   3.489560          1    34.2969      0.061     3.2618      7.726      57.96      0.456       0.08      50225   2092.665    34.2954    26.8714    1488.76    676.000 0.0000e+00
    681.860     6.9134   3.486792          1    34.2972      0.047     3.2539      7.704      97.94      0.647       0.11      50261   2094.166    34.2952    26.8754    1488.66    677.000 0.0000e+00
    682.869     6.9127   3.486887          1    34.2978      0.051     3.2327      7.734      85.49      0.360      -0.12      50323   2096.742    34.2964    26.8765    1488.67    678.000 0.0000e+00
    683.878     6.9153   3.487016          1    34.2957      0.050     3.2332      7.727      93.70      0.465       0.20      50387   2099.423    34.2948    26.8749    1488.70    679.000 0.0000e+00
    684.887     6.8247   3.478151          1    34.2902      0.045     3.2269      7.725      98.68      0.501      -0.09      50435   2101.425    34.2870    26.8811    1488.35    680.000 0.0000e+00
    685.895     6.7568   3.472126          1    34.2919      0.043     3.2306      7.714      98.71      0.499       0.24      50481   2103.342    34.2878    26.8909    1488.10    681.000 0.0000e+00
    686.904     6.7185   3.468741          1    34.2926      0.057     3.2061      7.692      74.48      0.787       0.16      50510   2104.528    34.2881    26.8963    1487.97    682.000 0.0000e+00
    687.913     6.7235   3.469338          1    34.2921      0.050     3.1680      7.742      86.69      0.289      -0.13      50581   2107.517    34.2893    26.8965    1488.01    683.000 0.0000e+00
    688.922     6.7388   3.470844          1    34.2918      0.049     3.1684      7.665      98.79      0.516       0.19      50650   2110.395    34.2902    26.8952    1488.09    684.000 0.0000e+00
    689.931     6.7238   3.469407          1    34.2904      0.043     3.1802      7.791      98.71      0.693       0.09      50684   2111.793    34.2887    26.8960    1488.04    685.000 0.0000e+00
    690.940     6.7117   3.468360          1    34.2904      0.046     3.1834      7.690      98.71      0.781       0.04      50715   2113.069    34.2888    26.8977    1488.01    686.000 0.0000e+00
    691.949     6.7103   3.468294          1    34.2902      0.045     3.1730      7.684      96.20      0.438      -0.13      50773   2115.483    34.2890    26.8981    1488.02    687.000 0.0000e+00
    692.958     6.7024   3.467655          1    34.2901      0.046     3.1603      7.652      95.66      0.262       0.31      50866   2119.356    34.2893    26.8994    1488.01    688.000 0.0000e+00
    693.966     6.6971   3.467143          1    34.2894      0.058     3.1713      7.660      69.27      0.694       0.24      50893   2120.507    34.2885    26.8995    1488.01    689.000 0.0000e+00
    694.975     6.6748   3.465099          1    34.2890      0.045     3.1735      7.659      96.36      0.775      -0.08      50926   2121.866    34.2877    26.9018    1487.93    690.000 0.0000e+00
    695.984     6.6564   3.463414          1    34.2883      0.044     3.1547      7.809      98.71      0.394      -0.09      50983   2124.257    34.2869    26.9037    1487.88    691.000 0.0000e+00
    696.993     6.6420   3.462193          1    34.2886      0.048     3.1530      7.718      92.82      0.306      -0.02      51057   2127.336    34.2873    26.9059    1487.84    692.000 0.0000e+00
    698.002     6.6400   3.462109          1    34.2888      0.041     3.1470      7.645      99.00      0.442       0.20      51118   2129.856    34.2879    26.9067    1487.85    693.000 0.0000e+00
    699.011     6.6506   3.463074          1    34.2880      0.046     3.1490      7.669      85.33      0.701       0.13      51150   2131.190    34.2875    26.9049    1487.90    694.000 0.0000e+00
    700.020     6.6477   3.462868          1    34.2880      0.041     3.1509      7.691      97.81      0.545      -0.16      51195   2133.101    34.2876    26.9054    1487.91    695.000 0.0000e+00
    701.029     6.6369   3.461818          1    34.2868      0.049     3.1564      7.759      77.83      0.365       0.11      51259   2135.743    34.2863    26.9058    1487.88    696.000 0.0000e+00
    702.038     6.6261   3.460928          1    34.2875      0.042     3.1505      7.775      98.11      0.468      -0.04      51310   2137.868    34.2868    26.9077    1487.86    697.000 0.0000e+00
    703.047     6.6324   3.461629          1    34.2881      0.046     3.1432      7.816      98.72      0.419       0.06      51367   2140.242    34.2878    26.9076    1487.90    698.000 0.0000e+00
    704.056     6.6349   3.461842          1    34.2873      0.045     3.1405      7.817      86.46      0.553       0.05      51410   2142.057    34.2871    26.9067    1487.93    699.000 0.0000e+00
    705.064     6.6281   3.461234          1    34.2870      0.047     3.1459      7.677      98.47      0.580      -0.01      51452   2143.805    34.2867    26.9073    1487.91    700.000 0.0000e+00
    706.073     6.6189   3.460395          1    34.2866      0.058     3.1377      7.640      94.27      0.498      -0.07      51501   2145.851    34.2861    26.9080    1487.89    701.000 0.0000e+00
    707.082     6.6051   3.459204          1    34.2868      0.041     3.1283      7.637      95.40      0.262       0.01      51578   2149.035    34.2863    26.9100    1487.86    702.000 0.0000e+00
    708.091     6.5984   3.458594          1    34.2863      0.039     3.1329      7.659      98.78      0.548       0.22      51623   2150.918    34.2857    26.9105    1487.85    703.000 0.0000e+00
    709.100     6.5981   3.458657          1    34.2869      0.044     3.1297      7.637      84.81      0.735       0.04      51655   2152.262    34.2862    26.9109    1487.86    704.000 0.0000e+00
    710.109     6.5889   3.457778          1    34.2859      0.042     3.1258      7.658      98.42      0.483      -0.14      51705   2154.352    34.2852    26.9114    1487.84    705.000 0.0000e+00
    711.118     6.5599   3.455094          1    34.2852      0.043     3.1295      7.637      90.75      0.412      -0.01      51766   2156.871    34.2840    26.9143    1487.74    706.000 0.0000e+00
    712.127     6.5198   3.451639          1    34.2870      0.041     3.1183      7.632      99.29      0.334       0.03      51834   2159.722    34.2852    26.9206    1487.61    707.000 0.0000e+00
    713.136     6.5215   3.451846          1    34.2866      0.055     3.1009      7.650      71.22      0.538       0.12      51880   2161.609    34.2853    26.9204    1487.63    708.000 0.0000e+00
    714.145     6.5170   3.451479          1    34.2865      0.047     3.0952      7.635      97.40      0.588      -0.05      51921   2163.343    34.2853    26.9210    1487.63    709.000 0.0000e+00
    715.154     6.5148   3.451376          1    34.2868      0.042     3.1024      7.631      98.71      0.409      -0.04      51978   2165.708    34.2859    26.9217    1487.64    710.000 0.0000e+00
    716.163     6.5236   3.452228          1    34.2863      0.045     3.0969      7.627      91.71      0.359      -0.04      52043   2168.406    34.2860    26.9207    1487.69    711.000 0.0000e+00
    717.172     6.5222   3.452084          1    34.2856      0.038     3.1039      7.627      98.97      0.410       0.17      52105   2170.985    34.2853    26.9203    1487.70    712.000 0.0000e+00
    718.181     6.5014   3.450237          1    34.2860      0.044     3.1050      7.626      88.64      0.647       0.09      52141   2172.485    34.2852    26.9230    1487.63    713.000 0.0000e+00
    719.190     6.4959   3.449842          1    34.2866      0.043     3.1055      7.627      95.65      0.467      -0.13      52193   2174.647    34.2859    26.9242    1487.63    714.000 0.0000e+00
    720.199     6.4956   3.449871          1    34.2864      0.043     3.0894      7.654      98.71      0.364       0.05      52261   2177.495    34.2859    26.9243    1487.64    715.000 0.0000e+00
    721.208     6.4931   3.449693          1    34.2865      0.038     3.0934      7.618      94.41      0.401       0.03      52320   2179.973    34.2861    26.9247    1487.65    716.000 0.0000e+00
    722.217     6.4934   3.449776          1    34.2865      0.042     3.0941      7.626      94.92      0.601       0.16      52359   2181.592    34.2862    26.9248    1487.67    717.000 0.0000e+00
    723.226     6.4752   3.448203          1    34.2871      0.049     3.0938      7.625      78.40      0.638      -0.09      52398   2183.211    34.2864    26.9274    1487.62    718.000 0.0000e+00
    724.235     6.4676   3.447623          1    34.2878      0.037     3.0790      7.622      99.96      0.284      -0.04      52470   2186.199    34.2871    26.9290    1487.60    719.000 0.0000e+00
    725.244     6.4504   3.446094          1    34.2878      0.045     3.0677      7.622      85.36      0.427       0.08      52532   2188.783    34.2869    26.9310    1487.55    720.000 0.0000e+00
    726.253     6.4467   3.445925          1    34.2889      0.039     3.0761      7.620      98.54      0.524       0.02      52578   2190.703    34.2882    26.9325    1487.56    721.000 0.0000e+00
    727.262     6.4396   3.445268          1    34.2883      0.039     3.0670      7.620      98.71      0.509      -0.00      52625   2192.671    34.2875    26.9329    1487.54    722.000 0.0000e+00
    728.271     6.4355   3.444994          1    34.2888      0.041     3.0675      7.623      91.70      0.565       0.02      52668   2194.474    34.2881    26.9339    1487.54    723.000 0.0000e+00
    729.280     6.4363   3.445103          1    34.2884      0.041     3.0590      7.620      99.66      0.298      -0.06      52737   2197.338    34.2880    26.9337    1487.57    724.000 0.0000e+00
    730.290     6.4274   3.444372          1    34.2888      0.048     3.0669      7.635      81.44      0.512       0.08      52788   2199.458    34.2883    26.9351    1487.55    725.000 0.0000e+00
    731.299     6.4376   3.445353          1    34.2887      0.038     3.0629      7.674      99.07      0.491      -0.03      52837   2201.499    34.2885    26.9340    1487.60    726.000 0.0000e+00
    732.308     6.4304   3.444718          1    34.2885      0.050     3.0618      7.660      70.23      0.522       0.02      52884   2203.451    34.2882    26.9347    1487.59    727.000 0.0000e+00
    733.317     6.4237   3.444172          1    34.2887      0.045     3.0639      7.650      99.23      0.478      -0.01      52934   2205.536    34.2883    26.9357    1487.58    728.000 0.0000e+00
    734.326     6.4077   3.442798          1    34.2894      0.038     3.0523      7.640      98.71      0.538       0.03      52979   2207.415    34.2887    26.9380    1487.54    729.000 0.0000e+00
    735.335     6.4064   3.442735          1    34.2893      0.040     3.0439      7.670      94.13      0.393      -0.09      53038   2209.873    34.2887    26.9382    1487.55    730.000 0.0000e+00
