src/interpolation/Data/CTD/08w8h.cnv
* Sea-Bird SBE 9 Data File:
* FileName = E:\HOBAB2\w8.hex
* Software Version Seasave V 7.22.1
* Temperature SN = 5330
* Conductivity SN = 3693
* Number of Bytes Per Scan = 24
* Number of Voltage Words = 4
* Number of Scans Averaged by the Deck Unit = 1
* NMEA baud rate = 9600
# nquan = 18
# nvalues = 2032                        
# units = specified
# name 0 = prDM: Pressure, Digiquartz [db]
# name 1 = t090C: Temperature [ITS-90, deg C]
# name 2 = c0S/m: Conductivity [S/m]
# name 3 = pumps: Pump Status
# name 4 = sal00: Salinity, Practical [PSU]
# name 5 = seaTurbMtr: Turbidity, Seapoint [FTU]
# name 6 = sbeox0Mg/L: Oxygen, SBE 43 [mg/l]
# name 7 = ph: pH
# name 8 = altM: Altimeter [m]
# name 9 = dz/dtM: Descent Rate [m/s]
# name 10 = accM: Acceleration [m/s^2]
# name 11 = scan: Scan Count
# name 12 = timeS: Time, Elapsed [seconds]
# name 13 = sal00: Salinity, Practical [PSU]
# name 14 = sigma-t00: Density [sigma-t, kg/m^3 ]
# name 15 = svCM: Sound Velocity [Chen-Millero, m/s]
# name 16 = depSM: Depth [salt water, m], lat = 0
# name 17 = flag: flag
# span 0 =      1.005,   1027.163       
# span 1 =     4.4059,    24.2960       
# span 2 =   3.285833,   5.188645       
# span 3 =          1,          1       
# span 4 =    34.2499,    34.8028       
# span 5 =     -0.020,      0.613       
# span 6 =     2.2899,     7.0117       
# span 7 =      7.676,      8.105       
# span 8 =      -7.08,     101.34       
# span 9 =     -1.298,      1.223       
# span 10 =      -0.45,       0.35      
# span 11 =      31579,     103160      
# span 12 =   1315.741,   4298.277      
# span 13 =    34.2444,    34.8058      
# span 14 =    23.2969,    27.2625      
# span 15 =    1483.83,    1532.34      
# span 16 =      1.000,   1019.000      
# span 17 = 0.0000e+00, 0.0000e+00      
# interval = meters: 1                  
# start_time = Apr 17 2014 22:58:08 [System UTC, header]
# bad_flag = -9.990e-29
*END*
[from data line 1126]
    913.009     4.7713   3.311659          1    34.3743      0.038     2.4044      7.871      98.71     -0.789      -0.12      73868   3077.792    34.3748    27.2056    1484.02    906.000 0.0000e+00
    911.999     4.7754   3.311972          1    34.3742      0.042     2.4046      7.783      84.48     -0.849       0.01      73897   3078.992    34.3747    27.2051    1484.02    905.000 0.0000e+00
    910.989     4.7798   3.312272          1    34.3736      0.040     2.4082      7.690      94.47     -0.835      -0.01      73925   3080.184    34.3741    27.2041    1484.02    904.000 0.0000e+00
    909.979     4.7794   3.312208          1    34.3738      0.044     2.4168      7.685      90.81     -0.903      -0.10      73951   3081.239    34.3743    27.2043    1484.00    903.000 0.0000e+00
    908.969     4.7828   3.312448          1    34.3736      0.040     2.4169      7.688      98.61     -1.011      -0.10      73974   3082.196    34.3741    27.2038    1484.00    902.000 0.0000e+00
    907.959     4.7835   3.312453          1    34.3735      0.036     2.4098      7.694      98.71     -1.032       0.07      73999   3083.229    34.3740    27.2036    1483.99    901.000 0.0000e+00
    906.950     4.7806   3.312158          1    34.3737      0.044     2.4148      7.693      83.27     -0.579       0.25      74043   3085.084    34.3740    27.2039    1483.96    900.000 0.0000e+00
    905.940     4.7838   3.312465          1    34.3744      0.039     2.4112      7.732      99.32     -0.511      -0.32      74087   3086.926    34.3748    27.2042    1483.95    899.000 0.0000e+00
    904.930     4.8108   3.314683          1    34.3723      0.043     2.4131      7.781      98.71     -0.858      -0.29      74111   3087.927    34.3731    27.1998    1484.05    898.000 0.0000e+00
    903.920     4.8189   3.315270          1    34.3710      0.059     2.4119      7.769      52.49     -1.056      -0.12      74134   3088.855    34.3721    27.1981    1484.06    897.000 0.0000e+00
    902.910     4.8202   3.315345          1    34.3711      0.041     2.4135      7.766      91.80     -0.975       0.19      74161   3090.005    34.3721    27.1980    1484.05    896.000 0.0000e+00
    901.900     4.8108   3.314473          1    34.3715      0.039     2.4248      7.841      96.13     -0.702       0.10      74196   3091.468    34.3722    27.1991    1484.00    895.000 0.0000e+00
    900.890     4.8154   3.314899          1    34.3725      0.056     2.4238      7.934      39.23     -0.736      -0.12      74227   3092.757    34.3729    27.1991    1484.00    894.000 0.0000e+00
    899.880     4.8227   3.315438          1    34.3715      0.039     2.4224      7.936      96.56     -0.890      -0.13      74253   3093.829    34.3722    27.1977    1484.01    893.000 0.0000e+00
    898.870     4.8342   3.316353          1    34.3705      0.050     2.4257      7.923      65.83     -0.946       0.03      74279   3094.928    34.3714    27.1958    1484.04    892.000 0.0000e+00
    897.861     4.8376   3.316590          1    34.3703      0.058     2.4340      7.799      86.90     -0.800       0.14      74312   3096.278    34.3712    27.1953    1484.04    891.000 0.0000e+00
    896.851     4.8344   3.316279          1    34.3707      0.038     2.4174      7.947      98.97     -0.645       0.02      74349   3097.826    34.3713    27.1957    1484.01    890.000 0.0000e+00
    895.841     4.8381   3.316557          1    34.3706      0.039     2.4247      7.948      98.71     -0.718      -0.10      74381   3099.179    34.3712    27.1952    1484.01    889.000 0.0000e+00
    894.831     4.8455   3.317121          1    34.3700      0.043     2.4280      7.817      79.55     -0.815      -0.05      74410   3100.391    34.3707    27.1939    1484.02    888.000 0.0000e+00
    893.821     4.8465   3.317158          1    34.3699      0.038     2.4325      7.777      98.87     -0.850      -0.01      74439   3101.572    34.3705    27.1937    1484.01    887.000 0.0000e+00
    892.811     4.8467   3.317124          1    34.3699      0.043     2.4264      7.778      98.71     -0.863      -0.02      74467   3102.732    34.3704    27.1936    1483.99    886.000 0.0000e+00
    891.801     4.8465   3.317051          1    34.3699      0.045     2.4345      7.788      75.17     -0.883      -0.00      74494   3103.876    34.3704    27.1936    1483.97    885.000 0.0000e+00
    890.792     4.8464   3.317003          1    34.3699      0.044     2.4349      7.767      82.15     -0.869       0.02      74522   3105.048    34.3704    27.1936    1483.96    884.000 0.0000e+00
    889.782     4.8471   3.317013          1    34.3700      0.047     2.4314      7.769      98.62     -0.859      -0.01      74550   3106.223    34.3703    27.1935    1483.94    883.000 0.0000e+00
    888.772     4.8479   3.317031          1    34.3699      0.038     2.4236      7.813      89.98     -0.813       0.09      74582   3107.531    34.3702    27.1933    1483.93    882.000 0.0000e+00
    887.762     4.8446   3.316716          1    34.3702      0.045     2.4301      7.825      69.86     -0.509       0.11      74628   3109.461    34.3704    27.1938    1483.90    881.000 0.0000e+00
    886.752     4.8468   3.316886          1    34.3704      0.034     2.4302      7.824      98.48     -0.620      -0.27      74663   3110.930    34.3706    27.1938    1483.89    880.000 0.0000e+00
    885.743     4.8566   3.317660          1    34.3697      0.035     2.4277      7.829      93.88     -0.927      -0.33      74685   3111.849    34.3701    27.1922    1483.91    879.000 0.0000e+00
    884.733     4.8610   3.317964          1    34.3690      0.039     2.4302      7.828      98.59     -1.143      -0.17      74706   3112.688    34.3695    27.1913    1483.91    878.000 0.0000e+00
    883.723     4.8619   3.317975          1    34.3688      0.035     2.4355      7.819      98.71     -1.119       0.17      74730   3113.696    34.3692    27.1910    1483.90    877.000 0.0000e+00
    882.713     4.8567   3.317510          1    34.3694      0.054     2.4370      7.822      86.49     -0.710       0.23      74766   3115.226    34.3697    27.1919    1483.86    876.000 0.0000e+00
    881.703     4.8575   3.317565          1    34.3698      0.039     2.4312      7.811      96.72     -0.646      -0.13      74802   3116.715    34.3700    27.1920    1483.85    875.000 0.0000e+00
    880.693     4.8716   3.318728          1    34.3689      0.037     2.4335      7.802      98.69     -0.792      -0.07      74832   3117.964    34.3694    27.1900    1483.89    874.000 0.0000e+00
    879.684     4.8810   3.319456          1    34.3680      0.042     2.4326      7.795      85.82     -0.787       0.04      74863   3119.262    34.3687    27.1884    1483.91    873.000 0.0000e+00
    878.674     4.8844   3.319691          1    34.3677      0.047     2.4381      7.830      72.46     -0.801      -0.06      74892   3120.478    34.3684    27.1878    1483.91    872.000 0.0000e+00
    877.664     4.8994   3.320959          1    34.3671      0.034     2.4421      7.910      98.74     -0.895      -0.09      74919   3121.564    34.3681    27.1858    1483.95    871.000 0.0000e+00
    876.654     4.9177   3.322424          1    34.3654      0.035     2.4431      7.885      98.71     -0.917       0.06      74946   3122.713    34.3668    27.1827    1484.01    870.000 0.0000e+00
    875.645     4.9071   3.321569          1    34.3674      0.049     2.4481      7.806      60.69     -0.665       0.16      74985   3124.315    34.3683    27.1850    1483.95    869.000 0.0000e+00
    874.635     4.9128   3.321902          1    34.3659      0.037     2.4519      7.799     100.27     -0.593      -0.13      75023   3125.918    34.3668    27.1832    1483.95    868.000 0.0000e+00
    873.625     4.9366   3.324036          1    34.3662      0.039     2.4450      7.802      94.02     -0.822      -0.25      75049   3126.989    34.3674    27.1810    1484.04    867.000 0.0000e+00
    872.615     4.9460   3.324610          1    34.3634      0.034     2.4447      7.803      97.82     -1.031      -0.17      75071   3127.907    34.3649    27.1779    1484.05    866.000 0.0000e+00
    871.606     4.9410   3.324147          1    34.3641      0.043     2.4453      7.802      98.69     -1.085       0.03      75094   3128.874    34.3652    27.1787    1484.02    865.000 0.0000e+00
    870.596     4.9386   3.323898          1    34.3644      0.037     2.4565      7.813      98.71     -0.846       0.25      75126   3130.214    34.3653    27.1791    1483.99    864.000 0.0000e+00
    869.586     4.9380   3.323811          1    34.3647      0.044     2.4566      7.821      80.78     -0.609      -0.02      75164   3131.811    34.3654    27.1792    1483.97    863.000 0.0000e+00
    868.576     4.9395   3.323890          1    34.3647      0.035     2.4639      7.811      98.68     -0.741      -0.10      75196   3133.122    34.3653    27.1790    1483.96    862.000 0.0000e+00
    867.567     4.9441   3.324234          1    34.3644      0.034     2.4645      7.819      98.71     -0.758       0.06      75229   3134.491    34.3651    27.1783    1483.96    861.000 0.0000e+00
    866.557     4.9488   3.324579          1    34.3641      0.054     2.4661      7.828      56.17     -0.722      -0.07      75261   3135.819    34.3647    27.1774    1483.97    860.000 0.0000e+00
    865.547     4.9558   3.325125          1    34.3636      0.037     2.4555      7.834      99.16     -0.895      -0.23      75285   3136.824    34.3643    27.1764    1483.98    859.000 0.0000e+00
    864.538     4.9588   3.325329          1    34.3634      0.036     2.4615      7.845      98.71     -1.049      -0.06      75308   3137.782    34.3641    27.1758    1483.97    858.000 0.0000e+00
    863.528     4.9555   3.324999          1    34.3636      0.045     2.4590      7.857      64.94     -0.800       0.27      75342   3139.226    34.3641    27.1762    1483.94    857.000 0.0000e+00
    862.518     4.9545   3.324874          1    34.3639      0.038     2.4605      7.858     100.08     -0.483      -0.09      75388   3141.131    34.3642    27.1764    1483.92    856.000 0.0000e+00
    861.508     4.9571   3.325058          1    34.3638      0.039     2.4581      7.857      95.66     -0.737      -0.24      75417   3142.348    34.3642    27.1761    1483.91    855.000 0.0000e+00
    860.499     4.9650   3.325684          1    34.3633      0.047     2.4535      7.858      95.85     -0.956      -0.19      75441   3143.321    34.3638    27.1749    1483.93    854.000 0.0000e+00
    859.489     5.0052   3.329114          1    34.3612      0.040     2.4560      7.858      98.66     -1.048      -0.00      75464   3144.296    34.3626    27.1693    1484.08    853.000 0.0000e+00
    858.479     5.0505   3.332768          1    34.3562      0.045     2.4584      7.858      74.82     -0.951       0.14      75492   3145.439    34.3587    27.1610    1484.24    852.000 0.0000e+00
    857.470     5.0482   3.332294          1    34.3537      0.041     2.4726      7.858      86.99     -0.782       0.09      75524   3146.780    34.3561    27.1592    1484.21    851.000 0.0000e+00
    856.460     5.0177   3.329913          1    34.3595      0.037     2.4899      7.859      98.49     -0.677       0.05      75560   3148.304    34.3605    27.1662    1484.07    850.000 0.0000e+00
    855.450     5.0004   3.328502          1    34.3621      0.036     2.4953      7.858      98.71     -0.606       0.01      75600   3149.964    34.3625    27.1697    1483.99    849.000 0.0000e+00
    854.441     5.1174   3.338285          1    34.3526      0.041     2.4791      7.826      95.78     -0.668      -0.11      75635   3151.401    34.3555    27.1507    1484.44    848.000 0.0000e+00
    853.431     5.1761   3.343216          1    34.3481      0.053     2.4741      7.854      76.63     -0.844      -0.20      75661   3152.479    34.3527    27.1416    1484.66    847.000 0.0000e+00
    852.421     5.1855   3.343951          1    34.3475      0.038     2.4868      7.839      98.68     -1.014      -0.15      75683   3153.415    34.3519    27.1399    1484.68    846.000 0.0000e+00
    851.412     5.1936   3.344604          1    34.3476      0.036     2.5082      7.860      98.71     -1.088      -0.00      75706   3154.357    34.3517    27.1387    1484.70    845.000 0.0000e+00
    850.402     5.1876   3.343983          1    34.3478      0.041     2.5378      7.861      84.15     -0.935       0.21      75735   3155.565    34.3512    27.1391    1484.65    844.000 0.0000e+00
    849.393     5.1736   3.342727          1    34.3494      0.042     2.5556      7.857      83.16     -0.591       0.11      75776   3157.282    34.3515    27.1410    1484.58    843.000 0.0000e+00
    848.383     5.1785   3.343285          1    34.3516      0.042     2.5415      7.846      99.03     -0.603      -0.07      75815   3158.929    34.3534    27.1419    1484.59    842.000 0.0000e+00
    847.373     5.2398   3.348580          1    34.3488      0.037     2.5309      7.858      98.71     -0.708      -0.10      75848   3160.285    34.3520    27.1335    1484.82    841.000 0.0000e+00
    846.364     5.2934   3.353012          1    34.3443      0.038     2.5293      7.860      98.71     -0.861      -0.16      75874   3161.371    34.3485    27.1244    1485.01    840.000 0.0000e+00
    845.354     5.3174   3.354900          1    34.3418      0.048     2.5452      7.848      75.13     -0.980      -0.06      75898   3162.382    34.3460    27.1197    1485.09    839.000 0.0000e+00
    844.344     5.3293   3.355926          1    34.3418      0.038     2.5686      7.850      97.93     -0.940       0.10      75925   3163.518    34.3461    27.1183    1485.12    838.000 0.0000e+00
    843.335     5.3434   3.356915          1    34.3397      0.042     2.5898      7.786      98.71     -0.787       0.09      75957   3164.847    34.3435    27.1145    1485.16    837.000 0.0000e+00
    842.325     5.3439   3.356971          1    34.3410      0.039     2.6082      7.795      98.71     -0.740      -0.03      75990   3166.190    34.3441    27.1150    1485.14    836.000 0.0000e+00
    841.316     5.3543   3.357818          1    34.3407      0.037     2.5996      7.789      98.71     -0.801      -0.05      76019   3167.421    34.3437    27.1134    1485.17    835.000 0.0000e+00
    840.306     5.3714   3.359177          1    34.3393      0.039     2.5994      7.770      93.18     -0.839      -0.00      76048   3168.629    34.3422    27.1102    1485.22    834.000 0.0000e+00
    839.296     5.3728   3.359156          1    34.3387      0.039     2.5950      7.816      98.56     -0.769       0.10      76081   3170.005    34.3411    27.1092    1485.21    833.000 0.0000e+00
    838.287     5.3529   3.357710          1    34.3439      0.042     2.6077      7.829      98.71     -0.595       0.05      76122   3171.691    34.3453    27.1149    1485.12    832.000 0.0000e+00
    837.277     5.3725   3.359212          1    34.3415      0.052     2.6118      7.817      68.60     -0.681      -0.18      76155   3173.063    34.3430    27.1107    1485.17    831.000 0.0000e+00
    836.268     5.3839   3.360052          1    34.3397      0.046     2.6005      7.922      98.92     -0.895      -0.20      76179   3174.091    34.3415    27.1081    1485.20    830.000 0.0000e+00
    835.258     5.3860   3.360160          1    34.3395      0.040     2.6010      7.802      98.71     -1.023      -0.06      76202   3175.057    34.3411    27.1076    1485.19    829.000 0.0000e+00
    834.249     5.3876   3.360261          1    34.3397      0.039     2.6095      7.803      98.71     -1.034       0.02      76226   3176.048    34.3411    27.1074    1485.18    828.000 0.0000e+00
    833.239     5.3911   3.360530          1    34.3398      0.058     2.6068      7.816      50.58     -0.993       0.06      76251   3177.099    34.3411    27.1070    1485.18    827.000 0.0000e+00
