src/interpolation/Data/CTD/08w8h.cnv
* Sea-Bird SBE 9 Data File:
* FileName = E:\HOBAB2\w8.hex
* Software Version Seasave V 7.22.1
* Temperature SN = 5330
* Conductivity SN = 3693
* Number of Bytes Per Scan = 24
* Number of Voltage Words = 4
* Number of Scans Averaged by the Deck Unit = 1
* NMEA baud rate = 9600
# nquan = 18
# nvalues = 2032                        
# units = specified
# name 0 = prDM: Pressure, Digiquartz [db]
# name 1 = t090C: Temperature [ITS-90, deg C]
# name 2 = c0S/m: Conductivity [S/m]
# name 3 = pumps: Pump Status
# name 4 = sal00: Salinity, Practical [PSU]
# name 5 = seaTurbMtr: Turbidity, Seapoint [FTU]
# name 6 = sbeox0Mg/L: Oxygen, SBE 43 [mg/l]
# name 7 = ph: pH
# name 8 = altM: Altimeter [m]
# name 9 = dz/dtM: Descent Rate [m/s]
# name 10 = accM: Acceleration [m/s^2]
# name 11 = scan: Scan Count
# name 12 = timeS: Time, Elapsed [seconds]
# name 13 = sal00: Salinity, Practical [PSU]
# name 14 = sigma-t00: Density [sigma-t, kg/m^3 ]
# name 15 = svCM: Sound Velocity [Chen-Millero, m/s]
# name 16 = depSM: Depth [salt water, m], lat = 0
# name 17 = flag: flag
# span 0 =      1.005,   1027.163       
# span 1 =     4.4059,    24.2960       
# span 2 =   3.285833,   5.188645       
# span 3 =          1,          1       
# span 4 =    34.2499,    34.8028       
# span 5 =     -0.020,      0.613       
# span 6 =     2.2899,     7.0117       
# span 7 =      7.676,      8.105       
# span 8 =      -7.08,     101.34       
# span 9 =     -1.298,      1.223       
# span 10 =      -0.45,       0.35      
# span 11 =      31579,     103160      
# span 12 =   1315.741,   4298.277      
# span 13 =    34.2444,    34.8058      
# span 14 =    23.2969,    27.2625      
# span 15 =    1483.83,    1532.34      
# span 16 =      1.000,   1019.000      
# span 17 = 0.0000e+00, 0.0000e+00      
# interval = meters: 1                  
# start_time = Apr 17 2014 22:58:08 [System UTC, header]
# bad_flag = -9.990e-29
*END*
[from data line 2011]
     21.117    23.9835   5.157591          1    34.6515      0.086     6.5571      7.849      98.11     -0.884      -0.03     102186   4257.717    34.6634    23.3915    1531.91     21.000 0.0000e+00
     20.111    23.9978   5.158458          1    34.6490      0.081     6.6056      7.848      98.48     -0.820       0.10     102217   4259.001    34.6591    23.3840    1531.92     20.000 0.0000e+00
     19.106    23.9559   5.154285          1    34.6524      0.100     6.6400      7.848      67.29     -0.729       0.00     102250   4260.364    34.6605    23.3974    1531.81     19.000 0.0000e+00
     18.100    24.0341   5.161757          1    34.6486      0.077     6.6040      7.847      98.89     -0.805      -0.08     102279   4261.570    34.6564    23.3712    1531.98     18.000 0.0000e+00
     17.095    24.0651   5.164289          1    34.6443      0.080     6.6048      7.847      98.41     -0.840       0.03     102308   4262.792    34.6518    23.3585    1532.03     17.000 0.0000e+00
     16.089    24.0624   5.163776          1    34.6441      0.116     6.6218      7.847      85.05     -0.755       0.06     102341   4264.157    34.6503    23.3582    1532.01     16.000 0.0000e+00
     15.083    24.0573   5.163559          1    34.6480      0.089     6.6077      7.846      82.55     -0.730      -0.03     102373   4265.513    34.6530    23.3617    1531.98     15.000 0.0000e+00
     14.078    24.1114   5.168829          1    34.6458      0.080     6.5933      7.846      83.12     -0.790      -0.05     102403   4266.756    34.6510    23.3442    1532.10     14.000 0.0000e+00
     13.072    24.1275   5.170322          1    34.6454      0.101     6.5783      7.845      98.53     -0.808       0.03     102434   4268.027    34.6501    23.3387    1532.12     13.000 0.0000e+00
     12.067    24.1116   5.168752          1    34.6470      0.084     6.5952      7.845      98.65     -0.732       0.04     102467   4269.415    34.6509    23.3440    1532.06     12.000 0.0000e+00
     11.061    24.1389   5.171769          1    34.6495      0.076     6.6165      7.845      98.69     -0.748      -0.04     102499   4270.733    34.6528    23.3374    1532.12     11.000 0.0000e+00
     10.055    24.1979   5.177877          1    34.6493      0.087     6.5878      7.845      98.71     -0.767       0.03     102531   4272.074    34.6533    23.3202    1532.25     10.000 0.0000e+00
      9.050    24.2072   5.178978          1    34.6510      0.073     6.5838      7.844      98.71     -0.662       0.04     102568   4273.609    34.6547    23.3185    1532.25      9.000 0.0000e+00
      8.044    24.1734   5.175008          1    34.6493      0.076     6.5992      7.844      98.71     -0.569       0.09     102611   4275.410    34.6513    23.3260    1532.15      8.000 0.0000e+00
      7.039    24.1317   5.170575          1    34.6499      0.080     6.6016      7.844      98.71     -0.469      -0.02     102661   4277.511    34.6507    23.3379    1532.03      7.000 0.0000e+00
      6.033    24.1796   5.175719          1    34.6511      0.075     6.6032      7.844      98.58     -0.436       0.07     102716   4279.775    34.6525    23.3251    1532.13      6.000 0.0000e+00
      5.028    24.2028   5.178283          1    34.6528      0.102     6.5787      7.844      42.22     -0.300      -0.04     102793   4282.998    34.6541    23.3194    1532.17      5.000 0.0000e+00
      4.022    24.2092   5.179139          1    34.6553      0.116     6.6072      7.844      -7.08     -0.099      -0.02     102950   4289.542    34.6559    23.3188    1532.17      4.000 0.0000e+00
      3.017    24.2510   5.183633          1    34.6566      0.076     6.5858      7.844       2.17     -0.422       0.11     103023   4292.566    34.6576    23.3077    1532.26      3.000 0.0000e+00
      2.011    24.2662   5.185321          1    34.6579      0.032     6.5874      7.845       1.77     -0.248      -0.17     103110   4296.221    34.6588    23.3041    1532.28      2.000 0.0000e+00
      1.005    24.2960   5.188645          1    34.6599     -0.012     6.6009      7.844       1.91     -0.575       0.06     103160   4298.277    34.6611    23.2969    1532.34      1.000 0.0000e+00
