src/interpolation/Data/CTD/08w8h.cnv
* Sea-Bird SBE 9 Data File:
* FileName = E:\HOBAB2\w8.hex
* Software Version Seasave V 7.22.1
* Temperature SN = 5330
* Conductivity SN = 3693
* Number of Bytes Per Scan = 24
* Number of Voltage Words = 4
* Number of Scans Averaged by the Deck Unit = 1
* NMEA baud rate = 9600
# nquan = 18
# nvalues = 2032                        
# units = specified
# name 0 = prDM: Pressure, Digiquartz [db]
# name 1 = t090C: Temperature [ITS-90, deg C]
# name 2 = c0S/m: Conductivity [S/m]
# name 3 = pumps: Pump Status
# name 4 = sal00: Salinity, Practical [PSU]
# name 5 = seaTurbMtr: Turbidity, Seapoint [FTU]
# name 6 = sbeox0Mg/L: Oxygen, SBE 43 [mg/l]
# name 7 = ph: pH
# name 8 = altM: Altimeter [m]
# name 9 = dz/dtM: Descent Rate [m/s]
# name 10 = accM: Acceleration [m/s^2]
# name 11 = scan: Scan Count
# name 12 = timeS: Time, Elapsed [seconds]
# name 13 = sal00: Salinity, Practical [PSU]
# name 14 = sigma-t00: Density [sigma-t, kg/m^3 ]
# name 15 = svCM: Sound Velocity [Chen-Millero, m/s]
# name 16 = depSM: Depth [salt water, m], lat = 0
# name 17 = flag: flag
# span 0 =      1.005,   1027.163       
# span 1 =     4.4059,    24.2960       
# span 2 =   3.285833,   5.188645       
# span 3 =          1,          1       
# span 4 =    34.2499,    34.8028       
# span 5 =     -0.020,      0.613       
# span 6 =     2.2899,     7.0117       
# span 7 =      7.676,      8.105       
# span 8 =      -7.08,     101.34       
# span 9 =     -1.298,      1.223       
# span 10 =      -0.45,       0.35      
# span 11 =      31579,     103160      
# span 12 =   1315.741,   4298.277      
# span 13 =    34.2444,    34.8058      
# span 14 =    23.2969,    27.2625      
# span 15 =    1483.83,    1532.34      
# span 16 =      1.000,   1019.000      
# span 17 = 0.0000e+00, 0.0000e+00      
# interval = meters: 1                  
# start_time = Apr 17 2014 22:58:08 [System UTC, header]
# bad_flag = -9.990e-29
*END*
[from data line 563]
    572.935     8.3230   3.606703          1    34.2600      0.031     3.9391      8.000      98.71      0.826       0.06      51581   2149.181    34.2553    26.6404    1492.20    569.000 0.0000e+00
    573.943     8.3253   3.607169          1    34.2613      0.031     3.9413      8.000      98.71      0.831      -0.03      51611   2150.414    34.2576    26.6418    1492.23    570.000 0.0000e+00
    574.952     8.3230   3.607129          1    34.2622      0.031     3.9374      7.999      98.71      0.807       0.01      51641   2151.655    34.2590    26.6433    1492.24    571.000 0.0000e+00
    575.960     8.3130   3.606393          1    34.2634      0.034     3.9338      8.000      85.32      0.829       0.01      51670   2152.870    34.2604    26.6459    1492.22    572.000 0.0000e+00
    576.968     8.2963   3.605077          1    34.2650      0.033     3.9343      8.000      98.63      0.794      -0.06      51701   2154.179    34.2622    26.6498    1492.17    573.000 0.0000e+00
    577.977     8.2652   3.602864          1    34.2715      0.033     3.9190      8.000      98.71      0.711      -0.01      51735   2155.589    34.2684    26.6594    1492.08    574.000 0.0000e+00
    578.985     8.2550   3.602150          1    34.2733      0.046     3.8961      8.000      64.59      0.791       0.13      51764   2156.781    34.2703    26.6625    1492.06    575.000 0.0000e+00
    579.993     8.2502   3.601856          1    34.2741      0.037     3.8698      8.000      91.67      0.922       0.09      51789   2157.833    34.2714    26.6641    1492.06    576.000 0.0000e+00
    581.002     8.2469   3.601716          1    34.2749      0.035     3.8353      8.000      98.41      0.895      -0.13      51818   2159.051    34.2726    26.6655    1492.07    577.000 0.0000e+00
    582.010     8.2451   3.601699          1    34.2756      0.045     3.8347      8.000      61.75      0.588      -0.10      51859   2160.751    34.2737    26.6666    1492.08    578.000 0.0000e+00
    583.018     8.2404   3.601395          1    34.2763      0.038     3.8410      8.001      90.98      0.672       0.17      51893   2162.154    34.2746    26.6680    1492.08    579.000 0.0000e+00
    584.027     8.2136   3.598997          1    34.2769      0.036     3.8430      8.001      98.81      0.859       0.15      51919   2163.243    34.2747    26.6722    1492.00    580.000 0.0000e+00
    585.035     8.1787   3.595867          1    34.2777      0.037     3.8381      8.002      95.60      0.982       0.09      51943   2164.232    34.2749    26.6776    1491.88    581.000 0.0000e+00
    586.043     8.1665   3.594830          1    34.2781      0.036     3.8238      8.002      98.67      1.021      -0.01      51967   2165.235    34.2753    26.6797    1491.85    582.000 0.0000e+00
    587.052     8.1577   3.594045          1    34.2778      0.035     3.8022      8.003      98.71      0.924      -0.14      51995   2166.411    34.2751    26.6809    1491.84    583.000 0.0000e+00
    588.060     8.1413   3.592579          1    34.2774      0.041     3.7968      8.004      87.03      0.674      -0.14      52033   2167.989    34.2750    26.6833    1491.79    584.000 0.0000e+00
    589.069     8.1387   3.592419          1    34.2773      0.049     3.7972      8.005      99.17      0.541       0.03      52076   2169.794    34.2753    26.6839    1491.80    585.000 0.0000e+00
    590.077     8.1348   3.592104          1    34.2771      0.039     3.7885      8.005      98.71      0.702       0.20      52107   2171.104    34.2753    26.6845    1491.80    586.000 0.0000e+00
    591.085     8.1249   3.591280          1    34.2774      0.036     3.7703      8.006      98.71      0.911       0.19      52132   2172.113    34.2757    26.6863    1491.78    587.000 0.0000e+00
    592.094     8.1138   3.590406          1    34.2786      0.036     3.7678      8.006      98.71      1.040       0.07      52155   2173.067    34.2768    26.6888    1491.75    588.000 0.0000e+00
    593.102     8.1004   3.589304          1    34.2794      0.037     3.7801      8.006      95.15      1.000      -0.12      52181   2174.147    34.2775    26.6914    1491.72    589.000 0.0000e+00
    594.110     8.0533   3.585054          1    34.2804      0.038     3.7773      8.007      96.55      0.795      -0.14      52213   2175.490    34.2777    26.6986    1491.56    590.000 0.0000e+00
    595.119     7.9614   3.577566          1    34.2914      0.038     3.7699      8.009      98.73      0.713       0.03      52246   2176.869    34.2869    26.7195    1491.24    591.000 0.0000e+00
    596.127     7.9399   3.576041          1    34.2959      0.059     3.7351      8.009      56.95      0.807       0.07      52275   2178.081    34.2912    26.7261    1491.18    592.000 0.0000e+00
    597.136     7.9380   3.575914          1    34.2951      0.043     3.6546      8.010      97.16      0.787      -0.09      52307   2179.428    34.2912    26.7264    1491.19    593.000 0.0000e+00
    598.144     7.9369   3.575918          1    34.2950      0.040     3.5978      8.011      98.71      0.596      -0.05      52347   2181.099    34.2918    26.7270    1491.20    594.000 0.0000e+00
    599.153     7.9370   3.576008          1    34.2948      0.044     3.6139      8.013      98.71      0.696       0.18      52380   2182.438    34.2923    26.7273    1491.22    595.000 0.0000e+00
    600.161     7.9376   3.576115          1    34.2945      0.045     3.6305      8.013      91.17      0.898       0.18      52404   2183.461    34.2923    26.7273    1491.24    596.000 0.0000e+00
    601.169     7.9367   3.576110          1    34.2946      0.052     3.6398      8.013      76.64      1.032       0.08      52427   2184.413    34.2926    26.7277    1491.25    597.000 0.0000e+00
    602.178     7.9367   3.576156          1    34.2943      0.041     3.6400      8.014      98.37      1.020      -0.09      52452   2185.463    34.2927    26.7277    1491.27    598.000 0.0000e+00
    603.186     7.9359   3.576148          1    34.2943      0.039     3.6424      8.016      98.71      0.800      -0.18      52485   2186.824    34.2929    26.7280    1491.28    599.000 0.0000e+00
    604.195     7.9310   3.575724          1    34.2940      0.037     3.6313      8.017      98.71      0.632      -0.03      52523   2188.419    34.2927    26.7286    1491.28    600.000 0.0000e+00
    605.203     7.9277   3.575508          1    34.2942      0.044     3.6274      8.017      92.89      0.663       0.04      52559   2189.920    34.2931    26.7294    1491.29    601.000 0.0000e+00
    606.212     7.9252   3.575326          1    34.2942      0.039     3.6229      8.019      98.75      0.725       0.07      52591   2191.261    34.2932    26.7298    1491.29    602.000 0.0000e+00
    607.220     7.9226   3.575162          1    34.2943      0.043     3.6294      8.020      98.71      0.839       0.10      52619   2192.409    34.2935    26.7304    1491.30    603.000 0.0000e+00
    608.229     7.9233   3.575251          1    34.2941      0.060     3.6238      8.021      51.54      0.919       0.03      52645   2193.493    34.2933    26.7302    1491.32    604.000 0.0000e+00
    609.237     7.9217   3.575154          1    34.2940      0.047     3.6310      8.021      98.42      0.895      -0.05      52673   2194.660    34.2934    26.7305    1491.33    605.000 0.0000e+00
    610.246     7.9206   3.575111          1    34.2941      0.041     3.6170      8.022      98.71      0.804      -0.06      52704   2195.945    34.2935    26.7308    1491.34    606.000 0.0000e+00
    611.254     7.9203   3.575130          1    34.2939      0.040     3.6183      8.024      98.71      0.761      -0.02      52736   2197.282    34.2935    26.7308    1491.36    607.000 0.0000e+00
    612.263     7.9189   3.575045          1    34.2939      0.042     3.6304      8.025      98.71      0.725      -0.02      52769   2198.684    34.2935    26.7310    1491.37    608.000 0.0000e+00
    613.271     7.9181   3.575013          1    34.2938      0.051     3.6313      8.026      74.29      0.741       0.05      52801   2200.008    34.2935    26.7311    1491.38    609.000 0.0000e+00
    614.280     7.9106   3.574369          1    34.2939      0.049     3.6283      8.027      98.88      0.818       0.05      52830   2201.217    34.2934    26.7322    1491.37    610.000 0.0000e+00
    615.288     7.9084   3.574197          1    34.2938      0.042     3.6267      8.028      98.71      0.823      -0.04      52860   2202.472    34.2933    26.7324    1491.38    611.000 0.0000e+00
    616.297     7.8906   3.572627          1    34.2942      0.038     3.6244      8.029      98.71      0.735      -0.05      52894   2203.869    34.2934    26.7351    1491.33    612.000 0.0000e+00
    617.305     7.8864   3.572425          1    34.2958      0.040     3.6247      8.030      96.40      0.736       0.06      52926   2205.194    34.2949    26.7369    1491.33    613.000 0.0000e+00
    618.314     7.8931   3.572956          1    34.2941      0.045     3.6198      8.031      91.49      0.847       0.12      52953   2206.319    34.2936    26.7348    1491.37    614.000 0.0000e+00
    619.322     7.8840   3.572211          1    34.2947      0.048     3.6097      8.032      98.69      0.935       0.04      52978   2207.393    34.2940    26.7366    1491.36    615.000 0.0000e+00
    620.331     7.8738   3.571301          1    34.2947      0.056     3.5928      8.033      68.77      0.883      -0.10      53007   2208.595    34.2938    26.7379    1491.33    616.000 0.0000e+00
    621.339     7.8516   3.569439          1    34.2964      0.045     3.5952      8.034      90.55      0.737      -0.09      53041   2210.003    34.2951    26.7422    1491.27    617.000 0.0000e+00
    622.348     7.8526   3.569575          1    34.2962      0.047     3.5885      8.035      98.72      0.693       0.01      53076   2211.460    34.2951    26.7420    1491.29    618.000 0.0000e+00
    623.356     7.8374   3.568151          1    34.2955      0.041     3.5824      8.035      98.71      0.674      -0.02      53112   2212.962    34.2943    26.7436    1491.24    619.000 0.0000e+00
    624.365     7.8109   3.565895          1    34.2972      0.042     3.5894      8.036      98.71      0.709       0.09      53145   2214.318    34.2955    26.7484    1491.16    620.000 0.0000e+00
    625.373     7.8023   3.565143          1    34.2971      0.060     3.5785      8.038      65.88      0.864       0.18      53170   2215.383    34.2954    26.7497    1491.15    621.000 0.0000e+00
    626.382     7.7907   3.564127          1    34.2972      0.039     3.5742      8.040      98.34      1.012       0.11      53193   2216.343    34.2953    26.7513    1491.12    622.000 0.0000e+00
    627.391     7.7791   3.563170          1    34.2977      0.041     3.5773      8.034      98.71      0.996      -0.11      53219   2217.432    34.2959    26.7534    1491.09    623.000 0.0000e+00
    628.399     7.7682   3.562135          1    34.2969      0.041     3.5649      8.032      98.71      0.754      -0.15      53253   2218.836    34.2951    26.7544    1491.06    624.000 0.0000e+00
    629.408     7.7143   3.557066          1    34.2962      0.040     3.5602      8.035      98.71      0.717       0.08      53286   2220.189    34.2930    26.7606    1490.87    625.000 0.0000e+00
    630.416     7.5898   3.545652          1    34.2974      0.051     3.5688      8.030      90.39      0.818       0.04      53315   2221.411    34.2917    26.7776    1490.41    626.000 0.0000e+00
    631.425     7.5239   3.539869          1    34.3001      0.042     3.5394      8.041      98.67      0.709      -0.14      53351   2222.910    34.2935    26.7886    1490.18    627.000 0.0000e+00
    632.433     7.4945   3.537232          1    34.2995      0.041     3.4796      8.050      98.71      0.619       0.09      53388   2224.466    34.2935    26.7928    1490.08    628.000 0.0000e+00
    633.442     7.4818   3.536249          1    34.3003      0.056     3.4558      8.048      67.02      0.803       0.21      53415   2225.602    34.2949    26.7957    1490.05    629.000 0.0000e+00
    634.451     7.4689   3.535157          1    34.3005      0.042     3.4494      8.047      98.52      0.981       0.14      53439   2226.575    34.2953    26.7979    1490.02    630.000 0.0000e+00
    635.459     7.4509   3.533625          1    34.3009      0.042     3.4479      8.007      98.71      1.016      -0.07      53464   2227.616    34.2960    26.8009    1489.97    631.000 0.0000e+00
    636.468     7.4237   3.531182          1    34.3007      0.041     3.4391      8.042      96.93      0.853      -0.14      53494   2228.874    34.2959    26.8047    1489.88    632.000 0.0000e+00
    637.476     7.3818   3.527452          1    34.3014      0.056     3.4347      8.022      57.46      0.750      -0.01      53526   2230.214    34.2962    26.8110    1489.74    633.000 0.0000e+00
    638.485     7.3617   3.525748          1    34.3019      0.042     3.4166      8.010      99.14      0.793       0.06      53556   2231.450    34.2970    26.8145    1489.68    634.000 0.0000e+00
    639.494     7.3446   3.524299          1    34.3023      0.044     3.3999      8.059      98.71      0.845       0.00      53585   2232.647    34.2977    26.8174    1489.63    635.000 0.0000e+00
    640.502     7.3331   3.523370          1    34.3026      0.044     3.3976      8.057      98.71      0.784      -0.07      53617   2233.982    34.2985    26.8197    1489.60    636.000 0.0000e+00
    641.511     7.3258   3.522799          1    34.3026      0.045     3.3835      8.047      98.71      0.669      -0.05      53653   2235.501    34.2991    26.8211    1489.59    637.000 0.0000e+00
    642.520     7.3180   3.522169          1    34.3025      0.045     3.3816      8.050      88.44      0.694       0.08      53687   2236.902    34.2994    26.8225    1489.58    638.000 0.0000e+00
    643.528     7.3116   3.521685          1    34.3028      0.046     3.3786      8.064      98.65      0.823       0.12      53714   2238.053    34.3000    26.8239    1489.57    639.000 0.0000e+00
    644.537     7.3064   3.521274          1    34.3027      0.048     3.3834      8.041      98.71      0.936       0.06      53739   2239.091    34.3002    26.8247    1489.57    640.000 0.0000e+00
    645.545     7.2993   3.520668          1    34.3025      0.044     3.3774      8.051      98.71      0.998       0.06      53763   2240.089    34.3002    26.8257    1489.56    641.000 0.0000e+00
    646.554     7.2859   3.519510          1    34.3028      0.059     3.3805      8.042      70.94      0.989      -0.06      53788   2241.144    34.3003    26.8278    1489.52    642.000 0.0000e+00
    647.563     7.2698   3.518119          1    34.3031      0.046     3.3728      8.051      97.36      0.846      -0.15      53819   2242.436    34.3007    26.8303    1489.48    643.000 0.0000e+00
    648.571     7.2594   3.517253          1    34.3032      0.046     3.3611      8.058      98.71      0.598      -0.07      53859   2244.103    34.3010    26.8320    1489.46    644.000 0.0000e+00
    649.580     7.2553   3.516948          1    34.3032      0.059     3.3670      8.009      53.21      0.680       0.15      53893   2245.501    34.3013    26.8328    1489.46    645.000 0.0000e+00
    650.589     7.2522   3.516731          1    34.3032      0.051     3.3592      7.975      97.92      0.828       0.07      53921   2246.687    34.3015    26.8334    1489.46    646.000 0.0000e+00
    651.597     7.2523   3.516791          1    34.3030      0.044     3.3553      8.088      98.71      0.815      -0.06      53952   2247.961    34.3016    26.8335    1489.48    647.000 0.0000e+00
    652.606     7.2522   3.516826          1    34.3028      0.043     3.3480      8.071      98.71      0.769       0.02      53983   2249.246    34.3016    26.8335    1489.49    648.000 0.0000e+00
