src/interpolation/Data/CTD/08w8h.cnv
* Sea-Bird SBE 9 Data File:
* FileName = E:\HOBAB2\w8.hex
* Software Version Seasave V 7.22.1
* Temperature SN = 5330
* Conductivity SN = 3693
* Number of Bytes Per Scan = 24
* Number of Voltage Words = 4
* Number of Scans Averaged by the Deck Unit = 1
* NMEA baud rate = 9600
# nquan = 18
# nvalues = 2032                        
# units = specified
# name 0 = prDM: Pressure, Digiquartz [db]
# name 1 = t090C: Temperature [ITS-90, deg C]
# name 2 = c0S/m: Conductivity [S/m]
# name 3 = pumps: Pump Status
# name 4 = sal00: Salinity, Practical [PSU]
# name 5 = seaTurbMtr: Turbidity, Seapoint [FTU]
# name 6 = sbeox0Mg/L: Oxygen, SBE 43 [mg/l]
# name 7 = ph: pH
# name 8 = altM: Altimeter [m]
# name 9 = dz/dtM: Descent Rate [m/s]
# name 10 = accM: Acceleration [m/s^2]
# name 11 = scan: Scan Count
# name 12 = timeS: Time, Elapsed [seconds]
# name 13 = sal00: Salinity, Practical [PSU]
# name 14 = sigma-t00: Density [sigma-t, kg/m^3 ]
# name 15 = svCM: Sound Velocity [Chen-Millero, m/s]
# name 16 = depSM: Depth [salt water, m], lat = 0
# name 17 = flag: flag
# span 0 =      1.005,   1027.163       
# span 1 =     4.4059,    24.2960       
# span 2 =   3.285833,   5.188645       
# span 3 =          1,          1       
# span 4 =    34.2499,    34.8028       
# span 5 =     -0.020,      0.613       
# span 6 =     2.2899,     7.0117       
# span 7 =      7.676,      8.105       
# span 8 =      -7.08,     101.34       
# span 9 =     -1.298,      1.223       
# span 10 =      -0.45,       0.35      
# span 11 =      31579,     103160      
# span 12 =   1315.741,   4298.277      
# span 13 =    34.2444,    34.8058      
# span 14 =    23.2969,    27.2625      
# span 15 =    1483.83,    1532.34      
# span 16 =      1.000,   1019.000      
# span 17 = 0.0000e+00, 0.0000e+00      
# interval = meters: 1                  
# start_time = Apr 17 2014 22:58:08 [System UTC, header]
# bad_flag = -9.990e-29
*END*
[from data line 724]
    735.335     5.9254   3.400326          1    34.2984      0.037     2.8427      7.813      98.71      0.848       0.04      56469   2352.844    34.2980    27.0074    1485.65    730.000 0.0000e+00
    736.344     5.9272   3.400520          1    34.2982      0.036     2.8441      7.810      98.71      0.871      -0.02      56497   2354.010    34.2978    27.0070    1485.68    731.000 0.0000e+00
    737.353     5.9268   3.400546          1    34.2983      0.033     2.8373      7.811      98.71      0.829      -0.04      56527   2355.264    34.2980    27.0072    1485.69    732.000 0.0000e+00
    738.362     5.9271   3.400620          1    34.2983      0.035     2.8375      7.810      98.71      0.737      -0.06      56561   2356.659    34.2981    27.0072    1485.71    733.000 0.0000e+00
    739.371     5.9285   3.400855          1    34.2990      0.041     2.8367      7.811      82.58      0.720       0.05      56593   2358.020    34.2988    27.0076    1485.73    734.000 0.0000e+00
    740.380     5.9306   3.401023          1    34.2983      0.036     2.8407      7.812      98.92      0.843       0.16      56620   2359.119    34.2982    27.0068    1485.76    735.000 0.0000e+00
    741.389     5.9312   3.401135          1    34.2983      0.040     2.8406      7.813      98.71      0.994       0.12      56643   2360.086    34.2983    27.0068    1485.78    736.000 0.0000e+00
    742.399     5.9335   3.401385          1    34.2982      0.041     2.8386      7.817      89.28      1.013      -0.08      56668   2361.140    34.2983    27.0065    1485.80    737.000 0.0000e+00
    743.408     5.9318   3.401322          1    34.2988      0.044     2.8372      7.825      80.95      0.764      -0.19      56703   2362.564    34.2988    27.0071    1485.81    738.000 0.0000e+00
    744.417     5.9310   3.401315          1    34.2990      0.036     2.8299      7.826      98.71      0.665       0.07      56738   2364.028    34.2990    27.0074    1485.83    739.000 0.0000e+00
    745.426     5.9306   3.401291          1    34.2988      0.036     2.8286      7.821      98.71      0.758       0.03      56769   2365.350    34.2987    27.0073    1485.84    740.000 0.0000e+00
    746.435     5.9341   3.401593          1    34.2980      0.037     2.8376      7.824      98.71      0.787       0.06      56799   2366.590    34.2981    27.0063    1485.87    741.000 0.0000e+00
    747.444     5.9325   3.401515          1    34.2983      0.046     2.8367      7.830      89.58      0.893       0.11      56824   2367.643    34.2984    27.0067    1485.88    742.000 0.0000e+00
    748.453     5.9325   3.401581          1    34.2984      0.041     2.8316      8.072      88.45      1.013       0.10      56848   2368.611    34.2985    27.0069    1485.90    743.000 0.0000e+00
    749.463     5.9179   3.400814          1    34.3045      0.037     2.8390      7.929      98.46      1.007      -0.09      56873   2369.669    34.3041    27.0131    1485.86    744.000 0.0000e+00
    750.472     5.9202   3.400949          1    34.3030      0.036     2.8392      7.831      98.71      0.792      -0.17      56906   2371.052    34.3029    27.0118    1485.89    745.000 0.0000e+00
    751.481     5.9202   3.400998          1    34.3032      0.048     2.8345      7.815      87.75      0.594      -0.04      56947   2372.743    34.3030    27.0119    1485.91    746.000 0.0000e+00
    752.490     5.9237   3.401221          1    34.3016      0.039     2.8353      7.822      96.46      0.655       0.12      56982   2374.219    34.3014    27.0103    1485.93    747.000 0.0000e+00
    753.499     5.9251   3.401338          1    34.3008      0.037     2.8365      7.830      98.78      0.818       0.18      57009   2375.343    34.3009    27.0096    1485.96    748.000 0.0000e+00
    754.508     5.9255   3.401411          1    34.3008      0.037     2.8333      7.815      98.71      0.994       0.17      57032   2376.285    34.3008    27.0095    1485.97    749.000 0.0000e+00
    755.518     5.9245   3.401383          1    34.3010      0.036     2.8252      7.922      98.71      1.080       0.01      57055   2377.230    34.3010    27.0098    1485.99    750.000 0.0000e+00
    756.527     5.9242   3.401422          1    34.3012      0.044     2.8125      7.951      81.50      0.994      -0.13      57081   2378.321    34.3012    27.0100    1486.00    751.000 0.0000e+00
    757.536     5.9139   3.400894          1    34.3052      0.042     2.8263      7.819      98.55      0.831      -0.10      57111   2379.581    34.3052    27.0145    1485.98    752.000 0.0000e+00
    758.545     5.9063   3.400544          1    34.3089      0.037     2.8315      7.849      98.71      0.770      -0.02      57143   2380.912    34.3084    27.0179    1485.97    753.000 0.0000e+00
    759.554     5.9045   3.400436          1    34.3089      0.034     2.8272      7.824      98.71      0.687      -0.07      57179   2382.420    34.3085    27.0183    1485.98    754.000 0.0000e+00
    760.564     5.8961   3.399967          1    34.3118      0.042     2.8149      7.820      83.93      0.628       0.03      57217   2383.988    34.3112    27.0215    1485.97    755.000 0.0000e+00
    761.573     5.8961   3.400009          1    34.3117      0.037     2.8167      7.817      98.67      0.760       0.16      57246   2385.214    34.3112    27.0214    1485.99    756.000 0.0000e+00
    762.582     5.8916   3.399740          1    34.3127      0.042     2.8097      7.826      98.72      0.930       0.16      57270   2386.224    34.3122    27.0228    1485.99    757.000 0.0000e+00
    763.591     5.8823   3.398984          1    34.3132      0.039     2.8184      7.826      98.71      1.037       0.07      57293   2387.170    34.3126    27.0243    1485.97    758.000 0.0000e+00
    764.600     5.8520   3.396531          1    34.3165      0.043     2.8188      7.995      96.27      1.054      -0.04      57317   2388.157    34.3151    27.0300    1485.86    759.000 0.0000e+00
    765.610     5.8388   3.395441          1    34.3173      0.043     2.8132      8.073      85.93      0.908      -0.17      57346   2389.376    34.3157    27.0322    1485.83    760.000 0.0000e+00
    766.619     5.7893   3.391084          1    34.3186      0.040     2.8056      7.938      98.73      0.591      -0.14      57388   2391.131    34.3161    27.0386    1485.65    761.000 0.0000e+00
    767.628     5.7313   3.386372          1    34.3247      0.037     2.7915      7.838      98.71      0.551       0.13      57430   2392.871    34.3211    27.0498    1485.44    762.000 0.0000e+00
    768.637     5.7128   3.384692          1    34.3240      0.048     2.7717      7.836      77.30      0.782       0.25      57457   2394.003    34.3203    27.0515    1485.38    763.000 0.0000e+00
    769.647     5.6563   3.379960          1    34.3281      0.038     2.7642      7.816      98.28      1.007       0.24      57479   2394.898    34.3235    27.0609    1485.18    764.000 0.0000e+00
    770.656     5.6389   3.378547          1    34.3294      0.037     2.7420      7.818      98.56      1.157       0.10      57499   2395.747    34.3247    27.0640    1485.12    765.000 0.0000e+00
    771.665     5.6355   3.378298          1    34.3291      0.037     2.7216      7.824      98.71      1.108      -0.18      57523   2396.759    34.3248    27.0645    1485.13    766.000 0.0000e+00
    772.674     5.6343   3.378263          1    34.3286      0.040     2.7019      7.822      93.75      0.700      -0.23      57561   2398.339    34.3251    27.0649    1485.14    767.000 0.0000e+00
    773.684     5.6350   3.378396          1    34.3281      0.043     2.6939      7.825      91.31      0.551       0.08      57604   2400.112    34.3255    27.0651    1485.16    768.000 0.0000e+00
    774.693     5.6348   3.378465          1    34.3281      0.040     2.7079      7.822      98.74      0.703       0.11      57637   2401.484    34.3259    27.0655    1485.18    769.000 0.0000e+00
    775.702     5.6249   3.377610          1    34.3279      0.046     2.7062      7.819      98.71      0.817       0.08      57665   2402.678    34.3258    27.0666    1485.15    770.000 0.0000e+00
    776.711     5.6138   3.376762          1    34.3291      0.038     2.7079      7.819      95.44      0.885       0.06      57692   2403.787    34.3270    27.0689    1485.13    771.000 0.0000e+00
    777.721     5.6149   3.376895          1    34.3286      0.044     2.7093      7.819      78.51      0.961       0.11      57716   2404.774    34.3268    27.0686    1485.15    772.000 0.0000e+00
    778.730     5.6135   3.376789          1    34.3282      0.041     2.7010      7.818      98.62      1.069       0.10      57737   2405.683    34.3266    27.0686    1485.16    773.000 0.0000e+00
    779.739     5.6006   3.375773          1    34.3293      0.038     2.7036      7.813      98.71      1.047      -0.14      57763   2406.740    34.3276    27.0710    1485.12    774.000 0.0000e+00
    780.749     5.5995   3.375749          1    34.3293      0.045     2.6960      7.824      78.60      0.543      -0.22      57808   2408.643    34.3280    27.0714    1485.14    775.000 0.0000e+00
    781.758     5.5997   3.375823          1    34.3291      0.038     2.6946      7.938      98.96      0.558       0.24      57850   2410.377    34.3281    27.0715    1485.15    776.000 0.0000e+00
    782.767     5.6025   3.376137          1    34.3292      0.037     2.7061      7.802      98.71      0.828       0.23      57876   2411.468    34.3283    27.0713    1485.18    777.000 0.0000e+00
    783.777     5.6019   3.376143          1    34.3292      0.049     2.7031      7.808      63.82      1.010       0.15      57899   2412.407    34.3285    27.0715    1485.20    778.000 0.0000e+00
    784.786     5.6000   3.376006          1    34.3291      0.048     2.6944      7.809      65.33      1.069      -0.02      57922   2413.373    34.3284    27.0717    1485.21    779.000 0.0000e+00
    785.795     5.5991   3.375951          1    34.3289      0.037     2.6931      7.806      98.30      0.990      -0.10      57948   2414.445    34.3283    27.0717    1485.22    780.000 0.0000e+00
    786.805     5.5967   3.375796          1    34.3289      0.038     2.6983      7.806      98.26      0.867      -0.10      57977   2415.668    34.3284    27.0720    1485.23    781.000 0.0000e+00
    787.814     5.5940   3.375583          1    34.3287      0.038     2.6930      7.813      98.71      0.690      -0.12      58014   2417.192    34.3282    27.0722    1485.23    782.000 0.0000e+00
    788.823     5.5874   3.375020          1    34.3287      0.042     2.6870      7.865      98.71      0.633       0.09      58050   2418.718    34.3281    27.0729    1485.22    783.000 0.0000e+00
    789.833     5.5755   3.374119          1    34.3302      0.047     2.6825      7.795      77.86      0.795       0.13      58079   2419.918    34.3294    27.0755    1485.19    784.000 0.0000e+00
    790.842     5.5737   3.374024          1    34.3304      0.038     2.6873      7.795      98.16      0.893       0.05      58106   2421.025    34.3296    27.0758    1485.20    785.000 0.0000e+00
    791.851     5.5740   3.374089          1    34.3303      0.037     2.6892      7.796      98.71      0.915      -0.00      58132   2422.131    34.3296    27.0758    1485.22    786.000 0.0000e+00
    792.861     5.5665   3.373487          1    34.3307      0.040     2.6856      7.792      98.71      0.908      -0.00      58159   2423.246    34.3299    27.0769    1485.21    787.000 0.0000e+00
    793.870     5.5594   3.372963          1    34.3314      0.038     2.6775      7.790      98.35      0.888      -0.03      58187   2424.403    34.3306    27.0784    1485.19    788.000 0.0000e+00
    794.879     5.5476   3.371940          1    34.3316      0.046     2.6748      7.790      81.52      0.845      -0.04      58216   2425.623    34.3305    27.0797    1485.16    789.000 0.0000e+00
    795.889     5.5223   3.369865          1    34.3337      0.039     2.6768      7.934      98.51      0.749      -0.09      58250   2427.026    34.3322    27.0841    1485.08    790.000 0.0000e+00
    796.898     5.5049   3.368429          1    34.3347      0.038     2.6738      7.788      97.84      0.654       0.02      58286   2428.533    34.3330    27.0869    1485.03    791.000 0.0000e+00
    797.908     5.4934   3.367512          1    34.3356      0.054     2.6697      7.781      56.75      0.787       0.17      58314   2429.715    34.3338    27.0889    1485.00    792.000 0.0000e+00
    798.917     5.4909   3.367340          1    34.3355      0.036     2.6651      7.782      98.46      0.939       0.11      58339   2430.744    34.3339    27.0893    1485.01    793.000 0.0000e+00
    799.926     5.4895   3.367284          1    34.3356      0.036     2.6511      7.779      98.71      0.980      -0.02      58364   2431.793    34.3342    27.0897    1485.02    794.000 0.0000e+00
    800.936     5.4886   3.367241          1    34.3354      0.037     2.6424      7.779      98.71      0.896      -0.11      58393   2432.981    34.3342    27.0898    1485.03    795.000 0.0000e+00
    801.945     5.4698   3.365677          1    34.3364      0.038     2.6424      7.777      98.71      0.760      -0.08      58425   2434.345    34.3350    27.0926    1484.97    796.000 0.0000e+00
    802.955     5.4534   3.364374          1    34.3380      0.046     2.6479      7.775      75.77      0.728       0.03      58458   2435.710    34.3363    27.0957    1484.92    797.000 0.0000e+00
    803.964     5.4460   3.363787          1    34.3383      0.037     2.6412      7.774      98.63      0.798       0.07      58487   2436.933    34.3366    27.0968    1484.91    798.000 0.0000e+00
    804.973     5.4449   3.363762          1    34.3386      0.038     2.6356      7.773      98.71      0.868       0.04      58515   2438.074    34.3370    27.0973    1484.93    799.000 0.0000e+00
    805.983     5.4454   3.363851          1    34.3382      0.040     2.6334      7.772      86.89      0.903       0.02      58541   2439.182    34.3370    27.0972    1484.94    800.000 0.0000e+00
    806.992     5.4431   3.363681          1    34.3380      0.053     2.6321      7.771      63.64      0.917       0.00      58568   2440.284    34.3369    27.0974    1484.95    801.000 0.0000e+00
    808.002     5.4442   3.363883          1    34.3385      0.038     2.6349      7.769      97.55      0.881      -0.07      58597   2441.480    34.3376    27.0978    1484.97    802.000 0.0000e+00
    809.011     5.4507   3.364447          1    34.3374      0.037     2.6369      7.766      98.71      0.621      -0.17      58637   2443.177    34.3369    27.0965    1485.02    803.000 0.0000e+00
    810.021     5.4438   3.363884          1    34.3376      0.036     2.6414      7.764      98.71      0.565       0.18      58677   2444.834    34.3370    27.0974    1485.00    804.000 0.0000e+00
    811.030     5.4240   3.362288          1    34.3395      0.049     2.6396      7.763      73.04      0.839       0.29      58702   2445.866    34.3385    27.1010    1484.94    805.000 0.0000e+00
    812.039     5.4190   3.361937          1    34.3403      0.041     2.6275      7.762      90.46      1.066       0.23      58722   2446.715    34.3391    27.1020    1484.94    806.000 0.0000e+00
    813.049     5.4105   3.361264          1    34.3409      0.036     2.6246      7.761      98.64      1.213       0.12      58741   2447.514    34.3397    27.1035    1484.92    807.000 0.0000e+00
    814.058     5.4122   3.361463          1    34.3407      0.039     2.6181      7.762      98.71      1.223      -0.08      58763   2448.399    34.3396    27.1032    1484.95    808.000 0.0000e+00
    815.068     5.4118   3.361479          1    34.3406      0.038     2.6167      7.762      98.71      0.889      -0.31      58795   2449.740    34.3397    27.1034    1484.96    809.000 0.0000e+00
