src/interpolation/Data/CTD/09w9h.cnv
* Sea-Bird SBE 9 Data File:
* FileName = E:\HOBAB2\w9.hex
* Software Version Seasave V 7.22.1
* Temperature SN = 5330
* Conductivity SN = 3693
* Number of Bytes Per Scan = 24
* Number of Voltage Words = 4
* Number of Scans Averaged by the Deck Unit = 1
* NMEA baud rate = 9600
# nquan = 18
# nvalues = 2081                        
# units = specified
# name 0 = prDM: Pressure, Digiquartz [db]
# name 1 = t090C: Temperature [ITS-90, deg C]
# name 2 = c0S/m: Conductivity [S/m]
# name 3 = pumps: Pump Status
# name 4 = sal00: Salinity, Practical [PSU]
# name 5 = seaTurbMtr: Turbidity, Seapoint [FTU]
# name 6 = sbeox0Mg/L: Oxygen, SBE 43 [mg/l]
# name 7 = ph: pH
# name 8 = altM: Altimeter [m]
# name 9 = dz/dtM: Descent Rate [m/s]
# name 10 = accM: Acceleration [m/s^2]
# name 11 = scan: Scan Count
# name 12 = timeS: Time, Elapsed [seconds]
# name 13 = sal00: Salinity, Practical [PSU]
# name 14 = sigma-t00: Density [sigma-t, kg/m^3 ]
# name 15 = svCM: Sound Velocity [Chen-Millero, m/s]
# name 16 = depSM: Depth [salt water, m], lat = 0
# name 17 = flag: flag
# span 0 =      1.005,   1056.469       
# span 1 =     4.2263,    24.4908       
# span 2 =   3.272028,   5.210831       
# span 3 =          1,          1       
# span 4 =    34.2107,    34.8055       
# span 5 =     -0.016,      0.267       
# span 6 =     2.2446,     6.9944       
# span 7 =      7.677,      8.101       
# span 8 =       0.50,     100.84       
# span 9 =     -1.362,      1.352       
# span 10 =      -0.40,       0.42      
# span 11 =      10577,      81282      
# span 12 =    440.686,   3386.728      
# span 13 =    34.2068,    34.8039      
# span 14 =    23.2497,    27.2893      
# span 15 =    1483.70,    1532.93      
# span 16 =      1.000,   1048.000      
# span 17 = 0.0000e+00, 0.0000e+00      
# interval = meters: 1                  
# start_time = Apr 18 2014 00:32:23 [System UTC, header]
# bad_flag = -9.990e-29
*END*
[from data line 161]
    177.048    19.5021   4.721965          1    34.7792      0.036     6.2846      7.953      98.71      0.814      -0.17      17925    746.814    34.7764    24.7212    1522.79    176.000 0.0000e+00
    178.055    19.4951   4.721271          1    34.7785      0.047     6.2476      7.953      84.23      0.595      -0.07      17965    748.519    34.7761    24.7228    1522.78    177.000 0.0000e+00
    179.061    19.4746   4.719059          1    34.7769      0.037     6.2388      7.953      99.07      0.601       0.08      18004    750.145    34.7745    24.7269    1522.74    178.000 0.0000e+00
    180.067    19.4549   4.717153          1    34.7771      0.035     6.2522      7.954      98.71      0.758       0.17      18034    751.369    34.7748    24.7323    1522.70    179.000 0.0000e+00
    181.074    19.4208   4.714373          1    34.7825      0.053     6.2787      7.953      55.91      0.912       0.10      18059    752.431    34.7798    24.7449    1522.63    180.000 0.0000e+00
    182.080    19.4000   4.712414          1    34.7836      0.035     6.2483      7.953      98.13      0.940      -0.03      18086    753.525    34.7806    24.7509    1522.59    181.000 0.0000e+00
    183.087    19.3551   4.708133          1    34.7855      0.049     6.1214      7.953      98.71      0.854      -0.09      18115    754.756    34.7822    24.7636    1522.48    182.000 0.0000e+00
    184.093    19.3236   4.704900          1    34.7849      0.045     6.0419      7.953      64.68      0.739      -0.07      18149    756.151    34.7813    24.7711    1522.41    183.000 0.0000e+00
    185.099    19.2893   4.701483          1    34.7848      0.040     6.0427      7.953      86.52      0.673      -0.05      18185    757.681    34.7812    24.7798    1522.32    184.000 0.0000e+00
    186.106    19.2645   4.698998          1    34.7843      0.036     6.0518      7.954      94.97      0.548      -0.04      18229    759.496    34.7809    24.7860    1522.27    185.000 0.0000e+00
    187.112    19.2140   4.693574          1    34.7819      0.035     6.0743      7.954      98.82      0.640       0.18      18264    760.956    34.7777    24.7965    1522.14    186.000 0.0000e+00
    188.119    19.0570   4.677291          1    34.7797      0.038     6.0278      7.954      98.71      0.868       0.23      18289    761.988    34.7731    24.8332    1521.71    187.000 0.0000e+00
    189.125    19.0166   4.673582          1    34.7824      0.031     6.0091      7.954      98.71      1.043       0.13      18311    762.906    34.7756    24.8454    1521.61    188.000 0.0000e+00
    190.132    19.0083   4.673522          1    34.7880      0.040     5.9995      7.954      77.48      1.051      -0.10      18335    763.931    34.7818    24.8523    1521.61    189.000 0.0000e+00
    191.138    18.9934   4.672012          1    34.7869      0.033     6.0000      7.955      98.46      0.814      -0.19      18368    765.277    34.7812    24.8556    1521.59    190.000 0.0000e+00
    192.144    18.9720   4.669970          1    34.7865      0.034     6.0135      7.955      93.59      0.579      -0.07      18410    767.028    34.7818    24.8615    1521.54    191.000 0.0000e+00
    193.151    18.9674   4.669709          1    34.7869      0.044     6.0339      7.955      71.17      0.586       0.08      18450    768.705    34.7831    24.8637    1521.55    192.000 0.0000e+00
    194.157    18.9598   4.669058          1    34.7871      0.035     6.0401      7.955      98.75      0.709       0.07      18483    770.085    34.7837    24.8661    1521.54    193.000 0.0000e+00
    195.164    18.9482   4.667698          1    34.7848      0.035     6.0114      7.955      98.71      0.773       0.05      18514    771.354    34.7817    24.8675    1521.52    194.000 0.0000e+00
    196.170    18.9392   4.666711          1    34.7835      0.034     6.0082      7.956      98.71      0.856       0.09      18540    772.478    34.7806    24.8690    1521.51    195.000 0.0000e+00
    197.177    18.9168   4.664306          1    34.7819      0.038     6.0047      7.956      98.71      0.942       0.07      18565    773.517    34.7790    24.8734    1521.46    196.000 0.0000e+00
    198.183    18.9085   4.663409          1    34.7808      0.038     6.0104      7.956      97.13      0.952      -0.06      18592    774.619    34.7780    24.8748    1521.46    197.000 0.0000e+00
    199.190    18.8792   4.660644          1    34.7818      0.035     5.9928      7.956      96.26      0.713      -0.19      18629    776.148    34.7792    24.8831    1521.39    198.000 0.0000e+00
    200.196    18.8615   4.659427          1    34.7860      0.034     6.0319      7.956      98.79      0.510       0.02      18674    778.037    34.7835    24.8909    1521.36    199.000 0.0000e+00
    201.203    18.8582   4.659210          1    34.7861      0.042     6.0302      7.956      76.48      0.668       0.17      18708    779.445    34.7840    24.8921    1521.37    200.000 0.0000e+00
    202.209    18.8543   4.658957          1    34.7867      0.034     6.0299      7.956      98.58      0.863       0.19      18733    780.514    34.7848    24.8937    1521.38    201.000 0.0000e+00
    203.216    18.8428   4.657943          1    34.7875      0.034     6.0560      7.956      98.71      0.971       0.02      18758    781.561    34.7857    24.8973    1521.36    202.000 0.0000e+00
    204.222    18.8289   4.656719          1    34.7886      0.034     6.0235      7.956      95.01      0.871      -0.13      18788    782.788    34.7867    24.9016    1521.34    203.000 0.0000e+00
    205.229    18.8135   4.655227          1    34.7887      0.046     6.0348      7.956      68.91      0.737      -0.06      18822    784.189    34.7867    24.9055    1521.31    204.000 0.0000e+00
    206.235    18.7622   4.649977          1    34.7881      0.038     6.0578      7.956      98.68      0.633      -0.07      18860    785.811    34.7855    24.9176    1521.18    205.000 0.0000e+00
    207.242    18.7105   4.644582          1    34.7868      0.033     6.0358      7.956      98.71      0.606       0.07      18899    787.405    34.7834    24.9290    1521.05    206.000 0.0000e+00
    208.248    18.6649   4.639931          1    34.7862      0.032     6.0361      7.956      98.71      0.783       0.20      18927    788.572    34.7823    24.9397    1520.93    207.000 0.0000e+00
    209.255    18.6021   4.633390          1    34.7847      0.031     6.0798      7.956      98.71      0.956       0.13      18951    789.574    34.7799    24.9536    1520.76    208.000 0.0000e+00
    210.261    18.5422   4.627138          1    34.7829      0.034     6.0851      7.956      92.05      0.962      -0.10      18977    790.680    34.7773    24.9667    1520.61    209.000 0.0000e+00
    211.268    18.4874   4.621262          1    34.7795      0.033     6.0634      7.956      98.55      0.760      -0.15      19011    792.095    34.7736    24.9776    1520.46    210.000 0.0000e+00
    212.275    18.4385   4.616296          1    34.7783      0.033     6.0475      7.956      98.71      0.598      -0.02      19051    793.771    34.7727    24.9891    1520.33    211.000 0.0000e+00
    213.281    18.4120   4.613571          1    34.7769      0.049     6.0885      7.956      77.09      0.649       0.07      19088    795.276    34.7717    24.9950    1520.27    212.000 0.0000e+00
    214.288    18.3251   4.604099          1    34.7711      0.033     6.0923      7.956      98.91      0.764       0.10      19118    796.533    34.7646    25.0113    1520.03    213.000 0.0000e+00
    215.294    18.2434   4.595826          1    34.7708      0.032     6.0857      7.956      98.71      0.868       0.07      19145    797.658    34.7634    25.0307    1519.81    214.000 0.0000e+00
    216.301    18.2067   4.591975          1    34.7685      0.040     6.0772      7.956      71.14      0.887      -0.05      19173    798.824    34.7614    25.0382    1519.72    215.000 0.0000e+00
    217.308    18.1543   4.586501          1    34.7661      0.038     6.1044      7.956      86.80      0.776      -0.09      19205    800.170    34.7590    25.0493    1519.58    216.000 0.0000e+00
    218.314    18.0913   4.579897          1    34.7631      0.031     6.1633      7.957      98.73      0.701      -0.00      19240    801.606    34.7559    25.0626    1519.41    217.000 0.0000e+00
    219.321    18.0555   4.576210          1    34.7612      0.032     6.1618      7.956      98.71      0.710      -0.00      19274    803.024    34.7545    25.0704    1519.32    218.000 0.0000e+00
    220.327    18.0397   4.574587          1    34.7597      0.033     6.1754      7.957      98.71      0.721       0.04      19306    804.385    34.7538    25.0737    1519.29    219.000 0.0000e+00
    221.334    18.0253   4.573147          1    34.7587      0.040     6.1568      7.957      71.08      0.826       0.13      19334    805.533    34.7534    25.0770    1519.26    220.000 0.0000e+00
    222.340    18.0073   4.571297          1    34.7575      0.031     6.1495      7.956      98.10      0.899      -0.03      19361    806.682    34.7525    25.0807    1519.22    221.000 0.0000e+00
    223.347    17.9885   4.569412          1    34.7565      0.031     6.1513      7.956      98.71      0.715      -0.15      19397    808.181    34.7521    25.0850    1519.19    222.000 0.0000e+00
    224.354    17.9775   4.568325          1    34.7555      0.042     6.1480      7.957      61.98      0.567       0.03      19438    809.889    34.7518    25.0875    1519.17    223.000 0.0000e+00
    225.360    17.9575   4.566268          1    34.7544      0.032     6.1758      7.957      99.50      0.731       0.18      19469    811.154    34.7508    25.0917    1519.13    224.000 0.0000e+00
    226.367    17.9176   4.562013          1    34.7522      0.032     6.1834      7.956      98.71      0.906       0.12      19494    812.211    34.7481    25.0994    1519.02    225.000 0.0000e+00
    227.373    17.8818   4.558194          1    34.7499      0.033     6.1921      7.956      98.71      0.934      -0.04      19521    813.316    34.7456    25.1063    1518.93    226.000 0.0000e+00
    228.380    17.8731   4.557286          1    34.7486      0.031     6.1750      7.956      98.71      0.865      -0.06      19549    814.514    34.7448    25.1078    1518.92    227.000 0.0000e+00
    229.387    17.8645   4.556313          1    34.7470      0.031     6.1113      7.957      98.71      0.779      -0.08      19581    815.854    34.7435    25.1089    1518.91    228.000 0.0000e+00
    230.393    17.8000   4.549115          1    34.7408      0.032     6.1440      7.957      92.45      0.650      -0.06      19619    817.428    34.7365    25.1193    1518.73    229.000 0.0000e+00
    231.400    17.7682   4.545912          1    34.7397      0.031     6.1280      7.956      98.83      0.640       0.05      19656    818.966    34.7358    25.1265    1518.65    230.000 0.0000e+00
    232.407    17.7656   4.545860          1    34.7406      0.045     6.0884      7.955      56.34      0.739       0.08      19688    820.283    34.7372    25.1282    1518.67    231.000 0.0000e+00
    233.413    17.7528   4.544677          1    34.7406      0.031     6.1008      7.957      98.65      0.806       0.03      19717    821.519    34.7375    25.1316    1518.65    232.000 0.0000e+00
    234.420    17.7423   4.543814          1    34.7416      0.034     6.1332      7.957      98.71      0.824       0.01      19747    822.732    34.7387    25.1351    1518.63    233.000 0.0000e+00
    235.427    17.7316   4.542810          1    34.7416      0.029     6.1544      7.957      98.71      0.852       0.04      19774    823.890    34.7389    25.1378    1518.62    234.000 0.0000e+00
    236.433    17.6901   4.538364          1    34.7392      0.030     6.1645      7.957      98.71      0.905       0.06      19800    824.977    34.7358    25.1455    1518.51    235.000 0.0000e+00
    237.440    17.6189   4.530926          1    34.7368      0.030     6.1785      7.957      98.71      0.905      -0.07      19828    826.141    34.7323    25.1602    1518.31    236.000 0.0000e+00
    238.447    17.5717   4.526017          1    34.7348      0.042     6.1853      7.957      92.80      0.677      -0.15      19865    827.687    34.7301    25.1699    1518.18    237.000 0.0000e+00
    239.453    17.5058   4.518893          1    34.7303      0.028     6.1688      7.957      98.75      0.651       0.09      19901    829.177    34.7248    25.1818    1518.00    238.000 0.0000e+00
    240.460    17.4402   4.511652          1    34.7242      0.031     6.2103      7.957      95.47      0.735      -0.02      19934    830.560    34.7181    25.1925    1517.81    239.000 0.0000e+00
    241.467    17.4028   4.507398          1    34.7186      0.036     6.1921      7.957      82.53      0.634      -0.05      19973    832.159    34.7130    25.1977    1517.71    240.000 0.0000e+00
    242.474    17.3864   4.505585          1    34.7159      0.031     6.0387      7.957      99.03      0.661       0.07      20008    833.633    34.7111    25.2001    1517.68    241.000 0.0000e+00
    243.480    17.3697   4.503950          1    34.7154      0.031     5.9941      7.957      98.71      0.791       0.16      20036    834.804    34.7108    25.2040    1517.65    242.000 0.0000e+00
    244.487    17.3344   4.500277          1    34.7139      0.051     6.0314      7.957      38.55      0.971       0.20      20059    835.746    34.7090    25.2110    1517.56    243.000 0.0000e+00
    245.494    17.2825   4.494758          1    34.7109      0.033     6.0355      7.956      97.34      1.095       0.05      20081    836.665    34.7054    25.2207    1517.41    244.000 0.0000e+00
    246.500    17.2656   4.492912          1    34.7085      0.033     6.0479      7.956      98.71      0.924      -0.24      20111    837.905    34.7035    25.2233    1517.38    245.000 0.0000e+00
    247.507    17.2281   4.488929          1    34.7056      0.033     6.0134      7.956      98.71      0.600      -0.09      20152    839.608    34.7008    25.2302    1517.28    246.000 0.0000e+00
    248.514    17.2036   4.486402          1    34.7037      0.031     5.9858      7.956      98.71      0.517      -0.02      20198    841.534    34.6996    25.2351    1517.22    247.000 0.0000e+00
    249.521    17.1796   4.483844          1    34.7015      0.033     5.9189      7.957      88.85      0.616       0.18      20235    843.067    34.6976    25.2394    1517.16    248.000 0.0000e+00
    250.527    17.1407   4.479747          1    34.6995      0.033     5.9425      7.957      98.62      0.845       0.22      20260    844.135    34.6951    25.2468    1517.06    249.000 0.0000e+00
    251.534    17.0898   4.474553          1    34.6983      0.030     5.9319      7.957      98.71      0.990       0.05      20284    845.142    34.6934    25.2576    1516.92    250.000 0.0000e+00
    252.541    17.0706   4.472590          1    34.6972      0.029     5.9199      7.957      98.21      0.950      -0.08      20311    846.253    34.6925    25.2615    1516.88    251.000 0.0000e+00
    253.548    17.0576   4.471305          1    34.6963      0.040     5.9320      7.958      74.41      0.848      -0.06      20340    847.468    34.6921    25.2643    1516.86    252.000 0.0000e+00
    254.554    17.0509   4.470679          1    34.6957      0.031     5.9884      7.958      98.24      0.811      -0.02      20370    848.726    34.6920    25.2658    1516.86    253.000 0.0000e+00
    255.561    17.0488   4.470549          1    34.6954      0.031     6.0029      7.958      97.86      0.727      -0.09      20405    850.169    34.6924    25.2665    1516.87    254.000 0.0000e+00
    256.568    17.0458   4.470298          1    34.6947      0.041     5.9615      7.958      68.59      0.548      -0.06      20449    851.991    34.6923    25.2672    1516.87    255.000 0.0000e+00
