src/interpolation/Data/CTD/09w9h.cnv
* Sea-Bird SBE 9 Data File:
* FileName = E:\HOBAB2\w9.hex
* Software Version Seasave V 7.22.1
* Temperature SN = 5330
* Conductivity SN = 3693
* Number of Bytes Per Scan = 24
* Number of Voltage Words = 4
* Number of Scans Averaged by the Deck Unit = 1
* NMEA baud rate = 9600
# nquan = 18
# nvalues = 2081                        
# units = specified
# name 0 = prDM: Pressure, Digiquartz [db]
# name 1 = t090C: Temperature [ITS-90, deg C]
# name 2 = c0S/m: Conductivity [S/m]
# name 3 = pumps: Pump Status
# name 4 = sal00: Salinity, Practical [PSU]
# name 5 = seaTurbMtr: Turbidity, Seapoint [FTU]
# name 6 = sbeox0Mg/L: Oxygen, SBE 43 [mg/l]
# name 7 = ph: pH
# name 8 = altM: Altimeter [m]
# name 9 = dz/dtM: Descent Rate [m/s]
# name 10 = accM: Acceleration [m/s^2]
# name 11 = scan: Scan Count
# name 12 = timeS: Time, Elapsed [seconds]
# name 13 = sal00: Salinity, Practical [PSU]
# name 14 = sigma-t00: Density [sigma-t, kg/m^3 ]
# name 15 = svCM: Sound Velocity [Chen-Millero, m/s]
# name 16 = depSM: Depth [salt water, m], lat = 0
# name 17 = flag: flag
# span 0 =      1.005,   1056.469       
# span 1 =     4.2263,    24.4908       
# span 2 =   3.272028,   5.210831       
# span 3 =          1,          1       
# span 4 =    34.2107,    34.8055       
# span 5 =     -0.016,      0.267       
# span 6 =     2.2446,     6.9944       
# span 7 =      7.677,      8.101       
# span 8 =       0.50,     100.84       
# span 9 =     -1.362,      1.352       
# span 10 =      -0.40,       0.42      
# span 11 =      10577,      81282      
# span 12 =    440.686,   3386.728      
# span 13 =    34.2068,    34.8039      
# span 14 =    23.2497,    27.2893      
# span 15 =    1483.70,    1532.93      
# span 16 =      1.000,   1048.000      
# span 17 = 0.0000e+00, 0.0000e+00      
# interval = meters: 1                  
# start_time = Apr 18 2014 00:32:23 [System UTC, header]
# bad_flag = -9.990e-29
*END*
     15.083    24.2784   5.186930          1    34.6573      0.082     6.5792      7.950      86.38      0.029       0.01      10577    440.686    34.6573    23.2993    1532.53     15.000 0.0000e+00
     16.089    24.2204   5.180364          1    34.6531      0.078     6.5940      7.940      99.41      0.404       0.20      12490    520.389    34.6526    23.3130    1532.40     16.000 0.0000e+00
     17.095    24.2014   5.178267          1    34.6520      0.076     6.5702      7.941      98.71      0.641       0.05      12426    517.728    34.6512    23.3176    1532.37     17.000 0.0000e+00
     18.100    24.1802   5.175979          1    34.6511      0.082     6.5890      7.941      98.71      0.409      -0.11      12484    520.124    34.6501    23.3231    1532.33     18.000 0.0000e+00
     19.106    24.1441   5.172075          1    34.6499      0.104     6.5805      7.940      88.82      0.388       0.16      12548    522.792    34.6484    23.3325    1532.26     19.000 0.0000e+00
     20.111    24.0713   5.164632          1    34.6511      0.077     6.5982      7.940      98.80      0.651       0.14      12583    524.243    34.6486    23.3542    1532.09     20.000 0.0000e+00
     21.117    24.0616   5.163850          1    34.6522      0.108     6.5997      7.940      98.71      0.725      -0.02      12617    525.649    34.6499    23.3581    1532.09     21.000 0.0000e+00
     22.123    24.0452   5.162513          1    34.6543      0.087     6.6103      7.940      98.71      0.583      -0.11      12659    527.430    34.6522    23.3647    1532.07     22.000 0.0000e+00
     23.128    24.0133   5.159846          1    34.6587      0.070     6.5785      7.940      98.71      0.365      -0.01      12720    529.964    34.6566    23.3774    1532.01     23.000 0.0000e+00
     24.134    23.9869   5.157498          1    34.6611      0.078     6.6076      7.940      98.71      0.538       0.21      12764    531.800    34.6591    23.3872    1531.97     24.000 0.0000e+00
     25.140    23.8966   5.149021          1    34.6684      0.102     6.6130      7.940      98.71      0.796       0.22      12791    532.926    34.6650    23.4183    1531.76     25.000 0.0000e+00
     26.145    23.7399   5.133799          1    34.6778      0.086     6.6179      7.941      98.71      0.962       0.09      12816    533.942    34.6715    23.4694    1531.40     26.000 0.0000e+00
     27.151    23.5701   5.117439          1    34.6884      0.096     6.5763      7.941      98.71      0.783      -0.22      12850    535.391    34.6797    23.5253    1531.00     27.000 0.0000e+00
     28.157    23.4590   5.106975          1    34.6947      0.108     6.5302      7.941      98.71      0.287       0.02      12915    538.095    34.6867    23.5630    1530.74     28.000 0.0000e+00
     29.162    23.3613   5.098342          1    34.7052      0.116     6.5426      7.941      79.75      0.550       0.11      12960    539.938    34.6971    23.5993    1530.52     29.000 0.0000e+00
     30.168    23.2526   5.088474          1    34.7152      0.113     6.5599      7.942      79.25      0.639       0.04      12997    541.483    34.7067    23.6382    1530.28     30.000 0.0000e+00
     31.174    23.1798   5.082663          1    34.7276      0.135     6.5419      7.942      66.19      0.738       0.11      13028    542.773    34.7192    23.6687    1530.12     31.000 0.0000e+00
     32.179    23.0490   5.070639          1    34.7399      0.104     6.5968      7.944      97.74      0.845       0.02      13056    543.963    34.7297    23.7145    1529.82     32.000 0.0000e+00
     33.185    22.9920   5.065116          1    34.7412      0.113     6.7187      7.944      98.71      0.604      -0.18      13099    545.751    34.7319    23.7326    1529.69     33.000 0.0000e+00
     34.191    22.9617   5.062210          1    34.7402      0.093     6.7394      7.945      98.71      0.345       0.11      13160    548.276    34.7332    23.7423    1529.63     34.000 0.0000e+00
     35.196    22.9237   5.058246          1    34.7393      0.107     6.7297      7.945      95.74      0.674       0.24      13192    549.609    34.7323    23.7525    1529.55     35.000 0.0000e+00
     36.202    22.8608   5.051038          1    34.7330      0.126     6.7198      7.946      98.59      0.792      -0.05      13223    550.920    34.7262    23.7659    1529.40     36.000 0.0000e+00
     37.208    22.8287   5.048789          1    34.7369      0.111     6.6047      7.946      78.19      0.104      -0.03      13413    558.838    34.7339    23.7810    1529.34     37.000 0.0000e+00
     38.213    22.7764   5.043302          1    34.7347      0.121     6.5686      7.947      76.30      0.528       0.18      13620    567.463    34.7326    23.7950    1529.22     38.000 0.0000e+00
     39.219    22.7073   5.035778          1    34.7318      0.122     6.5558      7.947      93.49      0.678       0.07      13652    568.771    34.7289    23.8119    1529.06     39.000 0.0000e+00
     40.225    22.6930   5.034667          1    34.7338      0.118     6.6100      7.947      86.30      0.754       0.06      13683    570.066    34.7313    23.8178    1529.04     40.000 0.0000e+00
     41.231    22.6579   5.031068          1    34.7341      0.101     6.6574      7.947      98.23      0.818       0.01      13712    571.305    34.7310    23.8276    1528.97     41.000 0.0000e+00
     42.236    22.5965   5.025075          1    34.7363      0.123     6.6036      7.947      98.71      0.594      -0.17      13755    573.076    34.7329    23.8465    1528.83     42.000 0.0000e+00
     43.242    22.5151   5.017709          1    34.7448      0.094     6.6372      7.947      98.16      0.489       0.16      13801    574.993    34.7402    23.8752    1528.64     43.000 0.0000e+00
     44.248    22.4688   5.012641          1    34.7422      0.114     6.5477      7.948      95.93      0.778       0.31      13827    576.079    34.7373    23.8861    1528.54     44.000 0.0000e+00
     45.254    22.4540   5.011374          1    34.7434      0.095     6.5860      7.948      98.68      1.038       0.25      13848    576.948    34.7389    23.8916    1528.52     45.000 0.0000e+00
     46.259    22.4382   5.010213          1    34.7463      0.095     6.7093      7.948      98.71      1.148       0.00      13869    577.849    34.7420    23.8984    1528.50     46.000 0.0000e+00
     47.265    22.3826   5.005081          1    34.7507      0.098     6.7598      7.948      98.11      1.002      -0.20      13896    578.966    34.7461    23.9172    1528.37     47.000 0.0000e+00
     48.271    22.3467   5.002651          1    34.7601      0.120     6.7157      7.948      55.24      0.716      -0.14      13931    580.437    34.7554    23.9345    1528.31     48.000 0.0000e+00
     49.277    22.3267   5.000982          1    34.7624      0.115     6.5877      7.948      70.72      0.654       0.02      13968    581.965    34.7581    23.9422    1528.27     49.000 0.0000e+00
     50.282    22.3017   4.998568          1    34.7628      0.092     6.5873      7.948      51.19      0.673      -0.01      14004    583.458    34.7589    23.9498    1528.23     50.000 0.0000e+00
     51.288    22.2631   4.994795          1    34.7640      0.082     6.6217      7.948      87.60      0.693       0.05      14038    584.877    34.7599    23.9615    1528.14     51.000 0.0000e+00
     52.294    22.1918   4.987987          1    34.7682      0.073     6.6059      7.949      98.80      0.793       0.12      14067    586.072    34.7634    23.9842    1527.98     52.000 0.0000e+00
     53.300    22.1663   4.985704          1    34.7705      0.091     6.6159      7.949      98.71      0.920       0.11      14092    587.106    34.7656    23.9931    1527.93     53.000 0.0000e+00
     54.305    22.1652   4.985649          1    34.7700      0.077     6.6515      7.949      98.71      1.004       0.04      14115    588.101    34.7657    23.9935    1527.94     54.000 0.0000e+00
     55.311    22.1647   4.985693          1    34.7697      0.099     6.6500      7.949      19.04      0.937      -0.14      14143    589.257    34.7661    23.9939    1527.96     55.000 0.0000e+00
     56.317    22.1647   4.985761          1    34.7693      0.073     6.6019      7.949      97.62      0.702      -0.13      14179    590.748    34.7663    23.9941    1527.98     56.000 0.0000e+00
     57.323    22.1558   4.984998          1    34.7696      0.072     6.6031      7.949      97.89      0.648       0.05      14215    592.257    34.7671    23.9971    1527.97     57.000 0.0000e+00
     58.329    22.1497   4.984488          1    34.7699      0.069     6.5805      7.949      81.34      0.760       0.09      14246    593.536    34.7677    23.9993    1527.97     58.000 0.0000e+00
     59.334    22.0698   4.976451          1    34.7718      0.062     6.5824      7.949      98.55      0.787      -0.04      14277    594.845    34.7684    24.0222    1527.78     59.000 0.0000e+00
     60.340    21.9567   4.965318          1    34.7767      0.072     6.5948      7.949      98.71      0.699      -0.04      14312    596.291    34.7713    24.0562    1527.51     60.000 0.0000e+00
     61.346    21.9468   4.964319          1    34.7758      0.082     6.6003      7.949      23.03      0.738       0.11      14343    597.584    34.7711    24.0588    1527.50     61.000 0.0000e+00
     62.352    21.9406   4.963755          1    34.7754      0.083     6.6201      7.950       8.09      0.891       0.17      14368    598.616    34.7713    24.0606    1527.50     62.000 0.0000e+00
     63.358    21.9360   4.963414          1    34.7757      0.052     6.6021      7.950      96.05      1.027       0.09      14391    599.575    34.7720    24.0624    1527.50     63.000 0.0000e+00
     64.364    21.9357   4.963444          1    34.7753      0.050     6.6018      7.949      98.71      0.943      -0.18      14419    600.755    34.7721    24.0627    1527.52     64.000 0.0000e+00
     65.369    21.9333   4.963328          1    34.7754      0.053     6.6077      7.950      98.71      0.620      -0.12      14459    602.404    34.7728    24.0639    1527.53     65.000 0.0000e+00
     66.375    21.9312   4.963259          1    34.7756      0.052     6.6150      7.949      98.71      0.636       0.11      14495    603.920    34.7736    24.0650    1527.54     66.000 0.0000e+00
     67.381    21.9147   4.961823          1    34.7773      0.073     6.6320      7.950      36.08      0.775       0.06      14526    605.188    34.7752    24.0709    1527.52     67.000 0.0000e+00
     68.387    21.8591   4.956136          1    34.7779      0.059     6.6691      7.950      83.09      0.767      -0.02      14557    606.504    34.7748    24.0861    1527.39     68.000 0.0000e+00
     69.393    21.7906   4.948781          1    34.7757      0.056     6.7298      7.951      98.83      0.827       0.14      14584    607.634    34.7716    24.1027    1527.22     69.000 0.0000e+00
     70.399    21.7613   4.945800          1    34.7755      0.055     6.7222      7.950      98.71      0.982       0.16      14607    608.585    34.7713    24.1106    1527.16     70.000 0.0000e+00
     71.405    21.7364   4.943529          1    34.7772      0.051     6.5618      7.950      98.71      1.035      -0.07      14632    609.616    34.7731    24.1189    1527.11     71.000 0.0000e+00
     72.410    21.7002   4.940114          1    34.7791      0.059     6.5213      7.950      63.74      0.705      -0.23      14669    611.184    34.7750    24.1304    1527.04     72.000 0.0000e+00
     73.416    21.6468   4.935755          1    34.7872      0.066     6.6290      7.950      63.13      0.519       0.08      14714    613.029    34.7833    24.1515    1526.92     73.000 0.0000e+00
     74.422    21.6209   4.934285          1    34.7959      0.065     6.7541      7.951      70.33      0.706       0.18      14745    614.342    34.7923    24.1655    1526.88     74.000 0.0000e+00
     75.428    21.5786   4.930831          1    34.8032      0.060     6.8644      7.951      98.70      0.900       0.20      14769    615.354    34.7987    24.1821    1526.79     75.000 0.0000e+00
     76.434    21.5582   4.928809          1    34.8032      0.057     6.9003      7.951      98.71      1.053       0.14      14791    616.251    34.7989    24.1879    1526.75     76.000 0.0000e+00
     77.440    21.5450   4.927727          1    34.8048      0.061     6.9737      7.951      98.71      1.127       0.01      14813    617.160    34.8006    24.1928    1526.74     77.000 0.0000e+00
     78.446    21.5323   4.926483          1    34.8044      0.060     6.9827      7.951      98.71      0.887      -0.28      14845    618.482    34.8007    24.1964    1526.72     78.000 0.0000e+00
     79.452    21.5196   4.925248          1    34.8038      0.064     6.9690      7.950      83.60      0.407      -0.01      14897    620.648    34.8008    24.2000    1526.70     79.000 0.0000e+00
     80.458    21.5086   4.924091          1    34.8029      0.086     6.9603      7.949      33.38      0.633       0.24      14932    622.112    34.8002    24.2026    1526.69     80.000 0.0000e+00
     81.464    21.4858   4.921552          1    34.8010      0.064     6.9637      7.949      99.32      0.864       0.14      14958    623.219    34.7982    24.2073    1526.64     81.000 0.0000e+00
     82.469    21.4746   4.920491          1    34.8010      0.058     6.9308      7.949      98.71      0.895      -0.03      14986    624.361    34.7984    24.2106    1526.63     82.000 0.0000e+00
     83.475    21.4642   4.919427          1    34.8006      0.088     6.9260      7.949      41.58      0.896       0.06      15011    625.433    34.7981    24.2132    1526.62     83.000 0.0000e+00
     84.481    21.4568   4.918664          1    34.8000      0.065     6.9724      7.949      99.84      1.009       0.15      15034    626.354    34.7976    24.2149    1526.62     84.000 0.0000e+00
     85.487    21.4498   4.918042          1    34.8002      0.064     6.9678      7.949      98.71      1.102       0.01      15056    627.293    34.7980    24.2171    1526.62     85.000 0.0000e+00
     86.493    21.4325   4.916359          1    34.8004      0.072     6.9276      7.948      60.33      0.641      -0.28      15099    629.080    34.7983    24.2221    1526.59     86.000 0.0000e+00
     87.499    21.4091   4.913922          1    34.7996      0.066     6.9702      7.947      91.79      0.416       0.25      15152    631.285    34.7976    24.2280    1526.54     87.000 0.0000e+00
     88.505    21.3804   4.911098          1    34.8003      0.075     6.9944      7.947      83.39      0.769       0.27      15179    632.411    34.7980    24.2362    1526.48     88.000 0.0000e+00
     89.511    21.3714   4.910341          1    34.8011      0.057     6.9767      7.947      98.49      0.957       0.08      15204    633.444    34.7989    24.2394    1526.47     89.000 0.0000e+00
     90.517    21.3675   4.910433          1    34.8044      0.059     6.9659      7.948      98.71      0.931      -0.08      15231    634.565    34.8025    24.2432    1526.49     90.000 0.0000e+00
     91.523    21.3612   4.909991          1    34.8055      0.057     6.9375      7.947      98.71      0.865      -0.02      15258    635.729    34.8037    24.2458    1526.49     91.000 0.0000e+00
     92.529    21.3573   4.909564          1    34.8049      0.073     6.9607      7.948      98.71      0.909       0.10      15284    636.776    34.8032    24.2465    1526.49     92.000 0.0000e+00
     93.535    21.3529   4.909043          1    34.8038      0.053     6.9589      7.947      98.71      1.000       0.04      15308    637.778    34.8022    24.2469    1526.50     93.000 0.0000e+00
     94.541    21.3381   4.907391          1    34.8023      0.053     6.9583      7.947      98.71      0.666      -0.25      15349    639.483    34.8008    24.2499    1526.47     94.000 0.0000e+00
