src/interpolation/Data/CTD/09w9h.cnv
* Sea-Bird SBE 9 Data File:
* FileName = E:\HOBAB2\w9.hex
* Software Version Seasave V 7.22.1
* Temperature SN = 5330
* Conductivity SN = 3693
* Number of Bytes Per Scan = 24
* Number of Voltage Words = 4
* Number of Scans Averaged by the Deck Unit = 1
* NMEA baud rate = 9600
# nquan = 18
# nvalues = 2081                        
# units = specified
# name 0 = prDM: Pressure, Digiquartz [db]
# name 1 = t090C: Temperature [ITS-90, deg C]
# name 2 = c0S/m: Conductivity [S/m]
# name 3 = pumps: Pump Status
# name 4 = sal00: Salinity, Practical [PSU]
# name 5 = seaTurbMtr: Turbidity, Seapoint [FTU]
# name 6 = sbeox0Mg/L: Oxygen, SBE 43 [mg/l]
# name 7 = ph: pH
# name 8 = altM: Altimeter [m]
# name 9 = dz/dtM: Descent Rate [m/s]
# name 10 = accM: Acceleration [m/s^2]
# name 11 = scan: Scan Count
# name 12 = timeS: Time, Elapsed [seconds]
# name 13 = sal00: Salinity, Practical [PSU]
# name 14 = sigma-t00: Density [sigma-t, kg/m^3 ]
# name 15 = svCM: Sound Velocity [Chen-Millero, m/s]
# name 16 = depSM: Depth [salt water, m], lat = 0
# name 17 = flag: flag
# span 0 =      1.005,   1056.469       
# span 1 =     4.2263,    24.4908       
# span 2 =   3.272028,   5.210831       
# span 3 =          1,          1       
# span 4 =    34.2107,    34.8055       
# span 5 =     -0.016,      0.267       
# span 6 =     2.2446,     6.9944       
# span 7 =      7.677,      8.101       
# span 8 =       0.50,     100.84       
# span 9 =     -1.362,      1.352       
# span 10 =      -0.40,       0.42      
# span 11 =      10577,      81282      
# span 12 =    440.686,   3386.728      
# span 13 =    34.2068,    34.8039      
# span 14 =    23.2497,    27.2893      
# span 15 =    1483.70,    1532.93      
# span 16 =      1.000,   1048.000      
# span 17 = 0.0000e+00, 0.0000e+00      
# interval = meters: 1                  
# start_time = Apr 18 2014 00:32:23 [System UTC, header]
# bad_flag = -9.990e-29
*END*
[from data line 1287]
    799.926     5.4090   3.360556          1    34.3392      0.037     2.6190      7.765      98.75     -0.823      -0.11      55442   2310.062    34.3395    27.1036    1484.70    794.000 0.0000e+00
    798.917     5.4055   3.360227          1    34.3396      0.039     2.6173      7.848      98.71     -0.914      -0.03      55469   2311.160    34.3398    27.1042    1484.67    793.000 0.0000e+00
    797.908     5.4057   3.360202          1    34.3397      0.048     2.6162      7.818      77.63     -0.759       0.19      55504   2312.612    34.3399    27.1042    1484.65    792.000 0.0000e+00
    796.898     5.4056   3.360131          1    34.3394      0.040     2.6227      7.806      93.88     -0.540      -0.06      55545   2314.348    34.3396    27.1040    1484.64    791.000 0.0000e+00
    795.889     5.4035   3.359913          1    34.3397      0.039     2.6190      7.795      98.73     -0.765      -0.21      55574   2315.546    34.3397    27.1044    1484.61    790.000 0.0000e+00
    794.879     5.4001   3.359577          1    34.3400      0.043     2.6237      7.808      89.23     -0.898      -0.03      55601   2316.666    34.3399    27.1050    1484.58    789.000 0.0000e+00
    793.870     5.3985   3.359405          1    34.3401      0.053     2.6234      7.799      46.74     -0.866       0.03      55629   2317.845    34.3400    27.1052    1484.56    788.000 0.0000e+00
    792.861     5.3972   3.359240          1    34.3400      0.039     2.6225      7.805      99.66     -0.883      -0.07      55655   2318.937    34.3400    27.1053    1484.54    787.000 0.0000e+00
    791.851     5.3924   3.358784          1    34.3405      0.037     2.6148      7.824      97.77     -0.986      -0.10      55679   2319.918    34.3402    27.1061    1484.50    786.000 0.0000e+00
    790.842     5.3931   3.358811          1    34.3404      0.044     2.6064      7.940      96.16     -0.997       0.08      55705   2320.990    34.3403    27.1061    1484.49    785.000 0.0000e+00
    789.833     5.3949   3.358929          1    34.3404      0.041     2.6122      7.869      98.69     -0.646       0.23      55745   2322.673    34.3403    27.1059    1484.48    784.000 0.0000e+00
    788.823     5.3948   3.358875          1    34.3403      0.050     2.6117      7.774      80.57     -0.522      -0.16      55789   2324.500    34.3403    27.1058    1484.46    783.000 0.0000e+00
    787.814     5.3975   3.359068          1    34.3402      0.046     2.6148      7.779      98.61     -0.770      -0.19      55818   2325.697    34.3402    27.1055    1484.45    782.000 0.0000e+00
    786.805     5.3989   3.359132          1    34.3400      0.038     2.6232      7.804      98.71     -0.878       0.01      55846   2326.865    34.3401    27.1052    1484.44    781.000 0.0000e+00
    785.795     5.3991   3.359111          1    34.3400      0.040     2.6237      7.787      95.35     -0.820       0.03      55875   2328.097    34.3400    27.1052    1484.43    780.000 0.0000e+00
    784.786     5.4099   3.360010          1    34.3397      0.057     2.6204      7.813      51.76     -0.882      -0.14      55901   2329.150    34.3399    27.1037    1484.45    779.000 0.0000e+00
    783.777     5.4590   3.364133          1    34.3356      0.038     2.6181      7.826      98.70     -1.024      -0.10      55923   2330.104    34.3373    27.0958    1484.63    778.000 0.0000e+00
    782.767     5.4658   3.364681          1    34.3355      0.035     2.6230      7.802      98.71     -0.968       0.15      55951   2331.251    34.3371    27.0949    1484.64    777.000 0.0000e+00
    781.758     5.4429   3.362690          1    34.3375      0.045     2.6382      7.829      98.71     -0.592       0.16      55993   2332.982    34.3382    27.0985    1484.53    776.000 0.0000e+00
    780.749     5.4692   3.364899          1    34.3359      0.051     2.6462      7.827      87.67     -0.606      -0.14      56031   2334.572    34.3371    27.0944    1484.62    775.000 0.0000e+00
    779.739     5.4772   3.365533          1    34.3354      0.044     2.6470      7.808      88.69     -0.785      -0.12      56060   2335.790    34.3367    27.0931    1484.64    774.000 0.0000e+00
    778.730     5.4793   3.365654          1    34.3353      0.037     2.6531      7.804      98.72     -0.874      -0.05      56087   2336.918    34.3365    27.0927    1484.63    773.000 0.0000e+00
    777.721     5.4824   3.365880          1    34.3353      0.039     2.6552      7.785      98.71     -0.922      -0.03      56113   2337.996    34.3364    27.0923    1484.63    772.000 0.0000e+00
    776.711     5.4838   3.365956          1    34.3353      0.054     2.6496      7.794      60.31     -0.926       0.03      56140   2339.112    34.3362    27.0920    1484.61    771.000 0.0000e+00
    775.702     5.4842   3.365938          1    34.3354      0.039     2.6541      7.795      98.06     -0.834       0.09      56170   2340.372    34.3362    27.0919    1484.60    770.000 0.0000e+00
    774.693     5.4836   3.365846          1    34.3356      0.045     2.6457      7.832      98.71     -0.741       0.04      56203   2341.752    34.3363    27.0920    1484.58    769.000 0.0000e+00
    773.684     5.4830   3.365742          1    34.3357      0.042     2.6439      7.804      98.71     -0.703       0.02      56238   2343.199    34.3362    27.0920    1484.56    768.000 0.0000e+00
    772.674     5.4813   3.365560          1    34.3359      0.044     2.6501      7.818      96.34     -0.690      -0.01      56273   2344.651    34.3363    27.0923    1484.54    767.000 0.0000e+00
    771.665     5.4814   3.365510          1    34.3358      0.058     2.6535      7.820      78.07     -0.756      -0.12      56303   2345.909    34.3361    27.0921    1484.52    766.000 0.0000e+00
    770.656     5.4810   3.365426          1    34.3359      0.038     2.6557      7.829      99.02     -0.911      -0.16      56327   2346.932    34.3361    27.0922    1484.50    765.000 0.0000e+00
    769.647     5.4787   3.365187          1    34.3360      0.037     2.6458      7.835      98.71     -1.027      -0.06      56351   2347.900    34.3362    27.0926    1484.48    764.000 0.0000e+00
    768.637     5.4771   3.365016          1    34.3363      0.043     2.6475      7.842      82.82     -0.972       0.13      56378   2349.024    34.3363    27.0929    1484.45    763.000 0.0000e+00
    767.628     5.4766   3.364929          1    34.3364      0.046     2.6529      7.810      82.11     -0.714       0.15      56413   2350.516    34.3364    27.0930    1484.44    762.000 0.0000e+00
    766.619     5.4765   3.364863          1    34.3363      0.037     2.6490      7.784      99.05     -0.614      -0.02      56452   2352.137    34.3363    27.0929    1484.42    761.000 0.0000e+00
    765.610     5.4848   3.365563          1    34.3361      0.037     2.6483      7.705      98.71     -0.701      -0.08      56485   2353.521    34.3363    27.0919    1484.44    760.000 0.0000e+00
    764.600     5.5082   3.367505          1    34.3342      0.039     2.6474      7.807      98.71     -0.793      -0.04      56516   2354.777    34.3351    27.0881    1484.51    759.000 0.0000e+00
    763.591     5.5229   3.368749          1    34.3336      0.051     2.6511      7.776      69.40     -0.831      -0.06      56544   2355.944    34.3347    27.0861    1484.55    758.000 0.0000e+00
    762.582     5.5310   3.369364          1    34.3327      0.039     2.6629      7.712      98.42     -0.946      -0.16      56567   2356.928    34.3339    27.0844    1484.57    757.000 0.0000e+00
    761.573     5.5306   3.369330          1    34.3333      0.036     2.6610      7.706      98.71     -1.077      -0.12      56589   2357.825    34.3345    27.0849    1484.55    756.000 0.0000e+00
    760.564     5.5613   3.371910          1    34.3314      0.039     2.6629      7.703      98.71     -1.092       0.09      56612   2358.811    34.3331    27.0801    1484.66    755.000 0.0000e+00
    759.554     5.5510   3.370948          1    34.3320      0.046     2.6744      7.748      74.62     -0.720       0.26      56651   2360.399    34.3332    27.0814    1484.60    754.000 0.0000e+00
    758.545     5.5581   3.371588          1    34.3327      0.039     2.6850      7.822     100.18     -0.424      -0.07      56703   2362.574    34.3337    27.0810    1484.61    753.000 0.0000e+00
    757.536     5.5908   3.374271          1    34.3296      0.040     2.6767      7.815      98.71     -0.658      -0.22      56736   2363.968    34.3314    27.0752    1484.72    752.000 0.0000e+00
    756.527     5.5948   3.374568          1    34.3296      0.040     2.6801      7.813      98.71     -0.894      -0.23      56760   2364.977    34.3312    27.0745    1484.72    751.000 0.0000e+00
    755.518     5.5991   3.374893          1    34.3294      0.039     2.6881      7.811      98.71     -1.061      -0.14      56782   2365.878    34.3310    27.0739    1484.72    750.000 0.0000e+00
    754.508     5.6207   3.376723          1    34.3284      0.043     2.6914      7.738      93.26     -1.132      -0.03      56803   2366.760    34.3303    27.0707    1484.79    749.000 0.0000e+00
    753.499     5.6353   3.377889          1    34.3271      0.043     2.6980      7.699      85.60     -1.123       0.05      56826   2367.690    34.3293    27.0681    1484.83    748.000 0.0000e+00
    752.490     5.6423   3.378474          1    34.3271      0.037     2.6979      7.700      98.24     -1.023       0.13      56851   2368.754    34.3292    27.0671    1484.84    747.000 0.0000e+00
    751.481     5.6313   3.377476          1    34.3283      0.047     2.7159      7.701      82.52     -0.580       0.23      56896   2370.617    34.3296    27.0688    1484.78    746.000 0.0000e+00
    750.472     5.6408   3.378228          1    34.3278      0.053     2.7108      7.701      69.77     -0.454      -0.22      56946   2372.715    34.3290    27.0672    1484.80    745.000 0.0000e+00
    749.463     5.6508   3.379042          1    34.3273      0.037     2.7078      7.699      99.09     -0.774      -0.27      56973   2373.829    34.3285    27.0656    1484.83    744.000 0.0000e+00
    748.453     5.6717   3.380791          1    34.3260      0.040     2.6996      7.699      98.71     -0.994      -0.16      56996   2374.780    34.3277    27.0623    1484.89    743.000 0.0000e+00
    747.444     5.6993   3.383083          1    34.3239      0.058     2.7043      7.698      37.00     -1.054       0.01      57019   2375.760    34.3261    27.0577    1484.99    742.000 0.0000e+00
    746.435     5.7337   3.385909          1    34.3208      0.037     2.7046      7.699      98.83     -0.980       0.09      57045   2376.835    34.3237    27.0516    1485.10    741.000 0.0000e+00
    745.426     5.7490   3.387165          1    34.3201      0.040     2.7300      7.700      98.71     -0.885       0.06      57073   2378.003    34.3229    27.0490    1485.15    740.000 0.0000e+00
    744.417     5.7562   3.387722          1    34.3198      0.038     2.7425      7.700      98.71     -0.850       0.03      57102   2379.211    34.3225    27.0478    1485.16    739.000 0.0000e+00
    743.408     5.7584   3.387830          1    34.3196      0.041     2.7614      7.698      91.16     -0.723       0.12      57137   2380.684    34.3219    27.0470    1485.15    738.000 0.0000e+00
    742.399     5.7587   3.387775          1    34.3198      0.044     2.7591      7.698      88.44     -0.561       0.01      57180   2382.456    34.3215    27.0467    1485.13    737.000 0.0000e+00
    741.389     5.7638   3.388192          1    34.3200      0.039     2.7686      7.696      98.68     -0.647      -0.12      57216   2383.947    34.3215    27.0461    1485.14    736.000 0.0000e+00
    740.380     5.7658   3.388310          1    34.3200      0.039     2.7646      7.696      98.72     -0.825      -0.21      57242   2385.038    34.3213    27.0457    1485.13    735.000 0.0000e+00
    739.371     5.7690   3.388493          1    34.3194      0.038     2.7648      7.700      98.71     -1.020      -0.18      57264   2385.952    34.3206    27.0448    1485.12    734.000 0.0000e+00
    738.362     5.7707   3.388565          1    34.3191      0.057     2.7571      7.729      64.06     -1.098       0.01      57287   2386.901    34.3202    27.0442    1485.11    733.000 0.0000e+00
    737.353     5.7686   3.388340          1    34.3193      0.040     2.7661      7.749      95.42     -0.895       0.24      57317   2388.174    34.3203    27.0446    1485.09    732.000 0.0000e+00
    736.344     5.7673   3.388223          1    34.3202      0.039     2.7715      7.695      98.73     -0.596       0.03      57357   2389.824    34.3208    27.0451    1485.07    731.000 0.0000e+00
    735.335     5.7738   3.388657          1    34.3189      0.037     2.7616      7.698      98.71     -0.719      -0.17      57388   2391.123    34.3196    27.0433    1485.07    730.000 0.0000e+00
    734.326     5.7802   3.389139          1    34.3183      0.039     2.7597      7.698      98.71     -0.889      -0.10      57414   2392.220    34.3191    27.0421    1485.08    729.000 0.0000e+00
    733.317     5.7883   3.389683          1    34.3167      0.044     2.7621      7.699      87.49     -0.804       0.16      57447   2393.583    34.3175    27.0399    1485.10    728.000 0.0000e+00
    732.308     5.7990   3.390551          1    34.3160      0.038     2.7624      7.705      99.19     -0.607      -0.04      57484   2395.144    34.3170    27.0381    1485.12    727.000 0.0000e+00
    731.299     5.8305   3.393110          1    34.3129      0.037     2.7755      7.821      98.71     -0.823      -0.26      57510   2396.209    34.3145    27.0322    1485.23    726.000 0.0000e+00
    730.290     5.8452   3.394223          1    34.3108      0.051     2.7757      7.862      68.38     -1.012      -0.08      57534   2397.196    34.3127    27.0290    1485.27    725.000 0.0000e+00
    729.280     5.8295   3.392859          1    34.3125      0.039     2.7917      7.869      94.22     -0.761       0.27      57570   2398.688    34.3137    27.0317    1485.19    724.000 0.0000e+00
    728.271     5.8468   3.394262          1    34.3113      0.044     2.7959      7.872      98.77     -0.554      -0.20      57608   2400.311    34.3125    27.0287    1485.24    723.000 0.0000e+00
    727.262     5.8629   3.395544          1    34.3095      0.041     2.8050      7.871      98.71     -0.863      -0.28      57633   2401.327    34.3112    27.0256    1485.29    722.000 0.0000e+00
    726.253     5.8756   3.396558          1    34.3085      0.038     2.8064      7.880      98.71     -1.030      -0.06      57656   2402.305    34.3102    27.0232    1485.32    721.000 0.0000e+00
    725.244     5.8788   3.396787          1    34.3083      0.041     2.7970      7.866      86.32     -0.858       0.23      57688   2403.622    34.3101    27.0227    1485.32    720.000 0.0000e+00
    724.235     5.8680   3.395877          1    34.3102      0.043     2.8160      7.857      99.11     -0.608      -0.02      57726   2405.203    34.3112    27.0250    1485.26    719.000 0.0000e+00
    723.226     5.8948   3.398014          1    34.3072      0.037     2.8114      7.861      98.71     -0.788      -0.22      57753   2406.350    34.3087    27.0196    1485.34    718.000 0.0000e+00
    722.217     5.9084   3.399048          1    34.3054      0.037     2.8048      7.878      98.71     -0.963      -0.09      57778   2407.368    34.3072    27.0167    1485.38    717.000 0.0000e+00
    721.208     5.8978   3.398185          1    34.3074      0.041     2.8183      7.899      88.46     -0.807       0.22      57811   2408.769    34.3086    27.0192    1485.32    716.000 0.0000e+00
