src/interpolation/Data/CTD/09w9h.cnv
* Sea-Bird SBE 9 Data File:
* FileName = E:\HOBAB2\w9.hex
* Software Version Seasave V 7.22.1
* Temperature SN = 5330
* Conductivity SN = 3693
* Number of Bytes Per Scan = 24
* Number of Voltage Words = 4
* Number of Scans Averaged by the Deck Unit = 1
* NMEA baud rate = 9600
# nquan = 18
# nvalues = 2081                        
# units = specified
# name 0 = prDM: Pressure, Digiquartz [db]
# name 1 = t090C: Temperature [ITS-90, deg C]
# name 2 = c0S/m: Conductivity [S/m]
# name 3 = pumps: Pump Status
# name 4 = sal00: Salinity, Practical [PSU]
# name 5 = seaTurbMtr: Turbidity, Seapoint [FTU]
# name 6 = sbeox0Mg/L: Oxygen, SBE 43 [mg/l]
# name 7 = ph: pH
# name 8 = altM: Altimeter [m]
# name 9 = dz/dtM: Descent Rate [m/s]
# name 10 = accM: Acceleration [m/s^2]
# name 11 = scan: Scan Count
# name 12 = timeS: Time, Elapsed [seconds]
# name 13 = sal00: Salinity, Practical [PSU]
# name 14 = sigma-t00: Density [sigma-t, kg/m^3 ]
# name 15 = svCM: Sound Velocity [Chen-Millero, m/s]
# name 16 = depSM: Depth [salt water, m], lat = 0
# name 17 = flag: flag
# span 0 =      1.005,   1056.469       
# span 1 =     4.2263,    24.4908       
# span 2 =   3.272028,   5.210831       
# span 3 =          1,          1       
# span 4 =    34.2107,    34.8055       
# span 5 =     -0.016,      0.267       
# span 6 =     2.2446,     6.9944       
# span 7 =      7.677,      8.101       
# span 8 =       0.50,     100.84       
# span 9 =     -1.362,      1.352       
# span 10 =      -0.40,       0.42      
# span 11 =      10577,      81282      
# span 12 =    440.686,   3386.728      
# span 13 =    34.2068,    34.8039      
# span 14 =    23.2497,    27.2893      
# span 15 =    1483.70,    1532.93      
# span 16 =      1.000,   1048.000      
# span 17 = 0.0000e+00, 0.0000e+00      
# interval = meters: 1                  
# start_time = Apr 18 2014 00:32:23 [System UTC, header]
# bad_flag = -9.990e-29
*END*
[from data line 2011]
     70.399    21.7389   4.944754          1    34.7795      0.042     6.6364      7.875      98.71     -0.991       0.01      77636   3234.812    34.7812    24.1244    1527.11     70.000 0.0000e+00
     69.393    21.7431   4.945180          1    34.7799      0.047     6.6282      7.875      98.71     -0.918       0.10      77664   3235.968    34.7815    24.1234    1527.11     69.000 0.0000e+00
     68.387    21.7580   4.946403          1    34.7782      0.060     6.6858      7.874      58.63     -0.740       0.13      77699   3237.409    34.7795    24.1178    1527.13     68.000 0.0000e+00
     67.381    21.7853   4.948598          1    34.7734      0.049     6.6630      7.874      90.06     -0.573       0.05      77741   3239.181    34.7752    24.1069    1527.18     67.000 0.0000e+00
     66.375    21.8384   4.953599          1    34.7697      0.057     6.5949      7.874      73.50     -0.539      -0.03      77785   3241.011    34.7722    24.0899    1527.30     66.000 0.0000e+00
     65.369    21.8381   4.953533          1    34.7702      0.061     6.5661      7.874      99.13     -0.682      -0.17      77818   3242.378    34.7723    24.0900    1527.28     65.000 0.0000e+00
     64.364    21.8593   4.955729          1    34.7706      0.070     6.5894      7.874      60.35     -0.881      -0.17      77843   3243.426    34.7728    24.0845    1527.32     64.000 0.0000e+00
     63.358    21.8832   4.958094          1    34.7700      0.048     6.6061      7.874      97.20     -1.004      -0.07      77867   3244.410    34.7726    24.0776    1527.37     63.000 0.0000e+00
     62.352    21.9172   4.961651          1    34.7708      0.067     6.6096      7.874      66.08     -0.994       0.07      77892   3245.460    34.7736    24.0689    1527.44     62.000 0.0000e+00
     61.346    21.9424   4.964122          1    34.7702      0.050     6.6011      7.874      98.32     -0.867       0.12      77922   3246.694    34.7731    24.0616    1527.49     61.000 0.0000e+00
     60.340    21.9896   4.968832          1    34.7691      0.055     6.6245      7.874      98.71     -0.714       0.08      77956   3248.144    34.7726    24.0479    1527.59     60.000 0.0000e+00
     59.334    22.0552   4.975407          1    34.7678      0.058     6.6071      7.873      97.70     -0.656      -0.01      77993   3249.662    34.7719    24.0290    1527.75     59.000 0.0000e+00
     58.329    22.1066   4.980528          1    34.7667      0.079     6.5797      7.873      77.00     -0.710      -0.03      78026   3251.062    34.7711    24.0140    1527.87     58.000 0.0000e+00
     57.323    22.1752   4.987275          1    34.7643      0.060     6.6318      7.872      98.62     -0.709       0.02      78061   3252.494    34.7694    23.9935    1528.03     57.000 0.0000e+00
     56.317    22.2066   4.990273          1    34.7634      0.065     6.6111      7.872      98.71     -0.670       0.04      78098   3254.026    34.7681    23.9836    1528.09     56.000 0.0000e+00
     55.311    22.2709   4.996339          1    34.7596      0.067     6.6237      7.872      98.71     -0.463       0.09      78149   3256.187    34.7644    23.9627    1528.24     55.000 0.0000e+00
     54.305    22.3170   5.000471          1    34.7598      0.081     6.5994      7.870      80.81     -0.009       0.03      78647   3276.905    34.7601    23.9464    1528.34     54.000 0.0000e+00
     53.300    22.3142   5.000187          1    34.7602      0.077     6.5920      7.871      98.63     -0.259       0.05      79040   3293.306    34.7605    23.9475    1528.31     53.000 0.0000e+00
     52.294    22.3377   5.002316          1    34.7581      0.074     6.5941      7.872      98.71     -0.338      -0.15      79127   3296.901    34.7587    23.9395    1528.35     52.000 0.0000e+00
     51.288    22.3771   5.005919          1    34.7546      0.081     6.5931      7.871      98.71     -0.621      -0.14      79162   3298.380    34.7556    23.9261    1528.44     51.000 0.0000e+00
     50.282    22.4070   5.008177          1    34.7482      0.082     6.6072      7.871      98.71     -0.667       0.05      79199   3299.918    34.7498    23.9131    1528.49     50.000 0.0000e+00
     49.277    22.4183   5.008944          1    34.7455      0.089     6.6160      7.871      98.71     -0.537       0.04      79244   3301.785    34.7471    23.9079    1528.50     49.000 0.0000e+00
     48.271    22.4563   5.012542          1    34.7432      0.102     6.6101      7.871      77.80     -0.564      -0.07      79286   3303.539    34.7451    23.8956    1528.58     48.000 0.0000e+00
     47.265    22.5765   5.024862          1    34.7414      0.107     6.6435      7.870      48.99     -0.664      -0.04      79322   3305.031    34.7455    23.8618    1528.87     47.000 0.0000e+00
     46.259    22.6207   5.029187          1    34.7400      0.105     6.5846      7.870      97.54     -0.700      -0.03      79356   3306.450    34.7443    23.8483    1528.97     46.000 0.0000e+00
     45.254    22.6538   5.032386          1    34.7389      0.101     6.5727      7.870      98.73     -0.750      -0.05      79387   3307.766    34.7431    23.8380    1529.04     45.000 0.0000e+00
     44.248    22.6847   5.035250          1    34.7369      0.100     6.5782      7.870      98.71     -0.793      -0.03      79417   3309.011    34.7411    23.8276    1529.10     44.000 0.0000e+00
     43.242    22.7112   5.037661          1    34.7349      0.124     6.5874      7.870      98.71     -0.859      -0.08      79444   3310.142    34.7390    23.8185    1529.15     43.000 0.0000e+00
     42.236    22.7482   5.041140          1    34.7326      0.111     6.5973      7.870      98.71     -0.915      -0.02      79471   3311.236    34.7369    23.8063    1529.22     42.000 0.0000e+00
     41.231    22.7706   5.043210          1    34.7314      0.126     6.6385      7.870      61.62     -0.874       0.09      79500   3312.440    34.7355    23.7988    1529.26     41.000 0.0000e+00
     40.225    22.7838   5.044353          1    34.7306      0.128     6.6080      7.870      55.22     -0.690       0.12      79536   3313.963    34.7342    23.7941    1529.28     40.000 0.0000e+00
     39.219    22.7904   5.045043          1    34.7316      0.105     6.7095      7.869     100.21     -0.626      -0.10      79573   3315.489    34.7347    23.7925    1529.28     39.000 0.0000e+00
     38.214    22.8192   5.048460          1    34.7351      0.107     6.6639      7.869      98.71     -0.825      -0.24      79598   3316.561    34.7386    23.7873    1529.34     38.000 0.0000e+00
     37.208    22.8450   5.051573          1    34.7388      0.095     6.6490      7.869      98.71     -1.031      -0.19      79620   3317.459    34.7425    23.7829    1529.39     37.000 0.0000e+00
     36.202    22.8661   5.053975          1    34.7411      0.098     6.6666      7.869      98.71     -1.136      -0.07      79641   3318.327    34.7446    23.7784    1529.43     36.000 0.0000e+00
     35.196    22.8876   5.056034          1    34.7405      0.103     6.6928      7.869      98.71     -1.146       0.05      79663   3319.233    34.7439    23.7717    1529.47     35.000 0.0000e+00
     34.191    22.9103   5.057919          1    34.7372      0.091     6.7105      7.868      98.01     -1.005       0.19      79689   3320.349    34.7408    23.7628    1529.51     34.000 0.0000e+00
     33.185    22.8969   5.056589          1    34.7391      0.098     6.6997      7.868      95.45     -0.622       0.18      79730   3322.045    34.7414    23.7671    1529.46     33.000 0.0000e+00
     32.179    22.9502   5.061492          1    34.7344      0.109     6.6597      7.868      98.76     -0.555      -0.10      79772   3323.800    34.7374    23.7487    1529.57     32.000 0.0000e+00
     31.174    23.1463   5.079269          1    34.7139      0.101     6.6708      7.867      97.79     -0.717      -0.12      79804   3325.144    34.7196    23.6787    1530.04     31.000 0.0000e+00
     30.168    23.2355   5.086866          1    34.7007      0.116     6.6756      7.866      74.43     -0.817      -0.06      79833   3326.330    34.7079    23.6441    1530.23     30.000 0.0000e+00
     29.162    23.3445   5.096428          1    34.6871      0.124     6.5789      7.866      99.06     -0.913      -0.11      79858   3327.369    34.6957    23.6031    1530.48     29.000 0.0000e+00
     28.157    23.4431   5.105897          1    34.6813      0.115     6.5185      7.865      98.71     -1.021      -0.11      79880   3328.298    34.6909    23.5709    1530.71     28.000 0.0000e+00
     27.151    23.6071   5.121528          1    34.6702      0.155     6.4470      7.864      56.78     -1.101      -0.02      79902   3329.212    34.6818    23.5161    1531.09     27.000 0.0000e+00
     26.145    23.4986   5.111525          1    34.6824      0.115     6.4889      7.865      78.87     -0.956       0.22      79931   3330.412    34.6909    23.5546    1530.81     26.000 0.0000e+00
     25.140    23.5395   5.115037          1    34.6792      0.133     6.5233      7.865      99.66     -0.432       0.12      79983   3332.581    34.6860    23.5390    1530.89     25.000 0.0000e+00
     24.134    23.7070   5.131797          1    34.6753      0.116     6.5292      7.864      98.71     -0.542      -0.22      80027   3334.399    34.6827    23.4875    1531.29     24.000 0.0000e+00
     23.128    23.9329   5.152828          1    34.6544      0.099     6.5231      7.863      98.71     -0.795      -0.17      80055   3335.564    34.6661    23.4084    1531.82     23.000 0.0000e+00
     22.123    24.0174   5.160349          1    34.6454      0.084     6.5880      7.863      98.71     -0.894       0.00      80082   3336.702    34.6575    23.3769    1532.01     22.000 0.0000e+00
     21.117    23.9996   5.158022          1    34.6423      0.104     6.6093      7.863      72.75     -0.786       0.11      80114   3338.055    34.6541    23.3796    1531.94     21.000 0.0000e+00
     20.111    23.8457   5.143846          1    34.6642      0.086     6.6216      7.863      92.48     -0.618       0.06      80154   3339.694    34.6671    23.4349    1531.56     20.000 0.0000e+00
     19.106    23.9564   5.154432          1    34.6559      0.082     6.5566      7.862      98.77     -0.657      -0.13      80188   3341.138    34.6613    23.3978    1531.81     19.000 0.0000e+00
     18.100    24.1505   5.173246          1    34.6435      0.125     6.5445      7.861      68.85     -0.843      -0.15      80215   3342.260    34.6526    23.3338    1532.26     18.000 0.0000e+00
     17.095    24.1785   5.176280          1    34.6455      0.089     6.5694      7.860      73.98     -0.860       0.09      80245   3343.500    34.6541    23.3265    1532.32     17.000 0.0000e+00
     16.089    24.1479   5.172997          1    34.6478      0.083     6.5818      7.860      94.92     -0.516       0.14      80292   3345.456    34.6534    23.3352    1532.22     16.000 0.0000e+00
     15.083    24.2987   5.189598          1    34.6557      0.098     6.5683      7.859      70.24     -0.147      -0.00      80397   3349.829    34.6616    23.2964    1532.59     15.000 0.0000e+00
     14.078    24.3964   5.200505          1    34.6646      0.082     6.5707      7.858      98.55     -0.133       0.00      80561   3356.670    34.6681    23.2722    1532.82     14.000 0.0000e+00
     13.072    24.4007   5.200962          1    34.6664      0.105     6.5889      7.857      80.91     -0.497      -0.17      80644   3360.107    34.6685    23.2713    1532.81     13.000 0.0000e+00
     12.067    24.4124   5.202241          1    34.6674      0.095     6.5665      7.857      51.16     -0.627      -0.04      80682   3361.690    34.6693    23.2684    1532.82     12.000 0.0000e+00
     11.061    24.4153   5.202506          1    34.6678      0.078     6.5686      7.857      94.50     -0.631       0.06      80721   3363.318    34.6694    23.2676    1532.82     11.000 0.0000e+00
     10.055    24.4679   5.208500          1    34.6719      0.090     6.6005      7.857      83.25     -0.321       0.07      80787   3366.101    34.6739    23.2553    1532.93     10.000 0.0000e+00
      9.050    24.4690   5.208596          1    34.6727      0.077     6.5472      7.857      99.22     -0.455      -0.18      80845   3368.521    34.6741    23.2551    1532.92      9.000 0.0000e+00
      8.044    24.4700   5.208685          1    34.6731      0.073     6.5316      7.857      98.71     -0.661      -0.05      80881   3369.998    34.6743    23.2549    1532.90      8.000 0.0000e+00
      7.039    24.4708   5.208638          1    34.6727      0.096     6.5590      7.857      42.48     -0.635       0.04      80919   3371.599    34.6737    23.2542    1532.89      7.000 0.0000e+00
      6.033    24.4745   5.209180          1    34.6743      0.089     6.5680      7.857      86.36     -0.624      -0.02      80958   3373.200    34.6752    23.2542    1532.88      6.000 0.0000e+00
      5.028    24.4875   5.210523          1    34.6746      0.079     6.5568      7.857      94.80     -0.596       0.06      80999   3374.916    34.6755    23.2506    1532.90      5.000 0.0000e+00
      4.022    24.4908   5.210831          1    34.6749      0.093     6.5885      7.858      28.16     -0.399       0.09      81060   3377.453    34.6756    23.2497    1532.89      4.000 0.0000e+00
      3.017    24.4901   5.210700          1    34.6751      0.020     6.5521      7.858       0.50     -0.264      -0.08      81147   3381.074    34.6755    23.2498    1532.87      3.000 0.0000e+00
      2.011    24.4830   5.209883          1    34.6750      0.049     6.5436      7.858       1.40     -0.282       0.03      81224   3384.303    34.6751    23.2517    1532.83      2.000 0.0000e+00
      1.005    24.4843   5.209967          1    34.6750     -0.016     6.5855      7.864       1.41     -0.498      -0.33      81282   3386.728    34.6751    23.2513    1532.82      1.000 0.0000e+00
