src/interpolation/Data/CTD/10w10h.cnv
* Sea-Bird SBE 9 Data File:
* FileName = E:\HOBAB2\w10.hex
* Software Version Seasave V 7.22.1
* Temperature SN = 5330
* Conductivity SN = 3693
* Number of Bytes Per Scan = 24
* Number of Voltage Words = 4
* Number of Scans Averaged by the Deck Unit = 1
* NMEA baud rate = 4800
# nquan = 18
# nvalues = 2087                        
# units = specified
# name 0 = prDM: Pressure, Digiquartz [db]
# name 1 = t090C: Temperature [ITS-90, deg C]
# name 2 = c0S/m: Conductivity [S/m]
# name 3 = pumps: Pump Status
# name 4 = sal00: Salinity, Practical [PSU]
# name 5 = seaTurbMtr: Turbidity, Seapoint [FTU]
# name 6 = sbeox0Mg/L: Oxygen, SBE 43 [mg/l]
# name 7 = ph: pH
# name 8 = altM: Altimeter [m]
# name 9 = dz/dtM: Descent Rate [m/s]
# name 10 = accM: Acceleration [m/s^2]
# name 11 = scan: Scan Count
# name 12 = timeS: Time, Elapsed [seconds]
# name 13 = sal00: Salinity, Practical [PSU]
# name 14 = sigma-t00: Density [sigma-t, kg/m^3 ]
# name 15 = svCM: Sound Velocity [Chen-Millero, m/s]
# name 16 = depSM: Depth [salt water, m], lat = 0
# name 17 = flag: flag
# span 0 =      1.005,   1052.427       
# span 1 =     4.3189,    24.9567       
# span 2 =   3.279564,   5.263838       
# span 3 =          1,          1       
# span 4 =    34.2189,    34.8063       
# span 5 =     -0.009,      0.215       
# span 6 =     2.2807,     6.8990       
# span 7 =      7.641,      8.137       
# span 8 =      -1.00,     101.00       
# span 9 =     -1.159,      1.116       
# span 10 =      -0.39,       0.40      
# span 11 =       9886,     116969      
# span 12 =    411.886,   4873.659      
# span 13 =    34.2154,    34.8064      
# span 14 =    23.1245,    27.2749      
# span 15 =    1483.03,    1534.09      
# span 16 =      1.000,   1044.000      
# span 17 = 0.0000e+00, 0.0000e+00      
# interval = meters: 1                  
# start_time = Apr 18 2014 03:44:03 [System UTC, header]
# bad_flag = -9.990e-29
*END*
[from data line 805]
    812.039     5.0176   3.327924          1    34.3605      0.034     2.4992      7.714      99.05      0.702       0.24      49289   2053.685    34.3597    27.1656    1483.34    806.000 0.0000e+00
    813.049     4.9614   3.323253          1    34.3652      0.037     2.4978      7.715      98.71      0.880       0.08      49316   2054.799    34.3630    27.1747    1483.13    807.000 0.0000e+00
    814.058     4.9439   3.321796          1    34.3662      0.060     2.4976      7.714      50.00      0.856      -0.09      49346   2056.038    34.3637    27.1772    1483.08    808.000 0.0000e+00
    815.068     4.9347   3.321062          1    34.3665      0.037     2.4735      7.714      98.02      0.654      -0.12      49384   2057.645    34.3642    27.1787    1483.06    809.000 0.0000e+00
    816.077     4.9325   3.320926          1    34.3661      0.039     2.4628      7.715      96.18      0.529      -0.02      49430   2059.543    34.3643    27.1790    1483.06    810.000 0.0000e+00
    817.087     4.9382   3.321472          1    34.3655      0.036     2.4520      7.712      98.69      0.520      -0.01      49477   2061.488    34.3643    27.1783    1483.10    811.000 0.0000e+00
    818.096     4.9337   3.321125          1    34.3655      0.044     2.4667      7.712      82.18      0.524       0.07      49522   2063.365    34.3645    27.1790    1483.10    812.000 0.0000e+00
    819.106     4.9253   3.320491          1    34.3663      0.043     2.4678      7.711      98.98      0.712       0.21      49553   2064.647    34.3652    27.1805    1483.08    813.000 0.0000e+00
    820.115     4.9246   3.320472          1    34.3661      0.037     2.4677      7.711      98.71      0.909       0.12      49578   2065.704    34.3652    27.1806    1483.10    814.000 0.0000e+00
    821.125     4.9130   3.319537          1    34.3669      0.047     2.4666      7.713      74.61      0.827      -0.18      49610   2067.050    34.3658    27.1824    1483.07    815.000 0.0000e+00
    822.134     4.9127   3.319544          1    34.3665      0.036     2.4557      7.714      98.53      0.384      -0.03      49664   2069.307    34.3657    27.1824    1483.08    816.000 0.0000e+00
    823.144     4.9029   3.318779          1    34.3673      0.045     2.4557      7.712      98.70      0.612       0.14      49703   2070.912    34.3664    27.1841    1483.06    817.000 0.0000e+00
    824.153     4.9007   3.318645          1    34.3675      0.040     2.4547      7.710      94.47      0.649      -0.07      49741   2072.509    34.3666    27.1845    1483.07    818.000 0.0000e+00
    825.163     4.9099   3.319465          1    34.3665      0.050     2.4485      7.712      86.56      0.560       0.06      49783   2074.230    34.3661    27.1830    1483.12    819.000 0.0000e+00
    826.172     4.8982   3.318517          1    34.3673      0.037     2.4429      7.711      98.78      0.750       0.16      49813   2075.487    34.3668    27.1849    1483.09    820.000 0.0000e+00
    827.182     4.8927   3.318091          1    34.3677      0.037     2.4545      7.720      94.82      0.826      -0.04      49843   2076.742    34.3670    27.1857    1483.09    821.000 0.0000e+00
    828.191     4.8859   3.317567          1    34.3681      0.058     2.4545      7.711      75.83      0.606      -0.13      49884   2078.476    34.3674    27.1868    1483.08    822.000 0.0000e+00
    829.201     4.8911   3.318054          1    34.3676      0.040     2.4449      7.778      93.31      0.461      -0.01      49936   2080.630    34.3672    27.1860    1483.11    823.000 0.0000e+00
    830.210     4.8873   3.317778          1    34.3679      0.054     2.4343      7.839      55.82      0.540       0.14      49979   2082.434    34.3675    27.1867    1483.12    824.000 0.0000e+00
    831.220     4.8758   3.316859          1    34.3688      0.037     2.4363      7.725      99.08      0.776       0.21      50008   2083.615    34.3681    27.1885    1483.09    825.000 0.0000e+00
    832.229     4.8775   3.317027          1    34.3684      0.037     2.4470      7.712      94.00      0.905       0.02      50035   2084.739    34.3679    27.1881    1483.11    826.000 0.0000e+00
    833.239     4.8774   3.317088          1    34.3685      0.037     2.4403      7.720      98.52      0.720      -0.18      50071   2086.251    34.3681    27.1883    1483.13    827.000 0.0000e+00
    834.249     4.8768   3.317084          1    34.3685      0.044     2.4427      7.730      76.67      0.466      -0.04      50122   2088.362    34.3682    27.1884    1483.14    828.000 0.0000e+00
    835.258     4.8779   3.317221          1    34.3684      0.035     2.4513      7.728      99.26      0.521       0.10      50168   2090.277    34.3682    27.1883    1483.16    829.000 0.0000e+00
    836.268     4.8908   3.318375          1    34.3675      0.036     2.4459      7.711      98.71      0.674       0.07      50203   2091.740    34.3677    27.1864    1483.23    830.000 0.0000e+00
    837.277     4.9084   3.319861          1    34.3657      0.038     2.4424      7.709      87.76      0.643      -0.07      50241   2093.341    34.3663    27.1834    1483.32    831.000 0.0000e+00
    838.287     4.9088   3.319971          1    34.3661      0.037     2.4494      7.740      96.15      0.660       0.13      50276   2094.787    34.3666    27.1835    1483.34    832.000 0.0000e+00
    839.296     4.9087   3.320000          1    34.3661      0.042     2.4498      7.712      83.58      0.836       0.13      50303   2095.935    34.3666    27.1835    1483.35    833.000 0.0000e+00
    840.306     4.9128   3.320384          1    34.3658      0.041     2.4577      7.748      91.06      0.639      -0.21      50345   2097.648    34.3663    27.1828    1483.39    834.000 0.0000e+00
    841.316     4.9177   3.320845          1    34.3655      0.046     2.4581      7.735      84.29      0.401       0.12      50401   2100.020    34.3660    27.1821    1483.42    835.000 0.0000e+00
    842.325     4.9193   3.321019          1    34.3655      0.036     2.4574      7.722      98.77      0.600       0.07      50441   2101.674    34.3659    27.1818    1483.45    836.000 0.0000e+00
    843.335     4.9181   3.320948          1    34.3656      0.044     2.4594      7.717      77.09      0.670       0.05      50477   2103.151    34.3659    27.1819    1483.46    837.000 0.0000e+00
    844.344     4.9182   3.320999          1    34.3656      0.043     2.4564      7.706      83.74      0.744       0.05      50509   2104.484    34.3659    27.1819    1483.47    838.000 0.0000e+00
    845.354     4.9225   3.321413          1    34.3653      0.035     2.4550      7.727      98.51      0.776      -0.00      50540   2105.794    34.3656    27.1812    1483.51    839.000 0.0000e+00
    846.364     4.9224   3.321447          1    34.3654      0.044     2.4549      7.861      69.32      0.623      -0.14      50581   2107.504    34.3656    27.1812    1483.53    840.000 0.0000e+00
    847.373     4.9231   3.321532          1    34.3652      0.041     2.4591      7.854      88.23      0.360       0.02      50641   2110.006    34.3655    27.1810    1483.54    841.000 0.0000e+00
    848.383     4.9127   3.320717          1    34.3663      0.044     2.4625      7.871      98.99      0.592       0.23      50680   2111.624    34.3663    27.1828    1483.52    842.000 0.0000e+00
    849.393     4.9134   3.320797          1    34.3660      0.036     2.4553      7.904      98.71      0.838       0.17      50707   2112.742    34.3659    27.1825    1483.54    843.000 0.0000e+00
    850.402     4.9013   3.319820          1    34.3670      0.037     2.4530      7.924      98.71      0.883      -0.07      50735   2113.936    34.3666    27.1844    1483.51    844.000 0.0000e+00
    851.412     4.9019   3.319924          1    34.3669      0.037     2.4492      7.913      94.92      0.647      -0.15      50775   2115.602    34.3666    27.1843    1483.53    845.000 0.0000e+00
    852.421     4.9008   3.319835          1    34.3665      0.038     2.4471      7.774      98.99      0.366      -0.01      50835   2118.096    34.3663    27.1842    1483.54    846.000 0.0000e+00
    853.431     4.8857   3.318634          1    34.3680      0.041     2.4488      7.863      84.23      0.551       0.17      50879   2119.907    34.3674    27.1868    1483.50    847.000 0.0000e+00
    854.441     4.8824   3.318405          1    34.3682      0.041     2.4522      7.892      92.82      0.772       0.17      50908   2121.114    34.3677    27.1874    1483.50    848.000 0.0000e+00
    855.450     4.8812   3.318343          1    34.3682      0.033     2.4546      7.808      98.71      0.891       0.05      50934   2122.228    34.3676    27.1875    1483.51    849.000 0.0000e+00
    856.460     4.8830   3.318535          1    34.3680      0.036     2.4449      7.728      93.35      0.846      -0.11      50965   2123.497    34.3676    27.1872    1483.53    850.000 0.0000e+00
    857.470     4.8801   3.318339          1    34.3681      0.040     2.4393      7.724      83.40      0.437      -0.14      51019   2125.748    34.3677    27.1877    1483.54    851.000 0.0000e+00
    858.479     4.8584   3.316483          1    34.3688      0.036     2.4486      7.721      99.11      0.448       0.11      51075   2128.082    34.3681    27.1904    1483.47    852.000 0.0000e+00
    859.489     4.8191   3.313284          1    34.3729      0.035     2.4381      7.720      98.71      0.620       0.12      51112   2129.642    34.3710    27.1972    1483.33    853.000 0.0000e+00
    860.499     4.8206   3.313449          1    34.3723      0.045     2.4325      7.732      74.48      0.780       0.12      51142   2130.871    34.3709    27.1969    1483.35    854.000 0.0000e+00
    861.508     4.8169   3.313176          1    34.3724      0.041     2.4291      7.716      98.31      0.854       0.00      51171   2132.063    34.3711    27.1975    1483.35    855.000 0.0000e+00
    862.518     4.8070   3.312370          1    34.3727      0.039     2.4236      7.770      98.71      0.751      -0.10      51204   2133.471    34.3714    27.1989    1483.33    856.000 0.0000e+00
    863.528     4.7918   3.311159          1    34.3740      0.057     2.4194      7.971      54.90      0.632      -0.03      51243   2135.082    34.3724    27.2014    1483.28    857.000 0.0000e+00
    864.538     4.7910   3.311142          1    34.3738      0.038     2.4126      7.934      90.30      0.563      -0.08      51287   2136.911    34.3726    27.2016    1483.30    858.000 0.0000e+00
    865.547     4.7880   3.310924          1    34.3736      0.033     2.4137      7.845      99.02      0.390      -0.00      51346   2139.355    34.3727    27.2020    1483.30    859.000 0.0000e+00
    866.557     4.7853   3.310775          1    34.3740      0.085     2.4138      7.776      98.71      0.523       0.15      51391   2141.250    34.3732    27.2028    1483.31    860.000 0.0000e+00
    867.567     4.7850   3.310805          1    34.3740      0.034     2.4124      7.967      90.23      0.770       0.27      51418   2142.394    34.3733    27.2029    1483.32    861.000 0.0000e+00
    868.576     4.7852   3.310865          1    34.3740      0.044     2.4119      7.949      73.14      0.990       0.18      51441   2143.335    34.3734    27.2030    1483.34    862.000 0.0000e+00
    869.586     4.7825   3.310681          1    34.3741      0.036     2.4114      7.842      97.71      1.016      -0.12      51467   2144.414    34.3736    27.2034    1483.35    863.000 0.0000e+00
    870.596     4.7860   3.311020          1    34.3737      0.042     2.4122      7.956      87.19      0.553      -0.20      51513   2146.348    34.3734    27.2028    1483.38    864.000 0.0000e+00
    871.606     4.7866   3.311123          1    34.3736      0.037     2.4151      7.871      96.28      0.319      -0.00      51583   2149.248    34.3734    27.2027    1483.40    865.000 0.0000e+00
    872.615     4.7858   3.311095          1    34.3735      0.035     2.4143      7.831      98.86      0.503       0.26      51632   2151.273    34.3734    27.2028    1483.41    866.000 0.0000e+00
    873.625     4.7842   3.311013          1    34.3737      0.040     2.4191      7.853      90.58      0.820       0.30      51656   2152.302    34.3736    27.2032    1483.42    867.000 0.0000e+00
    874.635     4.7831   3.310956          1    34.3738      0.042     2.4108      7.844      86.57      1.035       0.13      51679   2153.239    34.3736    27.2033    1483.43    868.000 0.0000e+00
    875.645     4.7871   3.311346          1    34.3735      0.042     2.4024      7.881      89.28      0.986      -0.16      51706   2154.367    34.3735    27.2028    1483.47    869.000 0.0000e+00
    876.654     4.7908   3.311692          1    34.3731      0.045     2.4201      7.823      85.85      0.591      -0.19      51749   2156.183    34.3732    27.2021    1483.50    870.000 0.0000e+00
    877.664     4.7910   3.311778          1    34.3735      0.043     2.4193      7.808      98.75      0.426       0.03      51805   2158.507    34.3735    27.2023    1483.51    871.000 0.0000e+00
    878.674     4.7945   3.312094          1    34.3728      0.056     2.4186      7.804      64.83      0.482       0.00      51855   2160.597    34.3730    27.2015    1483.55    872.000 0.0000e+00
    879.684     4.7902   3.311775          1    34.3732      0.036     2.4135      7.875      96.66      0.562       0.15      51897   2162.318    34.3732    27.2022    1483.54    873.000 0.0000e+00
    880.694     4.7891   3.311723          1    34.3733      0.041     2.4194      7.898      90.64      0.796       0.23      51924   2163.451    34.3733    27.2024    1483.56    874.000 0.0000e+00
    881.703     4.7892   3.311783          1    34.3733      0.045     2.4159      7.928      81.25      0.976       0.10      51948   2164.449    34.3733    27.2024    1483.58    875.000 0.0000e+00
    882.713     4.7909   3.311958          1    34.3731      0.041     2.4146      7.877      97.10      0.832      -0.22      51981   2165.816    34.3731    27.2021    1483.60    876.000 0.0000e+00
    883.723     4.7887   3.311809          1    34.3733      0.043     2.4141      7.852      85.19      0.411      -0.03      52035   2168.063    34.3732    27.2024    1483.60    877.000 0.0000e+00
    884.733     4.7840   3.311460          1    34.3736      0.043     2.4187      7.845      98.79      0.526       0.06      52081   2169.991    34.3735    27.2031    1483.60    878.000 0.0000e+00
    885.742     4.7858   3.311661          1    34.3735      0.051     2.4102      7.882      57.61      0.588       0.00      52122   2171.710    34.3735    27.2029    1483.63    879.000 0.0000e+00
    886.752     4.7865   3.311758          1    34.3734      0.039     2.4144      7.835      99.60      0.605       0.05      52161   2173.347    34.3734    27.2028    1483.65    880.000 0.0000e+00
    887.762     4.7859   3.311759          1    34.3734      0.036     2.4147      7.836      98.71      0.709       0.07      52195   2174.730    34.3734    27.2029    1483.66    881.000 0.0000e+00
    888.772     4.7840   3.311650          1    34.3737      0.045     2.4152      7.836      98.71      0.751      -0.02      52227   2176.091    34.3736    27.2032    1483.67    882.000 0.0000e+00
    889.782     4.7731   3.310780          1    34.3746      0.041     2.4093      7.838      95.56      0.646      -0.08      52266   2177.691    34.3743    27.2050    1483.64    883.000 0.0000e+00
    890.792     4.7717   3.310697          1    34.3746      0.039     2.4134      7.796      95.07      0.595      -0.00      52306   2179.395    34.3743    27.2051    1483.65    884.000 0.0000e+00
