src/interpolation/Data/CTD/10w10h.cnv
* Sea-Bird SBE 9 Data File:
* FileName = E:\HOBAB2\w10.hex
* Software Version Seasave V 7.22.1
* Temperature SN = 5330
* Conductivity SN = 3693
* Number of Bytes Per Scan = 24
* Number of Voltage Words = 4
* Number of Scans Averaged by the Deck Unit = 1
* NMEA baud rate = 4800
# nquan = 18
# nvalues = 2087                        
# units = specified
# name 0 = prDM: Pressure, Digiquartz [db]
# name 1 = t090C: Temperature [ITS-90, deg C]
# name 2 = c0S/m: Conductivity [S/m]
# name 3 = pumps: Pump Status
# name 4 = sal00: Salinity, Practical [PSU]
# name 5 = seaTurbMtr: Turbidity, Seapoint [FTU]
# name 6 = sbeox0Mg/L: Oxygen, SBE 43 [mg/l]
# name 7 = ph: pH
# name 8 = altM: Altimeter [m]
# name 9 = dz/dtM: Descent Rate [m/s]
# name 10 = accM: Acceleration [m/s^2]
# name 11 = scan: Scan Count
# name 12 = timeS: Time, Elapsed [seconds]
# name 13 = sal00: Salinity, Practical [PSU]
# name 14 = sigma-t00: Density [sigma-t, kg/m^3 ]
# name 15 = svCM: Sound Velocity [Chen-Millero, m/s]
# name 16 = depSM: Depth [salt water, m], lat = 0
# name 17 = flag: flag
# span 0 =      1.005,   1052.427       
# span 1 =     4.3189,    24.9567       
# span 2 =   3.279564,   5.263838       
# span 3 =          1,          1       
# span 4 =    34.2189,    34.8063       
# span 5 =     -0.009,      0.215       
# span 6 =     2.2807,     6.8990       
# span 7 =      7.641,      8.137       
# span 8 =      -1.00,     101.00       
# span 9 =     -1.159,      1.116       
# span 10 =      -0.39,       0.40      
# span 11 =       9886,     116969      
# span 12 =    411.886,   4873.659      
# span 13 =    34.2154,    34.8064      
# span 14 =    23.1245,    27.2749      
# span 15 =    1483.03,    1534.09      
# span 16 =      1.000,   1044.000      
# span 17 = 0.0000e+00, 0.0000e+00      
# interval = meters: 1                  
# start_time = Apr 18 2014 03:44:03 [System UTC, header]
# bad_flag = -9.990e-29
*END*
[from data line 1448]
    643.528     6.7294   3.469164          1    34.2991      0.051     3.1354      7.681      99.30     -0.526      -0.13      82594   3441.371    34.3026    26.9062    1487.32    639.000 0.0000e+00
    642.519     6.9887   3.492775          1    34.2953      0.047     3.1075      7.681      98.71     -0.741      -0.18      82624   3442.612    34.3047    26.8726    1488.31    638.000 0.0000e+00
    641.511     7.0100   3.494584          1    34.2948      0.057     3.1420      7.681      72.34     -0.912      -0.13      82649   3443.653    34.3038    26.8690    1488.38    637.000 0.0000e+00
    640.502     7.0200   3.495452          1    34.2958      0.054     3.1968      7.681      79.57     -0.997      -0.03      82673   3444.662    34.3039    26.8676    1488.40    636.000 0.0000e+00
    639.494     7.0269   3.495921          1    34.2960      0.060     3.2454      7.681      65.01     -0.896       0.17      82703   3445.901    34.3026    26.8657    1488.41    635.000 0.0000e+00
    638.485     6.9793   3.491478          1    34.2976      0.046     3.2894      7.681     100.89     -0.400       0.12      82758   3448.194    34.3017    26.8716    1488.21    634.000 0.0000e+00
    637.476     7.0171   3.494973          1    34.2991      0.045     3.2652      7.681      98.71     -0.532      -0.20      82804   3450.107    34.3030    26.8673    1488.34    633.000 0.0000e+00
    636.468     7.0482   3.497639          1    34.2976      0.064     3.2480      7.680      85.00     -0.772      -0.17      82832   3451.298    34.3018    26.8621    1488.44    632.000 0.0000e+00
    635.459     7.0546   3.498150          1    34.2978      0.046     3.2490      7.680      98.31     -0.903      -0.05      82859   3452.404    34.3015    26.8610    1488.45    631.000 0.0000e+00
    634.451     7.0609   3.498643          1    34.2979      0.059     3.2674      7.681      58.47     -0.840       0.11      82889   3453.668    34.3012    26.8599    1488.45    630.000 0.0000e+00
    633.442     7.0666   3.499106          1    34.2982      0.055     3.2772      7.681      78.58     -0.651       0.10      82927   3455.269    34.3010    26.8589    1488.46    629.000 0.0000e+00
    632.433     7.0671   3.499085          1    34.2987      0.044     3.2837      7.683      99.19     -0.597      -0.06      82967   3456.913    34.3008    26.8587    1488.45    628.000 0.0000e+00
    631.425     7.1053   3.502414          1    34.2970      0.043     3.2845      7.682      98.71     -0.724      -0.09      82999   3458.246    34.2998    26.8526    1488.57    627.000 0.0000e+00
    630.416     7.1380   3.505282          1    34.2959      0.058     3.2792      7.683      59.76     -0.774       0.04      83031   3459.581    34.2992    26.8476    1488.68    626.000 0.0000e+00
    629.408     7.1549   3.506722          1    34.2956      0.061     3.3023      7.682      63.83     -0.633       0.08      83070   3461.206    34.2987    26.8448    1488.73    625.000 0.0000e+00
    628.399     7.1723   3.508272          1    34.2960      0.044     3.3124      7.688      99.21     -0.584      -0.01      83111   3462.920    34.2989    26.8425    1488.78    624.000 0.0000e+00
    627.390     7.1987   3.510583          1    34.2953      0.042     3.3165      7.682      98.71     -0.661      -0.09      83147   3464.401    34.2984    26.8384    1488.87    623.000 0.0000e+00
    626.382     7.2149   3.512003          1    34.2953      0.042     3.3237      7.681      98.71     -0.756      -0.05      83178   3465.713    34.2983    26.8361    1488.91    622.000 0.0000e+00
    625.373     7.2190   3.512342          1    34.2958      0.063     3.3288      7.681      87.32     -0.774       0.01      83209   3467.018    34.2984    26.8356    1488.91    621.000 0.0000e+00
    624.365     7.2241   3.512755          1    34.2961      0.045     3.3360      7.681      92.99     -0.773       0.02      83241   3468.332    34.2983    26.8349    1488.92    620.000 0.0000e+00
    623.356     7.2403   3.514184          1    34.2961      0.055     3.3401      7.682      65.49     -0.699       0.07      83277   3469.819    34.2984    26.8326    1488.96    619.000 0.0000e+00
    622.348     7.2594   3.515862          1    34.2959      0.055     3.3457      7.681      74.25     -0.599       0.02      83317   3471.502    34.2982    26.8298    1489.02    618.000 0.0000e+00
    621.339     7.3100   3.520479          1    34.2959      0.043     3.3547      7.683      98.26     -0.622      -0.02      83356   3473.117    34.2990    26.8233    1489.20    617.000 0.0000e+00
    620.331     7.3423   3.523310          1    34.2950      0.043     3.3524      7.681      98.71     -0.617       0.01      83395   3474.747    34.2983    26.8182    1489.31    616.000 0.0000e+00
    619.322     7.3581   3.524799          1    34.2961      0.045     3.3643      7.681      98.71     -0.693      -0.11      83428   3476.128    34.2993    26.8167    1489.35    615.000 0.0000e+00
    618.314     7.3897   3.527592          1    34.2953      0.055     3.3815      7.680      80.70     -0.832      -0.10      83456   3477.292    34.2989    26.8119    1489.46    614.000 0.0000e+00
    617.305     7.4149   3.529776          1    34.2946      0.047     3.4017      7.680      98.02     -0.885      -0.01      83484   3478.442    34.2983    26.8079    1489.54    613.000 0.0000e+00
    616.297     7.4260   3.530640          1    34.2943      0.042     3.4045      7.681      98.69     -0.778       0.13      83517   3479.825    34.2972    26.8054    1489.56    612.000 0.0000e+00
    615.288     7.4177   3.530222          1    34.2984      0.045     3.4057      7.680      95.06     -0.559       0.06      83559   3481.597    34.3012    26.8098    1489.52    611.000 0.0000e+00
    614.280     7.4768   3.535247          1    34.2944      0.045     3.4132      7.680      88.83     -0.637      -0.09      83596   3483.144    34.2980    26.7988    1489.72    610.000 0.0000e+00
    613.271     7.5175   3.538861          1    34.2936      0.042     3.4179      7.680      98.61     -0.668       0.03      83633   3484.672    34.2975    26.7926    1489.86    609.000 0.0000e+00
    612.263     7.5396   3.540947          1    34.2950      0.040     3.4531      7.680      98.71     -0.661      -0.07      83668   3486.143    34.2987    26.7904    1489.93    608.000 0.0000e+00
    611.254     7.5725   3.543933          1    34.2950      0.048     3.4599      7.680      84.95     -0.806      -0.13      83697   3487.321    34.2991    26.7860    1490.04    607.000 0.0000e+00
    610.246     7.6017   3.546599          1    34.2954      0.042     3.4649      7.679      94.29     -0.873       0.02      83725   3488.504    34.2997    26.7822    1490.14    606.000 0.0000e+00
    609.237     7.6160   3.547923          1    34.2965      0.041     3.4782      7.679      98.60     -0.720       0.13      83761   3489.980    34.3004    26.7807    1490.17    605.000 0.0000e+00
    608.229     7.6164   3.547785          1    34.2960      0.042     3.4789      7.679      98.58     -0.566       0.02      83803   3491.746    34.2990    26.7795    1490.16    604.000 0.0000e+00
    607.220     7.6469   3.550810          1    34.2989      0.057     3.4762      7.681      82.78     -0.633      -0.09      83840   3493.299    34.3020    26.7775    1490.26    603.000 0.0000e+00
    606.212     7.7080   3.556188          1    34.2963      0.053     3.4849      7.679      63.46     -0.717      -0.01      83874   3494.706    34.3005    26.7674    1490.48    602.000 0.0000e+00
    605.203     7.7300   3.558132          1    34.2963      0.052     3.5004      7.679      74.66     -0.612       0.09      83914   3496.372    34.3003    26.7641    1490.54    601.000 0.0000e+00
    604.195     7.7453   3.559485          1    34.2968      0.050     3.5219      7.679      82.77     -0.664      -0.18      83948   3497.783    34.3003    26.7618    1490.59    600.000 0.0000e+00
    603.186     7.8010   3.564213          1    34.2926      0.043     3.5348      7.679      98.07     -0.880      -0.19      83973   3498.822    34.2970    26.7511    1490.78    599.000 0.0000e+00
    602.178     7.8369   3.567280          1    34.2904      0.041     3.5323      7.679      98.58     -0.998      -0.02      83997   3499.848    34.2952    26.7444    1490.89    598.000 0.0000e+00
    601.169     7.8093   3.564798          1    34.2927      0.047     3.5677      7.679      81.28     -0.667       0.25      84038   3501.538    34.2960    26.7491    1490.77    597.000 0.0000e+00
    600.161     7.7926   3.563379          1    34.2956      0.043     3.5848      7.679      99.56     -0.414      -0.17      84091   3503.759    34.2977    26.7529    1490.70    596.000 0.0000e+00
    599.153     7.8548   3.568624          1    34.2905      0.042     3.5554      7.686      98.71     -0.689      -0.13      84124   3505.138    34.2935    26.7405    1490.91    595.000 0.0000e+00
    598.144     7.8701   3.569789          1    34.2884      0.042     3.5626      7.686      98.71     -0.738       0.04      84158   3506.527    34.2915    26.7366    1490.95    594.000 0.0000e+00
    597.136     7.8718   3.569853          1    34.2884      0.046     3.5892      7.678      92.14     -0.732      -0.07      84190   3507.857    34.2910    26.7360    1490.94    593.000 0.0000e+00
    596.127     7.8728   3.569856          1    34.2883      0.048     3.6075      7.678      85.56     -0.850      -0.12      84217   3508.979    34.2905    26.7355    1490.92    592.000 0.0000e+00
    595.119     7.8747   3.569899          1    34.2877      0.039     3.5956      7.679      98.06     -0.903       0.05      84244   3510.135    34.2896    26.7344    1490.91    591.000 0.0000e+00
    594.110     7.8660   3.569129          1    34.2890      0.039     3.6099      7.679      98.71     -0.623       0.18      84285   3511.853    34.2903    26.7363    1490.87    590.000 0.0000e+00
    593.102     7.8716   3.569557          1    34.2888      0.046     3.6017      7.684      84.45     -0.491      -0.07      84333   3513.841    34.2899    26.7351    1490.87    589.000 0.0000e+00
    592.094     7.9015   3.572000          1    34.2857      0.040     3.5935      7.678      98.86     -0.668      -0.15      84367   3515.266    34.2873    26.7287    1490.96    588.000 0.0000e+00
    591.085     7.9204   3.573532          1    34.2837      0.039     3.5919      7.680      98.71     -0.797      -0.03      84397   3516.521    34.2857    26.7246    1491.02    587.000 0.0000e+00
    590.077     7.9239   3.573773          1    34.2837      0.052     3.6245      7.679      70.25     -0.730       0.09      84432   3517.954    34.2853    26.7238    1491.01    586.000 0.0000e+00
    589.069     7.9254   3.573860          1    34.2838      0.039     3.6350      7.675      99.17     -0.655      -0.03      84468   3519.461    34.2852    26.7235    1491.00    585.000 0.0000e+00
    588.060     7.9390   3.574970          1    34.2829      0.037     3.6403      7.674      98.71     -0.751      -0.07      84500   3520.771    34.2843    26.7208    1491.04    584.000 0.0000e+00
    587.052     7.9575   3.576460          1    34.2810      0.051     3.6481      7.674      53.21     -0.746       0.06      84533   3522.164    34.2827    26.7167    1491.09    583.000 0.0000e+00
    586.043     7.9665   3.577012          1    34.2786      0.041     3.6668      7.710      99.14     -0.606       0.07      84573   3523.849    34.2802    26.7135    1491.10    582.000 0.0000e+00
    585.035     7.9862   3.578644          1    34.2773      0.038     3.6794      7.806      95.34     -0.613      -0.08      84612   3525.449    34.2789    26.7095    1491.16    581.000 0.0000e+00
    584.027     8.0337   3.582577          1    34.2724      0.036     3.6809      7.680      98.71     -0.737      -0.09      84644   3526.772    34.2750    26.6994    1491.32    580.000 0.0000e+00
    583.018     8.0514   3.584096          1    34.2717      0.037     3.6886      7.677      98.71     -0.818      -0.05      84672   3527.978    34.2745    26.6964    1491.37    579.000 0.0000e+00
    582.010     8.0694   3.585650          1    34.2712      0.042     3.7252      7.732      83.30     -0.814       0.06      84703   3529.266    34.2740    26.6933    1491.42    578.000 0.0000e+00
    581.002     8.0486   3.583837          1    34.2736      0.035     3.7547      7.679      98.89     -0.523       0.14      84750   3531.208    34.2753    26.6975    1491.32    577.000 0.0000e+00
    579.993     8.0723   3.585714          1    34.2710      0.048     3.7544      7.677      73.75     -0.517      -0.20      84795   3533.066    34.2727    26.6919    1491.39    576.000 0.0000e+00
    578.985     8.1135   3.589648          1    34.2723      0.044     3.7393      7.677      84.57     -0.806      -0.27      84820   3534.145    34.2750    26.6875    1491.53    575.000 0.0000e+00
    577.977     8.1427   3.592401          1    34.2730      0.036     3.7385      7.677      98.62     -1.008      -0.14      84843   3535.098    34.2764    26.6842    1491.63    574.000 0.0000e+00
    576.968     8.1692   3.594896          1    34.2742      0.035     3.7554      7.677      98.71     -1.032       0.07      84868   3536.117    34.2776    26.6812    1491.71    573.000 0.0000e+00
    575.960     8.1533   3.593281          1    34.2740      0.051     3.7703      7.677      61.69     -0.825       0.20      84900   3537.477    34.2764    26.6826    1491.64    572.000 0.0000e+00
    574.952     8.1194   3.590088          1    34.2748      0.037     3.7727      7.681      98.41     -0.384       0.09      84958   3539.890    34.2758    26.6872    1491.49    571.000 0.0000e+00
    573.943     8.1715   3.594779          1    34.2737      0.038     3.7537      7.677      98.75     -0.497      -0.23      85007   3541.911    34.2755    26.6792    1491.67    570.000 0.0000e+00
    572.935     8.2091   3.597624          1    34.2670      0.033     3.7640      7.677      98.71     -0.802      -0.32      85032   3542.975    34.2696    26.6689    1491.79    569.000 0.0000e+00
    571.927     8.2167   3.597920          1    34.2635      0.034     3.7575      7.684      98.71     -1.042      -0.20      85054   3543.866    34.2658    26.6647    1491.80    568.000 0.0000e+00
    570.919     8.2239   3.597887          1    34.2565      0.041     3.7668      7.677      74.29     -1.131      -0.00      85076   3544.779    34.2590    26.6583    1491.80    567.000 0.0000e+00
    569.910     8.2249   3.598133          1    34.2585      0.033     3.8225      7.823      97.87     -0.964       0.23      85104   3545.961    34.2611    26.6598    1491.79    566.000 0.0000e+00
    568.902     8.2069   3.597051          1    34.2663      0.033     3.8723      7.722      94.64     -0.567       0.14      85148   3547.799    34.2675    26.6676    1491.71    565.000 0.0000e+00
    567.894     8.2204   3.597986          1    34.2638      0.039     3.8459      7.677      82.68     -0.411       0.02      85205   3550.158    34.2648    26.6634    1491.74    564.000 0.0000e+00
    566.885     8.2448   3.599727          1    34.2588      0.034     3.8186      7.679      99.48     -0.548      -0.23      85247   3551.899    34.2601    26.6560    1491.81    563.000 0.0000e+00
    565.877     8.2663   3.600900          1    34.2504      0.045     3.8279      7.679      53.87     -0.847      -0.31      85271   3552.906    34.2521    26.6465    1491.87    562.000 0.0000e+00
    564.869     8.2612   3.600052          1    34.2470      0.040     3.8517      7.679      67.21     -1.060      -0.17      85292   3553.809    34.2485    26.6445    1491.82    561.000 0.0000e+00
