src/interpolation/Data/CTD/10w10h.cnv
* Sea-Bird SBE 9 Data File:
* FileName = E:\HOBAB2\w10.hex
* Software Version Seasave V 7.22.1
* Temperature SN = 5330
* Conductivity SN = 3693
* Number of Bytes Per Scan = 24
* Number of Voltage Words = 4
* Number of Scans Averaged by the Deck Unit = 1
* NMEA baud rate = 4800
# nquan = 18
# nvalues = 2087                        
# units = specified
# name 0 = prDM: Pressure, Digiquartz [db]
# name 1 = t090C: Temperature [ITS-90, deg C]
# name 2 = c0S/m: Conductivity [S/m]
# name 3 = pumps: Pump Status
# name 4 = sal00: Salinity, Practical [PSU]
# name 5 = seaTurbMtr: Turbidity, Seapoint [FTU]
# name 6 = sbeox0Mg/L: Oxygen, SBE 43 [mg/l]
# name 7 = ph: pH
# name 8 = altM: Altimeter [m]
# name 9 = dz/dtM: Descent Rate [m/s]
# name 10 = accM: Acceleration [m/s^2]
# name 11 = scan: Scan Count
# name 12 = timeS: Time, Elapsed [seconds]
# name 13 = sal00: Salinity, Practical [PSU]
# name 14 = sigma-t00: Density [sigma-t, kg/m^3 ]
# name 15 = svCM: Sound Velocity [Chen-Millero, m/s]
# name 16 = depSM: Depth [salt water, m], lat = 0
# name 17 = flag: flag
# span 0 =      1.005,   1052.427       
# span 1 =     4.3189,    24.9567       
# span 2 =   3.279564,   5.263838       
# span 3 =          1,          1       
# span 4 =    34.2189,    34.8063       
# span 5 =     -0.009,      0.215       
# span 6 =     2.2807,     6.8990       
# span 7 =      7.641,      8.137       
# span 8 =      -1.00,     101.00       
# span 9 =     -1.159,      1.116       
# span 10 =      -0.39,       0.40      
# span 11 =       9886,     116969      
# span 12 =    411.886,   4873.659      
# span 13 =    34.2154,    34.8064      
# span 14 =    23.1245,    27.2749      
# span 15 =    1483.03,    1534.09      
# span 16 =      1.000,   1044.000      
# span 17 = 0.0000e+00, 0.0000e+00      
# interval = meters: 1                  
# start_time = Apr 18 2014 03:44:03 [System UTC, header]
# bad_flag = -9.990e-29
*END*
[from data line 965]
    973.614     4.4512   3.287357          1    34.3924      0.042     2.3232      7.763      98.82      0.620       0.20      55825   2325.995    34.3924    27.2550    1483.73    966.000 0.0000e+00
    974.624     4.4493   3.287246          1    34.3927      0.054     2.3257      7.734      63.32      0.706      -0.07      55860   2327.464    34.3926    27.2553    1483.74    967.000 0.0000e+00
    975.635     4.4516   3.287463          1    34.3922      0.044     2.3157      7.719      99.36      0.271      -0.07      55935   2330.589    34.3922    27.2548    1483.76    968.000 0.0000e+00
    976.645     4.4517   3.287523          1    34.3923      0.054     2.3199      7.710      76.84      0.365       0.06      56009   2333.678    34.3923    27.2549    1483.78    969.000 0.0000e+00
    977.655     4.4500   3.287432          1    34.3925      0.042     2.3204      7.711      99.43      0.580       0.21      56048   2335.312    34.3925    27.2552    1483.79    970.000 0.0000e+00
    978.665     4.4478   3.287285          1    34.3926      0.045     2.3205      7.704      98.71      0.786       0.07      56078   2336.556    34.3925    27.2555    1483.80    971.000 0.0000e+00
    979.676     4.4488   3.287408          1    34.3925      0.052     2.3190      7.698      81.92      0.381      -0.13      56141   2339.179    34.3924    27.2553    1483.82    972.000 0.0000e+00
    980.686     4.4491   3.287482          1    34.3925      0.049     2.3212      7.692      99.35      0.358       0.15      56225   2342.654    34.3925    27.2553    1483.84    973.000 0.0000e+00
    981.696     4.4408   3.286826          1    34.3932      0.045     2.3239      7.689      88.60      0.567       0.12      56266   2344.358    34.3929    27.2565    1483.82    974.000 0.0000e+00
    982.706     4.4463   3.287331          1    34.3927      0.047     2.3213      7.732      89.92      0.739       0.09      56297   2345.671    34.3927    27.2557    1483.86    975.000 0.0000e+00
    983.717     4.4478   3.287509          1    34.3927      0.050     2.3168      7.689      98.35      0.634      -0.15      56337   2347.347    34.3927    27.2556    1483.88    976.000 0.0000e+00
    984.727     4.4416   3.287007          1    34.3928      0.051     2.3163      7.697      80.50      0.452      -0.03      56392   2349.618    34.3927    27.2563    1483.87    977.000 0.0000e+00
    985.737     4.4362   3.286523          1    34.3924      0.045     2.3189      7.720      78.55      0.181       0.02      56484   2353.443    34.3922    27.2564    1483.87    978.000 0.0000e+00
    986.747     4.4330   3.286410          1    34.3939      0.048     2.3167      7.685      99.16      0.590       0.25      56524   2355.136    34.3936    27.2579    1483.87    979.000 0.0000e+00
    987.758     4.4400   3.287014          1    34.3930      0.045     2.3147      7.702      92.08      0.842       0.16      56551   2356.246    34.3930    27.2566    1483.92    980.000 0.0000e+00
    988.768     4.4421   3.287239          1    34.3929      0.042     2.3064      7.764      98.31      0.768      -0.17      56585   2357.678    34.3929    27.2564    1483.94    981.000 0.0000e+00
    989.778     4.4425   3.287324          1    34.3929      0.049     2.3091      7.683      86.91      0.454      -0.04      56637   2359.850    34.3930    27.2564    1483.96    982.000 0.0000e+00
    990.789     4.4435   3.287434          1    34.3926      0.044     2.3175      7.691      99.22      0.299      -0.05      56710   2362.871    34.3927    27.2561    1483.98    983.000 0.0000e+00
    991.799     4.4341   3.286699          1    34.3935      0.039     2.3128      7.679      98.71      0.460       0.19      56769   2365.343    34.3933    27.2576    1483.96    984.000 0.0000e+00
    992.809     4.4105   3.284763          1    34.3954      0.043     2.3197      7.684      93.95      0.672       0.06      56804   2366.799    34.3946    27.2612    1483.88    985.000 0.0000e+00
    993.820     4.4123   3.284917          1    34.3947      0.045     2.3110      7.673      98.76      0.628      -0.06      56843   2368.432    34.3941    27.2606    1483.91    986.000 0.0000e+00
    994.830     4.4094   3.284743          1    34.3951      0.050     2.3119      7.704      92.13      0.615       0.01      56883   2370.079    34.3946    27.2612    1483.91    987.000 0.0000e+00
    995.840     4.4063   3.284525          1    34.3952      0.044     2.3064      7.682      92.19      0.515      -0.08      56931   2372.066    34.3947    27.2616    1483.91    988.000 0.0000e+00
    996.851     4.4049   3.284447          1    34.3951      0.051     2.3079      7.682      81.76      0.322      -0.01      57000   2374.961    34.3947    27.2619    1483.92    989.000 0.0000e+00
    997.861     4.4047   3.284480          1    34.3951      0.051     2.3061      7.674      99.25      0.437       0.08      57058   2377.393    34.3949    27.2620    1483.94    990.000 0.0000e+00
    998.871     4.4049   3.284547          1    34.3952      0.044     2.2991      7.683      98.71      0.609       0.14      57097   2378.984    34.3950    27.2620    1483.96    991.000 0.0000e+00
    999.882     4.4102   3.285051          1    34.3948      0.039     2.2968      7.682      98.71      0.756       0.07      57128   2380.283    34.3948    27.2613    1484.00    992.000 0.0000e+00
   1000.892     4.4124   3.285282          1    34.3947      0.050     2.3054      7.668      81.99      0.756      -0.06      57161   2381.663    34.3947    27.2611    1484.02    993.000 0.0000e+00
   1001.902     4.4119   3.285285          1    34.3947      0.048     2.3045      7.677      85.12      0.365      -0.12      57224   2384.303    34.3948    27.2611    1484.04    994.000 0.0000e+00
   1002.913     4.4238   3.286332          1    34.3938      0.040     2.3075      7.682      98.91      0.399       0.19      57295   2387.230    34.3941    27.2593    1484.10    995.000 0.0000e+00
   1003.923     4.4143   3.285560          1    34.3945      0.046     2.3052      7.678      79.49      0.592       0.03      57335   2388.918    34.3945    27.2606    1484.08    996.000 0.0000e+00
   1004.934     4.4152   3.285682          1    34.3944      0.049     2.3098      7.694      73.25      0.636       0.05      57372   2390.476    34.3945    27.2605    1484.10    997.000 0.0000e+00
   1005.944     4.4104   3.285315          1    34.3948      0.044     2.3057      7.667      94.01      0.661      -0.05      57410   2392.036    34.3947    27.2612    1484.10    998.000 0.0000e+00
   1006.954     4.4105   3.285370          1    34.3948      0.046     2.3053      7.718      97.69      0.493      -0.05      57458   2394.060    34.3947    27.2612    1484.12    999.000 0.0000e+00
   1007.965     4.4200   3.286284          1    34.3949      0.047     2.3049      7.681      87.32      0.433      -0.04      57514   2396.367    34.3951    27.2605    1484.17   1000.000 0.0000e+00
   1008.975     4.4320   3.287274          1    34.3932      0.051     2.3092      7.684      83.42      0.447       0.06      57569   2398.664    34.3937    27.2581    1484.24   1001.000 0.0000e+00
   1009.985     4.4408   3.288055          1    34.3926      0.052     2.3105      7.677      67.70      0.456      -0.02      57622   2400.858    34.3932    27.2568    1484.29   1002.000 0.0000e+00
   1010.996     4.4414   3.288148          1    34.3927      0.053     2.3167      7.674      69.41      0.531       0.16      57666   2402.715    34.3932    27.2567    1484.31   1003.000 0.0000e+00
   1012.006     4.4402   3.288103          1    34.3930      0.052     2.3194      7.695      74.94      0.735       0.08      57698   2404.040    34.3933    27.2569    1484.32   1004.000 0.0000e+00
   1013.017     4.4356   3.287755          1    34.3934      0.050     2.3110      7.801      80.94      0.529      -0.15      57745   2406.020    34.3935    27.2576    1484.32   1005.000 0.0000e+00
   1014.027     4.4289   3.287189          1    34.3935      0.050     2.3140      7.775      79.45      0.325       0.14      57814   2408.856    34.3934    27.2582    1484.31   1006.000 0.0000e+00
   1015.038     4.4286   3.287239          1    34.3938      0.062     2.3069      7.741      48.09      0.592       0.08      57853   2410.507    34.3937    27.2585    1484.32   1007.000 0.0000e+00
   1016.048     4.4332   3.287676          1    34.3935      0.069     2.3152      7.682      55.30      0.565      -0.04      57896   2412.303    34.3936    27.2579    1484.36   1008.000 0.0000e+00
   1017.058     4.4329   3.287687          1    34.3934      0.065     2.3124      7.681      54.24      0.590       0.08      57936   2413.973    34.3935    27.2578    1484.37   1009.000 0.0000e+00
   1018.069     4.4248   3.287033          1    34.3940      0.052     2.3166      7.682      75.93      0.718       0.05      57969   2415.351    34.3938    27.2590    1484.36   1010.000 0.0000e+00
   1019.079     4.4227   3.286931          1    34.3945      0.064     2.3081      7.707      64.46      0.463      -0.16      58021   2417.502    34.3943    27.2596    1484.37   1011.000 0.0000e+00
   1020.090     4.4247   3.287122          1    34.3940      0.061     2.3079      7.672      65.06      0.484       0.27      58072   2419.608    34.3939    27.2591    1484.39   1012.000 0.0000e+00
   1021.100     4.4328   3.287838          1    34.3932      0.055     2.3093      7.677      69.24      0.765       0.11      58101   2420.853    34.3934    27.2577    1484.44   1013.000 0.0000e+00
   1022.111     4.4384   3.288379          1    34.3932      0.066     2.3104      7.676      57.92      0.462      -0.18      58153   2423.016    34.3934    27.2572    1484.48   1014.000 0.0000e+00
   1023.121     4.4405   3.288587          1    34.3929      0.068     2.3130      7.671      52.41      0.494       0.25      58205   2425.168    34.3932    27.2568    1484.51   1015.000 0.0000e+00
   1024.132     4.4397   3.288571          1    34.3930      0.059     2.3121      7.675      63.24      0.743       0.11      58236   2426.463    34.3933    27.2569    1484.52   1016.000 0.0000e+00
   1025.142     4.4423   3.288813          1    34.3927      0.073     2.3161      7.670      46.94      0.715      -0.11      58272   2427.949    34.3930    27.2564    1484.55   1017.000 0.0000e+00
   1026.153     4.4471   3.289241          1    34.3921      0.065     2.3077      7.675      57.00      0.471      -0.06      58323   2430.072    34.3924    27.2555    1484.58   1018.000 0.0000e+00
   1027.163     4.4415   3.288821          1    34.3927      0.075     2.3076      7.673      56.81      0.411       0.00      58380   2432.478    34.3928    27.2563    1484.58   1019.000 0.0000e+00
   1028.173     4.4445   3.289111          1    34.3925      0.071     2.3149      7.673      42.49      0.542       0.15      58424   2434.310    34.3926    27.2559    1484.60   1020.000 0.0000e+00
   1029.184     4.4427   3.289025          1    34.3928      0.076     2.3122      7.672      42.07      0.734       0.12      58456   2435.617    34.3930    27.2563    1484.61   1021.000 0.0000e+00
   1030.194     4.4391   3.288770          1    34.3933      0.074     2.3119      7.672      35.91      0.800      -0.02      58487   2436.901    34.3933    27.2570    1484.62   1022.000 0.0000e+00
   1031.205     4.4378   3.288697          1    34.3933      0.074     2.3149      7.672      38.13      0.539      -0.16      58534   2438.860    34.3932    27.2571    1484.63   1023.000 0.0000e+00
   1032.216     4.4406   3.288969          1    34.3930      0.079     2.3137      7.672      38.81      0.364       0.10      58597   2441.516    34.3931    27.2567    1484.66   1024.000 0.0000e+00
   1033.226     4.4429   3.289205          1    34.3928      0.072     2.3151      7.672      37.78      0.523       0.01      58644   2443.443    34.3929    27.2563    1484.68   1025.000 0.0000e+00
   1034.237     4.4139   3.286779          1    34.3947      0.070     2.3131      7.672      36.83      0.566       0.10      58685   2445.165    34.3941    27.2604    1484.58   1026.000 0.0000e+00
   1035.247     4.3967   3.285413          1    34.3966      0.074     2.3159      7.673      36.02      0.769       0.20      58714   2446.365    34.3954    27.2633    1484.53   1027.000 0.0000e+00
   1036.258     4.3946   3.285261          1    34.3962      0.078     2.3074      7.673      34.91      0.816      -0.11      58745   2447.680    34.3952    27.2634    1484.54   1028.000 0.0000e+00
   1037.268     4.3894   3.284902          1    34.3968      0.079     2.2974      7.671      33.46      0.308      -0.06      58806   2450.210    34.3960    27.2645    1484.53   1029.000 0.0000e+00
   1038.279     4.3825   3.284340          1    34.3969      0.080     2.2913      7.670      32.68      0.583       0.09      58848   2451.959    34.3960    27.2653    1484.52   1030.000 0.0000e+00
   1039.289     4.3823   3.284369          1    34.3967      0.080     2.2957      7.671      31.40      0.430      -0.10      58903   2454.234    34.3961    27.2654    1484.54   1031.000 0.0000e+00
   1040.300     4.3835   3.284520          1    34.3965      0.078     2.2942      7.670      30.56      0.486       0.19      58953   2456.339    34.3961    27.2653    1484.56   1032.000 0.0000e+00
   1041.310     4.3799   3.284266          1    34.3968      0.080     2.2960      7.669      29.71      0.732       0.13      58984   2457.634    34.3964    27.2658    1484.56   1033.000 0.0000e+00
   1042.321     4.3767   3.284044          1    34.3970      0.080     2.2940      7.671      28.51      0.605      -0.15      59027   2459.400    34.3966    27.2663    1484.56   1034.000 0.0000e+00
   1043.331     4.3797   3.284330          1    34.3965      0.081     2.2951      7.669      27.07      0.065       0.05      59147   2464.418    34.3963    27.2659    1484.59   1035.000 0.0000e+00
   1044.342     4.3700   3.283570          1    34.3973      0.076     2.2982      7.669      26.39      0.425       0.03      59219   2467.407    34.3970    27.2674    1484.57   1036.000 0.0000e+00
   1045.353     4.3706   3.283663          1    34.3972      0.076     2.2959      7.670      25.14      0.363      -0.07      59282   2470.050    34.3970    27.2673    1484.59   1037.000 0.0000e+00
   1046.363     4.3721   3.283845          1    34.3970      0.078     2.2981      7.659      23.78      0.144       0.07      59410   2475.378    34.3970    27.2672    1484.61   1038.000 0.0000e+00
   1047.374     4.3679   3.283475          1    34.3967      0.078     2.2955      7.659      22.96      0.329       0.02      59486   2478.548    34.3966    27.2673    1484.61   1039.000 0.0000e+00
   1048.384     4.3456   3.281669          1    34.3987      0.079     2.2960      7.658      22.00      0.273      -0.03      59566   2481.868    34.3980    27.2709    1484.54   1040.000 0.0000e+00
   1049.395     4.3357   3.280879          1    34.3991      0.074     2.2836      7.663      20.90      0.204      -0.01      59676   2486.471    34.3985    27.2723    1484.52   1041.000 0.0000e+00
   1050.405     4.3343   3.280834          1    34.3989      0.078     2.2860      7.675      19.60      0.022      -0.01      60259   2510.746    34.3989    27.2728    1484.52   1042.000 0.0000e+00
   1051.416     4.3365   3.281050          1    34.3986      0.077     2.2847      7.688      18.05      0.126      -0.06      62073   2586.320    34.3986    27.2723    1484.55   1043.000 0.0000e+00
   1052.427     4.3290   3.280461          1    34.3991      0.076     2.2807      7.741      16.33      0.179      -0.14      64967   2706.910    34.3990    27.2734    1484.54   1044.000 0.0000e+00
   1051.416     4.3189   3.279564          1    34.3996      0.085     2.2828      7.683      16.56     -0.202       0.12      66501   2770.844    34.3995    27.2749    1484.48   1043.000 0.0000e+00
