src/interpolation/Data/CTD/10w10h.cnv
* Sea-Bird SBE 9 Data File:
* FileName = E:\HOBAB2\w10.hex
* Software Version Seasave V 7.22.1
* Temperature SN = 5330
* Conductivity SN = 3693
* Number of Bytes Per Scan = 24
* Number of Voltage Words = 4
* Number of Scans Averaged by the Deck Unit = 1
* NMEA baud rate = 4800
# nquan = 18
# nvalues = 2087                        
# units = specified
# name 0 = prDM: Pressure, Digiquartz [db]
# name 1 = t090C: Temperature [ITS-90, deg C]
# name 2 = c0S/m: Conductivity [S/m]
# name 3 = pumps: Pump Status
# name 4 = sal00: Salinity, Practical [PSU]
# name 5 = seaTurbMtr: Turbidity, Seapoint [FTU]
# name 6 = sbeox0Mg/L: Oxygen, SBE 43 [mg/l]
# name 7 = ph: pH
# name 8 = altM: Altimeter [m]
# name 9 = dz/dtM: Descent Rate [m/s]
# name 10 = accM: Acceleration [m/s^2]
# name 11 = scan: Scan Count
# name 12 = timeS: Time, Elapsed [seconds]
# name 13 = sal00: Salinity, Practical [PSU]
# name 14 = sigma-t00: Density [sigma-t, kg/m^3 ]
# name 15 = svCM: Sound Velocity [Chen-Millero, m/s]
# name 16 = depSM: Depth [salt water, m], lat = 0
# name 17 = flag: flag
# span 0 =      1.005,   1052.427       
# span 1 =     4.3189,    24.9567       
# span 2 =   3.279564,   5.263838       
# span 3 =          1,          1       
# span 4 =    34.2189,    34.8063       
# span 5 =     -0.009,      0.215       
# span 6 =     2.2807,     6.8990       
# span 7 =      7.641,      8.137       
# span 8 =      -1.00,     101.00       
# span 9 =     -1.159,      1.116       
# span 10 =      -0.39,       0.40      
# span 11 =       9886,     116969      
# span 12 =    411.886,   4873.659      
# span 13 =    34.2154,    34.8064      
# span 14 =    23.1245,    27.2749      
# span 15 =    1483.03,    1534.09      
# span 16 =      1.000,   1044.000      
# span 17 = 0.0000e+00, 0.0000e+00      
# interval = meters: 1                  
# start_time = Apr 18 2014 03:44:03 [System UTC, header]
# bad_flag = -9.990e-29
*END*
[from data line 1046]
   1049.395     4.3590   3.282881          1    34.3972      0.078     2.2811      7.698      18.23     -0.670      -0.01      66492   2770.461    34.3978    27.2692    1484.61   1041.000 0.0000e+00
   1048.384     4.3539   3.282380          1    34.3974      0.082     2.2859      7.698      19.40     -0.331       0.10      66559   2773.235    34.3977    27.2697    1484.57   1040.000 0.0000e+00
   1047.374     4.3488   3.281911          1    34.3979      0.103     2.2903      7.698      20.34     -0.325      -0.01      66638   2776.543    34.3980    27.2705    1484.53   1039.000 0.0000e+00
   1046.363     4.3617   3.282999          1    34.3976      0.078     2.2917      7.697      21.19     -0.419      -0.14      66698   2779.061    34.3979    27.2690    1484.57   1038.000 0.0000e+00
   1045.353     4.3689   3.283494          1    34.3962      0.077     2.2878      7.696      22.01     -0.656      -0.12      66734   2780.523    34.3968    27.2673    1484.58   1037.000 0.0000e+00
   1044.342     4.3648   3.283118          1    34.3968      0.083     2.2855      7.696      23.05     -0.593       0.11      66776   2782.282    34.3971    27.2681    1484.55   1036.000 0.0000e+00
   1043.331     4.3653   3.283106          1    34.3967      0.079     2.2896      7.696      24.10     -0.422       0.02      66832   2784.612    34.3969    27.2679    1484.53   1035.000 0.0000e+00
   1042.321     4.3644   3.282997          1    34.3969      0.079     2.2959      7.696      24.96     -0.502      -0.11      66880   2786.611    34.3971    27.2681    1484.51   1034.000 0.0000e+00
   1041.310     4.3714   3.283549          1    34.3966      0.075     2.2833      7.696      25.81     -0.663      -0.06      66916   2788.107    34.3968    27.2671    1484.53   1033.000 0.0000e+00
   1040.300     4.3697   3.283348          1    34.3965      0.075     2.2888      7.696      26.92     -0.590       0.09      66958   2789.861    34.3967    27.2673    1484.50   1032.000 0.0000e+00
   1039.289     4.3706   3.283385          1    34.3965      0.076     2.2905      7.696      27.87     -0.499      -0.04      67005   2791.838    34.3967    27.2671    1484.49   1031.000 0.0000e+00
   1038.279     4.3681   3.283123          1    34.3967      0.078     2.3007      7.696      28.72     -0.617      -0.04      67044   2793.460    34.3968    27.2674    1484.46   1030.000 0.0000e+00
   1037.268     4.3682   3.283096          1    34.3968      0.075     2.2932      7.696      29.89     -0.533       0.08      67090   2795.371    34.3968    27.2675    1484.45   1029.000 0.0000e+00
   1036.258     4.3682   3.283044          1    34.3967      0.080     2.2965      7.695      30.82     -0.521      -0.09      67136   2797.287    34.3967    27.2674    1484.43   1028.000 0.0000e+00
   1035.247     4.3692   3.283086          1    34.3966      0.080     2.2970      7.695      31.71     -0.578       0.06      67178   2799.050    34.3966    27.2672    1484.42   1027.000 0.0000e+00
   1034.237     4.3685   3.282982          1    34.3966      0.080     2.2958      7.695      32.78     -0.364      -0.01      67237   2801.501    34.3966    27.2673    1484.40   1026.000 0.0000e+00
   1033.226     4.3704   3.283107          1    34.3967      0.075     2.2986      7.696      33.51     -0.629      -0.19      67274   2803.022    34.3967    27.2672    1484.39   1025.000 0.0000e+00
   1032.216     4.3779   3.283675          1    34.3958      0.078     2.2975      7.695      34.49     -0.716       0.06      67308   2804.473    34.3960    27.2658    1484.40   1024.000 0.0000e+00
   1031.205     4.3734   3.283301          1    34.3967      0.077     2.2958      7.695      35.64     -0.491       0.04      67356   2806.469    34.3968    27.2669    1484.37   1023.000 0.0000e+00
   1030.195     4.3747   3.283358          1    34.3966      0.077     2.2954      7.696      36.62     -0.488       0.05      67406   2808.544    34.3966    27.2666    1484.36   1022.000 0.0000e+00
   1029.184     4.3776   3.283569          1    34.3965      0.076     2.2966      7.695      37.48     -0.428      -0.10      67460   2810.798    34.3966    27.2663    1484.35   1021.000 0.0000e+00
   1028.173     4.3998   3.285399          1    34.3949      0.077     2.2928      7.695      38.38     -0.679      -0.17      67493   2812.187    34.3956    27.2631    1484.42   1020.000 0.0000e+00
   1027.163     4.4132   3.286479          1    34.3937      0.090     2.2956      7.695      39.42     -0.739       0.07      67527   2813.603    34.3947    27.2610    1484.46   1019.000 0.0000e+00
   1026.153     4.4013   3.285382          1    34.3945      0.074     2.3020      7.695      40.51     -0.473       0.07      67577   2815.661    34.3948    27.2623    1484.39   1018.000 0.0000e+00
   1025.142     4.4162   3.286625          1    34.3936      0.082     2.3080      7.696      41.42     -0.563      -0.09      67620   2817.457    34.3944    27.2603    1484.44   1017.000 0.0000e+00
   1024.132     4.4275   3.287540          1    34.3929      0.073     2.3065      7.696      42.34     -0.568       0.05      67663   2819.256    34.3938    27.2587    1484.47   1016.000 0.0000e+00
   1023.121     4.4303   3.287775          1    34.3936      0.069     2.3087      7.697      43.30     -0.523      -0.05      67709   2821.153    34.3942    27.2587    1484.46   1015.000 0.0000e+00
   1022.111     4.4326   3.287860          1    34.3928      0.071     2.3052      7.697      44.25     -0.620      -0.02      67748   2822.781    34.3934    27.2578    1484.45   1014.000 0.0000e+00
   1021.100     4.4257   3.287223          1    34.3932      0.067     2.3149      7.697      45.40     -0.459       0.10      67800   2824.941    34.3935    27.2586    1484.41   1013.000 0.0000e+00
   1020.090     4.4275   3.287332          1    34.3932      0.067     2.3145      7.696      46.34     -0.493      -0.19      67848   2826.963    34.3934    27.2584    1484.40   1012.000 0.0000e+00
   1019.079     4.4322   3.287684          1    34.3929      0.075     2.3122      7.696      47.02     -0.752      -0.17      67878   2828.203    34.3932    27.2577    1484.40   1011.000 0.0000e+00
   1018.069     4.4336   3.287754          1    34.3928      0.069     2.3069      7.696      51.16     -0.814       0.06      67909   2829.485    34.3931    27.2575    1484.39   1010.000 0.0000e+00
   1017.058     4.4322   3.287596          1    34.3930      0.062     2.3109      7.696      58.27     -0.521       0.14      67956   2831.463    34.3932    27.2577    1484.37   1009.000 0.0000e+00
   1016.048     4.4319   3.287534          1    34.3931      0.055     2.3091      7.696      68.60     -0.361       0.01      68021   2834.150    34.3933    27.2578    1484.35   1008.000 0.0000e+00
   1015.038     4.4318   3.287460          1    34.3930      0.073     2.3102      7.696      38.69     -0.494      -0.20      68070   2836.202    34.3930    27.2576    1484.33   1007.000 0.0000e+00
   1014.027     4.4279   3.287090          1    34.3932      0.057     2.3107      7.696      74.45     -0.766      -0.19      68099   2837.408    34.3932    27.2581    1484.30   1006.000 0.0000e+00
   1013.017     4.4273   3.287003          1    34.3934      0.052     2.3085      7.696      85.16     -0.852       0.04      68128   2838.629    34.3934    27.2583    1484.28   1005.000 0.0000e+00
   1012.006     4.4267   3.286910          1    34.3934      0.057     2.3157      7.696      73.38     -0.660       0.13      68167   2840.233    34.3934    27.2584    1484.26   1004.000 0.0000e+00
   1010.996     4.4271   3.286905          1    34.3934      0.067     2.3121      7.696      56.89     -0.458       0.10      68220   2842.462    34.3934    27.2584    1484.25   1003.000 0.0000e+00
   1009.986     4.4250   3.286666          1    34.3934      0.054     2.3066      7.695      75.78     -0.301      -0.14      68291   2845.409    34.3933    27.2586    1484.22   1002.000 0.0000e+00
   1008.975     4.4120   3.285524          1    34.3943      0.053     2.3125      7.695      67.20     -0.657      -0.27      68323   2846.750    34.3939    27.2605    1484.15   1001.000 0.0000e+00
   1007.965     4.4092   3.285257          1    34.3947      0.054     2.3147      7.695      75.20     -0.891      -0.15      68348   2847.809    34.3942    27.2610    1484.13   1000.000 0.0000e+00
   1006.954     4.4098   3.285269          1    34.3947      0.060     2.3142      7.695      59.56     -0.922       0.08      68376   2848.959    34.3943    27.2609    1484.11    999.000 0.0000e+00
   1005.944     4.4109   3.285323          1    34.3945      0.055     2.3046      7.694      73.33     -0.490       0.18      68430   2851.196    34.3942    27.2608    1484.10    998.000 0.0000e+00
   1004.934     4.4110   3.285294          1    34.3944      0.048     2.3089      7.693      89.10     -0.279      -0.31      68508   2854.479    34.3943    27.2608    1484.08    997.000 0.0000e+00
   1003.923     4.4110   3.285243          1    34.3944      0.064     2.3066      7.693      64.80     -0.734      -0.33      68534   2855.545    34.3942    27.2608    1484.07    996.000 0.0000e+00
   1002.913     4.4117   3.285261          1    34.3942      0.041     2.3061      7.693      96.04     -0.950      -0.08      68559   2856.590    34.3942    27.2606    1484.05    995.000 0.0000e+00
   1001.902     4.4116   3.285218          1    34.3944      0.057     2.3087      7.693      67.24     -0.667       0.23      68600   2858.280    34.3943    27.2608    1484.04    994.000 0.0000e+00
   1000.892     4.4113   3.285141          1    34.3943      0.061     2.3024      7.693      68.40     -0.337      -0.07      68664   2860.976    34.3942    27.2607    1484.02    993.000 0.0000e+00
    999.882     4.4109   3.285069          1    34.3943      0.045     2.3050      7.693      90.73     -0.533      -0.11      68710   2862.858    34.3943    27.2608    1484.00    992.000 0.0000e+00
    998.871     4.4104   3.284982          1    34.3944      0.049     2.3108      7.694      98.40     -0.606       0.03      68750   2864.538    34.3943    27.2609    1483.98    991.000 0.0000e+00
    997.861     4.4104   3.284941          1    34.3944      0.056     2.3111      7.696      88.30     -0.462       0.02      68800   2866.634    34.3943    27.2609    1483.96    990.000 0.0000e+00
    996.851     4.4097   3.284839          1    34.3944      0.047     2.3095      7.695      90.91     -0.591      -0.07      68841   2868.331    34.3943    27.2610    1483.94    989.000 0.0000e+00
    995.840     4.4102   3.284830          1    34.3943      0.040     2.3098      7.696      96.29     -0.505       0.09      68889   2870.335    34.3943    27.2609    1483.93    988.000 0.0000e+00
    994.830     4.4094   3.284720          1    34.3943      0.052     2.3092      7.697      81.50     -0.469      -0.05      68941   2872.507    34.3943    27.2610    1483.91    987.000 0.0000e+00
    993.820     4.4071   3.284483          1    34.3945      0.040     2.3058      7.702      94.31     -0.498       0.02      68990   2874.536    34.3944    27.2614    1483.88    986.000 0.0000e+00
    992.809     4.4067   3.284403          1    34.3945      0.047     2.3066      7.715      79.97     -0.513      -0.05      69037   2876.485    34.3944    27.2614    1483.86    985.000 0.0000e+00
    991.799     4.4064   3.284346          1    34.3946      0.091     2.3120      7.714      62.25     -0.596      -0.00      69077   2878.186    34.3945    27.2615    1483.85    984.000 0.0000e+00
    990.789     4.4072   3.284366          1    34.3945      0.046     2.3043      7.715      84.73     -0.472       0.06      69129   2880.315    34.3944    27.2614    1483.83    983.000 0.0000e+00
    989.778     4.4068   3.284286          1    34.3945      0.043     2.3070      7.737      94.42     -0.404      -0.01      69187   2882.752    34.3944    27.2614    1483.81    982.000 0.0000e+00
    988.768     4.4063   3.284214          1    34.3946      0.048     2.3060      7.740      86.49     -0.558      -0.14      69230   2884.542    34.3946    27.2616    1483.80    981.000 0.0000e+00
    987.758     4.4059   3.284136          1    34.3947      0.044     2.3070      7.731      88.73     -0.607       0.08      69271   2886.234    34.3946    27.2616    1483.78    980.000 0.0000e+00
    986.747     4.4060   3.284091          1    34.3945      0.042     2.3097      7.745      99.31     -0.400      -0.04      69325   2888.520    34.3945    27.2616    1483.76    979.000 0.0000e+00
    985.737     4.4058   3.284030          1    34.3946      0.046     2.3103      7.746      89.88     -0.583      -0.02      69367   2890.232    34.3945    27.2616    1483.74    978.000 0.0000e+00
    984.727     4.4059   3.284002          1    34.3946      0.045     2.3087      7.747      90.46     -0.357       0.06      69428   2892.771    34.3946    27.2616    1483.73    977.000 0.0000e+00
    983.717     4.4073   3.284077          1    34.3945      0.072     2.3072      7.728      74.95     -0.563      -0.22      69471   2894.588    34.3945    27.2614    1483.72    976.000 0.0000e+00
    982.706     4.4088   3.284154          1    34.3943      0.045     2.3049      7.735      93.95     -0.589       0.12      69512   2896.312    34.3944    27.2611    1483.71    975.000 0.0000e+00
    981.696     4.4089   3.284131          1    34.3944      0.069     2.3060      7.752      61.96     -0.289      -0.16      69577   2899.009    34.3945    27.2612    1483.69    974.000 0.0000e+00
    980.686     4.4150   3.284596          1    34.3939      0.078     2.3083      7.746      92.58     -0.659      -0.16      69611   2900.414    34.3941    27.2602    1483.70    973.000 0.0000e+00
    979.676     4.4160   3.284630          1    34.3938      0.060     2.3102      7.727      98.39     -0.648       0.11      69650   2902.035    34.3940    27.2600    1483.69    972.000 0.0000e+00
    978.665     4.4129   3.284344          1    34.3943      0.045     2.3130      7.707      93.72     -0.430       0.03      69705   2904.335    34.3944    27.2607    1483.65    971.000 0.0000e+00
    977.655     4.4150   3.284449          1    34.3938      0.044     2.3031      7.705      97.06     -0.345       0.01      69771   2907.087    34.3939    27.2601    1483.65    970.000 0.0000e+00
    976.645     4.4186   3.284723          1    34.3937      0.049     2.3071      7.703      82.65     -0.544      -0.17      69816   2908.968    34.3939    27.2597    1483.65    969.000 0.0000e+00
    975.635     4.4198   3.284775          1    34.3935      0.048     2.3109      7.702      86.04     -0.708      -0.04      69850   2910.378    34.3937    27.2594    1483.63    968.000 0.0000e+00
    974.624     4.4199   3.284740          1    34.3936      0.045     2.3071      7.702      98.41     -0.642       0.08      69889   2912.003    34.3938    27.2595    1483.62    967.000 0.0000e+00
    973.614     4.4193   3.284649          1    34.3937      0.050     2.3120      7.702      74.13     -0.414       0.08      69946   2914.385    34.3938    27.2595    1483.60    966.000 0.0000e+00
    972.604     4.4188   3.284559          1    34.3937      0.043     2.3126      7.702      97.60     -0.368      -0.08      70012   2917.120    34.3938    27.2596    1483.58    965.000 0.0000e+00
    971.594     4.4187   3.284496          1    34.3937      0.042     2.3077      7.732      98.76     -0.590      -0.17      70051   2918.761    34.3937    27.2595    1483.56    964.000 0.0000e+00
    970.583     4.4177   3.284369          1    34.3938      0.042     2.3055      7.776      96.77     -0.742      -0.05      70083   2920.098    34.3937    27.2597    1483.54    963.000 0.0000e+00
