src/interpolation/Data/CTD/11w11h.cnv
* Sea-Bird SBE 9 Data File:
* FileName = E:\HOBAB2\w11.hex
* Software Version Seasave V 7.22.1
* Temperature SN = 5330
* Conductivity SN = 3693
* Number of Bytes Per Scan = 24
* Number of Voltage Words = 4
* Number of Scans Averaged by the Deck Unit = 1
* NMEA baud rate = 4800
# nquan = 18
# nvalues = 2108                        
# units = specified
# name 0 = prDM: Pressure, Digiquartz [db]
# name 1 = t090C: Temperature [ITS-90, deg C]
# name 2 = c0S/m: Conductivity [S/m]
# name 3 = pumps: Pump Status
# name 4 = sal00: Salinity, Practical [PSU]
# name 5 = seaTurbMtr: Turbidity, Seapoint [FTU]
# name 6 = sbeox0Mg/L: Oxygen, SBE 43 [mg/l]
# name 7 = ph: pH
# name 8 = altM: Altimeter [m]
# name 9 = dz/dtM: Descent Rate [m/s]
# name 10 = accM: Acceleration [m/s^2]
# name 11 = scan: Scan Count
# name 12 = timeS: Time, Elapsed [seconds]
# name 13 = sal00: Salinity, Practical [PSU]
# name 14 = sigma-t00: Density [sigma-t, kg/m^3 ]
# name 15 = svCM: Sound Velocity [Chen-Millero, m/s]
# name 16 = depSM: Depth [salt water, m], lat = 0
# name 17 = flag: flag
# span 0 =      1.005,   1066.576       
# span 1 =     4.1385,    25.0604       
# span 2 =   3.264818,   5.275934       
# span 3 =          1,          1       
# span 4 =    34.2340,    34.8083       
# span 5 =      0.025,      0.178       
# span 6 =     2.2292,     6.8941       
# span 7 =      7.636,      8.101       
# span 8 =       1.43,     105.47       
# span 9 =     -1.137,      1.047       
# span 10 =      -0.42,       0.33      
# span 11 =       9647,     113692      
# span 12 =    401.926,   4737.119      
# span 13 =    34.2324,    34.8070      
# span 14 =    23.1114,    27.3017      
# span 15 =    1483.03,    1534.37      
# span 16 =      1.000,   1058.000      
# span 17 = 0.0000e+00, 0.0000e+00      
# interval = meters: 1                  
# start_time = Apr 18 2014 05:31:02 [System UTC, header]
# bad_flag = -9.990e-29
*END*
[from data line 403]
    413.684    12.6608   4.023310          1    34.4393      0.031     5.0282      7.968      98.71      0.547       0.13      28684   1195.108    34.4381    26.0248    1505.23    411.000 0.0000e+00
    414.691    12.6255   4.019962          1    34.4397      0.043     5.0105      7.968      54.35      0.723       0.07      28716   1196.467    34.4378    26.0315    1505.13    412.000 0.0000e+00
    415.699    12.5743   4.014878          1    34.4382      0.031     5.0089      7.968      98.38      0.575      -0.15      28760   1198.279    34.4354    26.0397    1504.97    413.000 0.0000e+00
    416.706    12.5298   4.010322          1    34.4350      0.031     4.9754      7.968      98.71      0.494       0.14      28807   1200.240    34.4319    26.0457    1504.83    414.000 0.0000e+00
    417.714    12.4780   4.005063          1    34.4323      0.033     4.9713      7.968      98.71      0.715       0.14      28839   1201.566    34.4283    26.0530    1504.67    415.000 0.0000e+00
    418.722    12.4593   4.003212          1    34.4309      0.031     4.9514      7.968      98.19      0.781      -0.02      28870   1202.881    34.4272    26.0558    1504.62    416.000 0.0000e+00
    419.729    12.4547   4.002796          1    34.4300      0.034     4.9764      7.968      92.09      0.601      -0.14      28913   1204.649    34.4270    26.0566    1504.62    417.000 0.0000e+00
    420.737    12.4440   4.001728          1    34.4284      0.030     4.9867      7.969      99.38      0.319       0.04      28977   1207.346    34.4261    26.0579    1504.60    418.000 0.0000e+00
    421.744    12.4225   3.999611          1    34.4273      0.031     4.9807      7.969      98.71      0.579       0.16      29018   1209.038    34.4250    26.0613    1504.54    419.000 0.0000e+00
    422.752    12.4010   3.997474          1    34.4261      0.031     4.9743      7.969      98.71      0.721       0.07      29051   1210.398    34.4236    26.0643    1504.48    420.000 0.0000e+00
    423.759    12.3465   3.992001          1    34.4240      0.038     4.9666      7.969      75.79      0.802       0.08      29080   1211.610    34.4204    26.0725    1504.31    421.000 0.0000e+00
    424.767    12.3143   3.988760          1    34.4220      0.038     4.9666      7.969      70.21      0.845      -0.02      29109   1212.827    34.4182    26.0769    1504.22    422.000 0.0000e+00
    425.775    12.3023   3.987588          1    34.4207      0.033     4.9585      7.970      97.10      0.619      -0.16      29151   1214.565    34.4175    26.0787    1504.19    423.000 0.0000e+00
    426.782    12.2808   3.985492          1    34.4192      0.036     4.9533      7.970      91.01      0.347       0.01      29214   1217.208    34.4165    26.0821    1504.13    424.000 0.0000e+00
    427.790    12.2570   3.983211          1    34.4185      0.035     4.9413      7.970      98.82      0.505       0.09      29263   1219.241    34.4159    26.0862    1504.07    425.000 0.0000e+00
    428.797    12.2292   3.980570          1    34.4183      0.032     4.9308      7.969      98.71      0.648       0.12      29298   1220.723    34.4155    26.0912    1503.99    426.000 0.0000e+00
    429.805    12.1901   3.976746          1    34.4174      0.031     4.9399      7.970      98.71      0.813       0.17      29326   1221.876    34.4139    26.0976    1503.87    427.000 0.0000e+00
    430.813    12.1580   3.973544          1    34.4158      0.037     4.9264      7.970      83.20      0.926       0.02      29352   1222.966    34.4120    26.1022    1503.78    428.000 0.0000e+00
    431.820    12.1315   3.970889          1    34.4138      0.037     4.9127      7.970      87.07      0.646      -0.22      29393   1224.686    34.4102    26.1059    1503.70    429.000 0.0000e+00
    432.828    12.0903   3.966777          1    34.4112      0.039     4.9079      7.971      64.54      0.327       0.10      29457   1227.351    34.4078    26.1119    1503.57    430.000 0.0000e+00
    433.835    12.0382   3.961710          1    34.4102      0.030     4.8897      7.971      99.17      0.591       0.14      29497   1228.991    34.4062    26.1206    1503.41    431.000 0.0000e+00
    434.843    12.0063   3.958536          1    34.4082      0.032     4.8739      7.971      95.07      0.684      -0.02      29532   1230.475    34.4042    26.1251    1503.32    432.000 0.0000e+00
    435.851    11.9778   3.955568          1    34.4052      0.033     4.8547      7.971      98.76      0.614      -0.01      29571   1232.104    34.4012    26.1282    1503.23    433.000 0.0000e+00
    436.858    11.9305   3.950935          1    34.4036      0.030     4.8743      7.971      98.71      0.668       0.04      29607   1233.597    34.3992    26.1356    1503.08    434.000 0.0000e+00
    437.866    11.9185   3.949782          1    34.4023      0.031     4.8671      7.971      98.71      0.582      -0.11      29650   1235.370    34.3987    26.1375    1503.06    435.000 0.0000e+00
    438.874    11.9164   3.949665          1    34.4019      0.031     4.8506      7.971      98.71      0.519       0.11      29695   1237.235    34.3990    26.1382    1503.07    436.000 0.0000e+00
    439.881    11.9131   3.949401          1    34.4016      0.035     4.8703      7.972      85.84      0.731       0.16      29725   1238.513    34.3991    26.1388    1503.07    437.000 0.0000e+00
    440.889    11.8859   3.946755          1    34.4007      0.037     4.8535      7.972      74.86      0.799      -0.07      29757   1239.826    34.3980    26.1431    1503.00    438.000 0.0000e+00
    441.897    11.8602   3.944300          1    34.3999      0.031     4.8509      7.972     100.04      0.414      -0.11      29811   1242.090    34.3973    26.1474    1502.92    439.000 0.0000e+00
    442.904    11.8442   3.942795          1    34.3992      0.031     4.8377      7.972      98.71      0.510       0.13      29860   1244.109    34.3969    26.1502    1502.88    440.000 0.0000e+00
    443.912    11.8224   3.940809          1    34.3996      0.031     4.8392      7.972      95.18      0.627       0.02      29898   1245.707    34.3972    26.1545    1502.83    441.000 0.0000e+00
    444.920    11.7930   3.938104          1    34.4002      0.033     4.8400      7.972      94.11      0.653       0.04      29934   1247.222    34.3976    26.1603    1502.74    442.000 0.0000e+00
    445.927    11.7399   3.932961          1    34.3995      0.030     4.8351      7.973      98.78      0.748       0.09      29965   1248.519    34.3959    26.1690    1502.57    443.000 0.0000e+00
    446.935    11.6814   3.927245          1    34.3982      0.031     4.8193      7.973      92.94      0.804      -0.02      29996   1249.789    34.3937    26.1782    1502.39    444.000 0.0000e+00
    447.943    11.6646   3.925684          1    34.3973      0.037     4.7820      7.974      87.99      0.608      -0.15      30038   1251.536    34.3935    26.1812    1502.35    445.000 0.0000e+00
    448.951    11.6547   3.924984          1    34.3982      0.038     4.7638      7.974      76.95      0.362       0.01      30099   1254.095    34.3954    26.1845    1502.33    446.000 0.0000e+00
    449.958    11.6424   3.924047          1    34.3996      0.032     4.7547      7.974      97.62      0.530       0.14      30145   1255.995    34.3971    26.1882    1502.31    447.000 0.0000e+00
    450.966    11.5390   3.914046          1    34.3991      0.031     4.7443      7.975      98.72      0.675       0.03      30180   1257.468    34.3943    26.2053    1501.96    448.000 0.0000e+00
    451.974    11.4920   3.909522          1    34.3980      0.034     4.7399      7.975      98.71      0.701       0.02      30214   1258.891    34.3930    26.2129    1501.81    449.000 0.0000e+00
    452.981    11.4842   3.908744          1    34.3966      0.034     4.7106      7.975      94.73      0.747       0.04      30246   1260.219    34.3922    26.2138    1501.80    450.000 0.0000e+00
    453.989    11.4788   3.908193          1    34.3951      0.038     4.6842      7.976      80.29      0.758      -0.03      30279   1261.577    34.3913    26.2141    1501.80    451.000 0.0000e+00
    454.997    11.4782   3.908177          1    34.3941      0.032     4.6837      7.977      98.11      0.482      -0.14      30330   1263.695    34.3914    26.2142    1501.81    452.000 0.0000e+00
    456.005    11.4648   3.906811          1    34.3921      0.043     4.6854      7.977      80.20      0.385       0.11      30391   1266.266    34.3899    26.2155    1501.78    453.000 0.0000e+00
    457.012    11.4374   3.904237          1    34.3921      0.032     4.6790      7.977      98.75      0.630       0.16      30428   1267.774    34.3896    26.2204    1501.70    454.000 0.0000e+00
    458.020    11.4158   3.902147          1    34.3912      0.037     4.6872      7.978      89.82      0.730      -0.01      30461   1269.168    34.3885    26.2235    1501.64    455.000 0.0000e+00
    459.028    11.3713   3.897804          1    34.3899      0.046     4.6921      7.978      53.87      0.703      -0.01      30495   1270.602    34.3866    26.2303    1501.50    456.000 0.0000e+00
    460.036    11.3372   3.894485          1    34.3888      0.032     4.6702      7.979      98.20      0.701      -0.01      30530   1272.046    34.3852    26.2354    1501.40    457.000 0.0000e+00
    461.043    11.3034   3.891174          1    34.3871      0.037     4.6431      7.979      86.23      0.641      -0.06      30569   1273.664    34.3835    26.2402    1501.30    458.000 0.0000e+00
    462.051    11.2841   3.889389          1    34.3865      0.037     4.6320      7.980      88.90      0.426      -0.05      30623   1275.910    34.3834    26.2438    1501.25    459.000 0.0000e+00
    463.059    11.2711   3.888130          1    34.3853      0.035     4.6266      7.980      90.08      0.543       0.13      30668   1277.771    34.3826    26.2455    1501.22    460.000 0.0000e+00
    464.067    11.2462   3.885718          1    34.3842      0.043     4.6303      7.980      59.55      0.618      -0.04      30707   1279.423    34.3815    26.2492    1501.14    461.000 0.0000e+00
    465.074    11.2320   3.884435          1    34.3841      0.037     4.6203      7.981      88.70      0.572       0.04      30749   1281.147    34.3815    26.2518    1501.11    462.000 0.0000e+00
    466.082    11.2206   3.883359          1    34.3835      0.036     4.5972      7.981      86.27      0.694       0.11      30782   1282.538    34.3812    26.2536    1501.09    463.000 0.0000e+00
    467.090    11.2051   3.881854          1    34.3826      0.034     4.6196      7.981      98.50      0.794       0.04      30812   1283.791    34.3802    26.2557    1501.05    464.000 0.0000e+00
    468.098    11.1701   3.878385          1    34.3808      0.042     4.6222      7.982      72.47      0.705      -0.14      30848   1285.311    34.3780    26.2603    1500.94    465.000 0.0000e+00
    469.106    11.1417   3.875691          1    34.3800      0.033     4.6017      7.982      99.95      0.352      -0.03      30909   1287.822    34.3774    26.2650    1500.86    466.000 0.0000e+00
    470.113    11.0762   3.869257          1    34.3779      0.033     4.6075      7.983      98.50      0.547       0.16      30953   1289.664    34.3742    26.2744    1500.64    467.000 0.0000e+00
    471.121    11.0169   3.863562          1    34.3770      0.044     4.5797      7.983      61.89      0.680      -0.01      30989   1291.152    34.3725    26.2838    1500.45    468.000 0.0000e+00
    472.129    11.0095   3.862894          1    34.3761      0.031     4.5573      7.983      99.94      0.644       0.04      31025   1292.675    34.3723    26.2850    1500.44    469.000 0.0000e+00
    473.137    10.9949   3.861445          1    34.3747      0.038     4.5477      7.983      89.19      0.761       0.08      31056   1293.955    34.3712    26.2867    1500.40    470.000 0.0000e+00
    474.145    10.9897   3.860970          1    34.3738      0.034     4.5366      7.984      98.07      0.711      -0.12      31092   1295.454    34.3708    26.2874    1500.40    471.000 0.0000e+00
    475.152    10.9872   3.860739          1    34.3727      0.041     4.5528      7.984      85.60      0.398      -0.03      31147   1297.758    34.3704    26.2876    1500.41    472.000 0.0000e+00
    476.160    10.9615   3.858272          1    34.3717      0.036     4.5475      7.985      97.23      0.563       0.17      31189   1299.514    34.3695    26.2914    1500.33    473.000 0.0000e+00
    477.168    10.9160   3.853898          1    34.3711      0.034     4.5318      7.985      98.69      0.734       0.05      31222   1300.860    34.3680    26.2984    1500.19    474.000 0.0000e+00
    478.176    10.8752   3.849768          1    34.3681      0.047     4.5245      7.986      61.21      0.649      -0.11      31261   1302.479    34.3645    26.3030    1500.06    475.000 0.0000e+00
    479.184    10.8375   3.845541          1    34.3609      0.035     4.5219      7.987      95.83      0.459      -0.02      31311   1304.596    34.3572    26.3041    1499.93    476.000 0.0000e+00
    480.192    10.8080   3.842496          1    34.3576      0.043     4.5262      7.987      69.89      0.566       0.14      31353   1306.332    34.3539    26.3068    1499.84    477.000 0.0000e+00
    481.200    10.7551   3.836680          1    34.3495      0.040     4.5416      7.987      82.29      0.747       0.11      31384   1307.609    34.3450    26.3092    1499.66    478.000 0.0000e+00
    482.207    10.7335   3.834662          1    34.3486      0.035     4.5249      7.987      97.94      0.761      -0.08      31417   1308.994    34.3446    26.3127    1499.60    479.000 0.0000e+00
    483.215    10.6759   3.827774          1    34.3342      0.033     4.6089      7.988      98.71      0.505      -0.08      31464   1310.961    34.3291    26.3109    1499.39    480.000 0.0000e+00
    484.223    10.5445   3.814489          1    34.3256      0.033     4.5940      7.988      97.41      0.519       0.02      31511   1312.922    34.3186    26.3258    1498.93    481.000 0.0000e+00
    485.231    10.4873   3.808540          1    34.3187      0.039     4.6547      7.989      91.11      0.515       0.02      31557   1314.846    34.3121    26.3308    1498.74    482.000 0.0000e+00
    486.239    10.3711   3.796517          1    34.3086      0.033     4.7063      7.989      98.80      0.655       0.15      31592   1316.311    34.2999    26.3415    1498.32    483.000 0.0000e+00
    487.247    10.2881   3.787787          1    34.2987      0.037     4.6991      7.989      82.62      0.765       0.00      31624   1317.633    34.2894    26.3477    1498.03    484.000 0.0000e+00
    488.255    10.2606   3.784935          1    34.2939      0.034     4.7377      7.989      91.54      0.637      -0.10      31663   1319.259    34.2860    26.3498    1497.94    485.000 0.0000e+00
    489.263    10.2530   3.784284          1    34.2925      0.030     4.7890      7.989      98.70      0.589       0.03      31704   1320.957    34.2861    26.3512    1497.93    486.000 0.0000e+00
    490.270    10.2499   3.784114          1    34.2919      0.039     4.7869      7.989      66.67      0.593      -0.04      31745   1322.678    34.2868    26.3523    1497.94    487.000 0.0000e+00
    491.278    10.2423   3.783499          1    34.2913      0.030     4.7691      7.989      99.28      0.497      -0.02      31793   1324.680    34.2874    26.3540    1497.93    488.000 0.0000e+00
    492.286    10.1891   3.778248          1    34.2885      0.029     4.7673      7.990      95.61      0.576       0.11      31834   1326.383    34.2839    26.3605    1497.75    489.000 0.0000e+00
