src/interpolation/Data/CTD/11w11h.cnv
* Sea-Bird SBE 9 Data File:
* FileName = E:\HOBAB2\w11.hex
* Software Version Seasave V 7.22.1
* Temperature SN = 5330
* Conductivity SN = 3693
* Number of Bytes Per Scan = 24
* Number of Voltage Words = 4
* Number of Scans Averaged by the Deck Unit = 1
* NMEA baud rate = 4800
# nquan = 18
# nvalues = 2108                        
# units = specified
# name 0 = prDM: Pressure, Digiquartz [db]
# name 1 = t090C: Temperature [ITS-90, deg C]
# name 2 = c0S/m: Conductivity [S/m]
# name 3 = pumps: Pump Status
# name 4 = sal00: Salinity, Practical [PSU]
# name 5 = seaTurbMtr: Turbidity, Seapoint [FTU]
# name 6 = sbeox0Mg/L: Oxygen, SBE 43 [mg/l]
# name 7 = ph: pH
# name 8 = altM: Altimeter [m]
# name 9 = dz/dtM: Descent Rate [m/s]
# name 10 = accM: Acceleration [m/s^2]
# name 11 = scan: Scan Count
# name 12 = timeS: Time, Elapsed [seconds]
# name 13 = sal00: Salinity, Practical [PSU]
# name 14 = sigma-t00: Density [sigma-t, kg/m^3 ]
# name 15 = svCM: Sound Velocity [Chen-Millero, m/s]
# name 16 = depSM: Depth [salt water, m], lat = 0
# name 17 = flag: flag
# span 0 =      1.005,   1066.576       
# span 1 =     4.1385,    25.0604       
# span 2 =   3.264818,   5.275934       
# span 3 =          1,          1       
# span 4 =    34.2340,    34.8083       
# span 5 =      0.025,      0.178       
# span 6 =     2.2292,     6.8941       
# span 7 =      7.636,      8.101       
# span 8 =       1.43,     105.47       
# span 9 =     -1.137,      1.047       
# span 10 =      -0.42,       0.33      
# span 11 =       9647,     113692      
# span 12 =    401.926,   4737.119      
# span 13 =    34.2324,    34.8070      
# span 14 =    23.1114,    27.3017      
# span 15 =    1483.03,    1534.37      
# span 16 =      1.000,   1058.000      
# span 17 = 0.0000e+00, 0.0000e+00      
# interval = meters: 1                  
# start_time = Apr 18 2014 05:31:02 [System UTC, header]
# bad_flag = -9.990e-29
*END*
[from data line 885]
    899.880     4.7868   3.312363          1    34.3734      0.043     2.4145      7.717      85.55      0.308       0.02      48489   2020.332    34.3735    27.2028    1483.87    893.000 0.0000e+00
    900.890     4.7820   3.312003          1    34.3738      0.043     2.4148      7.717      80.05      0.420       0.06      48541   2022.488    34.3737    27.2035    1483.86    894.000 0.0000e+00
    901.900     4.7814   3.311994          1    34.3739      0.050     2.4126      7.740      89.77      0.508      -0.01      48589   2024.485    34.3738    27.2037    1483.88    895.000 0.0000e+00
    902.910     4.7526   3.309562          1    34.3756      0.036     2.4146      7.744      98.64      0.397      -0.03      48648   2026.959    34.3748    27.2077    1483.78    896.000 0.0000e+00
    903.920     4.7202   3.306904          1    34.3782      0.040     2.4140      7.777      98.71      0.420       0.09      48706   2029.373    34.3768    27.2129    1483.66    897.000 0.0000e+00
    904.930     4.7033   3.305541          1    34.3795      0.044     2.3966      7.856      98.71      0.592       0.07      48746   2031.052    34.3779    27.2157    1483.61    898.000 0.0000e+00
    905.940     4.7031   3.305573          1    34.3793      0.052     2.3911      7.908      94.85      0.620      -0.02      48785   2032.687    34.3780    27.2158    1483.63    899.000 0.0000e+00
    906.950     4.6688   3.302704          1    34.3814      0.065     2.3844      7.917      62.64      0.651       0.07      48822   2034.202    34.3796    27.2208    1483.51    900.000 0.0000e+00
    907.959     4.6446   3.300720          1    34.3832      0.049     2.3867      7.905      97.38      0.670      -0.07      48859   2035.752    34.3810    27.2247    1483.42    901.000 0.0000e+00
    908.969     4.6405   3.300430          1    34.3830      0.052     2.3749      7.907      98.71      0.473      -0.04      48909   2037.828    34.3813    27.2253    1483.42    902.000 0.0000e+00
    909.979     4.6302   3.299608          1    34.3835      0.061     2.3690      7.902      98.29      0.533       0.06      48954   2039.719    34.3819    27.2270    1483.40    903.000 0.0000e+00
    910.989     4.6241   3.299151          1    34.3839      0.071     2.3695      7.902      90.11      0.633       0.05      48992   2041.290    34.3824    27.2281    1483.39    904.000 0.0000e+00
    911.999     4.6235   3.299151          1    34.3836      0.061     2.3676      7.865      98.72      0.662       0.00      49029   2042.815    34.3825    27.2282    1483.41    905.000 0.0000e+00
    913.009     4.6132   3.298335          1    34.3844      0.070     2.3677      7.890      78.59      0.681       0.02      49064   2044.286    34.3832    27.2299    1483.38    906.000 0.0000e+00
    914.019     4.6139   3.298444          1    34.3842      0.079     2.3667      7.829      82.06      0.694      -0.02      49099   2045.755    34.3832    27.2298    1483.40    907.000 0.0000e+00
    915.029     4.6122   3.298342          1    34.3841      0.069     2.3580      7.770      90.95      0.501      -0.12      49148   2047.777    34.3833    27.2301    1483.41    908.000 0.0000e+00
    916.039     4.6007   3.297428          1    34.3848      0.077     2.3615      7.848      61.83      0.461       0.14      49199   2049.931    34.3839    27.2319    1483.38    909.000 0.0000e+00
    917.049     4.5964   3.297107          1    34.3851      0.074     2.3646      7.884      98.47      0.686       0.12      49233   2051.323    34.3842    27.2325    1483.38    910.000 0.0000e+00
    918.059     4.5977   3.297264          1    34.3848      0.074     2.3624      7.853      87.57      0.723      -0.05      49267   2052.753    34.3841    27.2323    1483.40    911.000 0.0000e+00
    919.069     4.5797   3.295794          1    34.3862      0.077     2.3617      7.767      81.47      0.677       0.03      49302   2054.211    34.3852    27.2352    1483.35    912.000 0.0000e+00
    920.079     4.5795   3.295815          1    34.3859      0.069     2.3606      7.756      97.12      0.751       0.01      49334   2055.560    34.3851    27.2351    1483.36    913.000 0.0000e+00
    921.089     4.5799   3.295894          1    34.3857      0.087     2.3567      7.740      69.86      0.426      -0.14      49388   2057.802    34.3851    27.2351    1483.38    914.000 0.0000e+00
    922.099     4.5765   3.295665          1    34.3859      0.068     2.3512      7.736      99.16      0.554       0.27      49432   2059.636    34.3854    27.2357    1483.38    915.000 0.0000e+00
    923.109     4.5675   3.294941          1    34.3864      0.100     2.3573      7.722      65.61      0.825       0.19      49459   2060.754    34.3858    27.2370    1483.36    916.000 0.0000e+00
    924.119     4.5418   3.292849          1    34.3888      0.073     2.3564      7.716      96.66      0.881      -0.08      49488   2061.964    34.3875    27.2411    1483.28    917.000 0.0000e+00
    925.129     4.5428   3.292949          1    34.3882      0.085     2.3501      7.714      56.83      0.507      -0.15      49535   2063.909    34.3871    27.2408    1483.30    918.000 0.0000e+00
    926.139     4.5375   3.292540          1    34.3882      0.080     2.3481      7.711      72.01      0.591       0.18      49575   2065.576    34.3873    27.2415    1483.29    919.000 0.0000e+00
    927.149     4.5342   3.292323          1    34.3885      0.064     2.3504      7.710      91.72      0.724      -0.00      49608   2066.972    34.3877    27.2422    1483.30    920.000 0.0000e+00
    928.159     4.5288   3.291922          1    34.3888      0.064     2.3434      7.758      82.76      0.559      -0.11      49653   2068.817    34.3880    27.2430    1483.29    921.000 0.0000e+00
    929.169     4.5214   3.291332          1    34.3892      0.049     2.3444      7.691      99.25      0.506       0.13      49698   2070.727    34.3884    27.2441    1483.28    922.000 0.0000e+00
    930.179     4.5226   3.291482          1    34.3890      0.056     2.3414      7.712      83.04      0.737       0.19      49729   2071.989    34.3884    27.2440    1483.30    923.000 0.0000e+00
    931.189     4.5241   3.291660          1    34.3889      0.058     2.3439      7.820      76.05      0.882       0.05      49756   2073.112    34.3884    27.2438    1483.32    924.000 0.0000e+00
    932.199     4.5240   3.291700          1    34.3889      0.047     2.3418      7.755      97.50      0.791      -0.15      49789   2074.486    34.3884    27.2439    1483.34    925.000 0.0000e+00
    933.209     4.5438   3.293415          1    34.3872      0.064     2.3330      7.889      70.31      0.480      -0.08      49838   2076.544    34.3874    27.2409    1483.43    926.000 0.0000e+00
    934.219     4.5462   3.293666          1    34.3872      0.057     2.3439      7.905      89.88      0.496       0.06      49887   2078.585    34.3874    27.2407    1483.46    927.000 0.0000e+00
    935.229     4.5472   3.293795          1    34.3871      0.071     2.3509      7.902      55.79      0.610       0.08      49926   2080.200    34.3874    27.2405    1483.48    928.000 0.0000e+00
    936.239     4.5465   3.293778          1    34.3872      0.059     2.3439      7.903      87.50      0.725       0.07      49958   2081.562    34.3874    27.2406    1483.50    929.000 0.0000e+00
    937.249     4.5473   3.293888          1    34.3871      0.067     2.3417      7.928      76.33      0.744      -0.02      49991   2082.932    34.3873    27.2404    1483.52    930.000 0.0000e+00
    938.259     4.5385   3.293141          1    34.3874      0.057     2.3467      7.923      98.21      0.723      -0.02      50025   2084.343    34.3873    27.2414    1483.50    931.000 0.0000e+00
    939.269     4.4916   3.289234          1    34.3909      0.056     2.3358      7.865      90.95      0.608      -0.10      50066   2086.045    34.3896    27.2484    1483.32    932.000 0.0000e+00
    940.279     4.4901   3.289161          1    34.3910      0.069     2.3369      7.857      60.78      0.570       0.08      50108   2087.775    34.3898    27.2487    1483.33    933.000 0.0000e+00
    941.289     4.4801   3.288353          1    34.3914      0.052     2.3307      7.855      97.83      0.670       0.01      50144   2089.276    34.3903    27.2501    1483.31    934.000 0.0000e+00
    942.299     4.4601   3.286713          1    34.3929      0.060     2.3297      7.882      88.87      0.587      -0.07      50186   2091.024    34.3914    27.2532    1483.25    935.000 0.0000e+00
    943.309     4.4676   3.287378          1    34.3918      0.063     2.3198      7.930      87.63      0.547       0.04      50229   2092.846    34.3908    27.2519    1483.29    936.000 0.0000e+00
    944.319     4.4691   3.287577          1    34.3917      0.085     2.3113      7.930      98.83      0.616       0.03      50268   2094.476    34.3910    27.2519    1483.32    937.000 0.0000e+00
    945.330     4.4717   3.287835          1    34.3913      0.076     2.3205      7.905      57.97      0.630       0.00      50307   2096.073    34.3909    27.2515    1483.34    938.000 0.0000e+00
    946.340     4.4713   3.287840          1    34.3912      0.060     2.3164      7.907      99.72      0.704       0.12      50339   2097.430    34.3908    27.2516    1483.36    939.000 0.0000e+00
    947.350     4.4673   3.287560          1    34.3917      0.058     2.3267      7.842      98.71      0.865       0.14      50365   2098.520    34.3913    27.2523    1483.36    940.000 0.0000e+00
    948.360     4.4696   3.287800          1    34.3915      0.060     2.3272      7.816      98.71      0.919      -0.06      50393   2099.673    34.3912    27.2520    1483.38    941.000 0.0000e+00
    949.370     4.4653   3.287492          1    34.3918      0.061     2.3190      7.780      98.71      0.494      -0.19      50442   2101.713    34.3915    27.2527    1483.38    942.000 0.0000e+00
    950.380     4.4646   3.287477          1    34.3918      0.064     2.3211      7.771      87.82      0.502       0.17      50491   2103.758    34.3915    27.2528    1483.40    943.000 0.0000e+00
    951.390     4.4685   3.287845          1    34.3914      0.053     2.3224      7.765      98.85      0.703       0.13      50523   2105.101    34.3913    27.2522    1483.43    944.000 0.0000e+00
    952.400     4.4698   3.287997          1    34.3913      0.055     2.3242      7.765      98.71      0.852       0.12      50550   2106.229    34.3912    27.2520    1483.45    945.000 0.0000e+00
    953.410     4.4655   3.287676          1    34.3916      0.074     2.3231      7.767      66.93      0.931       0.03      50576   2107.299    34.3915    27.2527    1483.45    946.000 0.0000e+00
    954.421     4.4663   3.287783          1    34.3915      0.058     2.3237      7.762      95.26      0.920      -0.06      50604   2108.438    34.3913    27.2525    1483.47    947.000 0.0000e+00
    955.431     4.4640   3.287644          1    34.3917      0.062     2.3235      7.744      98.61      0.755      -0.14      50638   2109.867    34.3916    27.2529    1483.48    948.000 0.0000e+00
    956.441     4.4628   3.287584          1    34.3918      0.067     2.3246      7.738      69.76      0.519      -0.08      50684   2111.812    34.3916    27.2531    1483.49    949.000 0.0000e+00
    957.451     4.4570   3.287131          1    34.3921      0.057     2.3246      7.735      99.54      0.500       0.07      50732   2113.804    34.3919    27.2539    1483.48    950.000 0.0000e+00
    958.461     4.4582   3.287281          1    34.3920      0.054     2.3254      7.744      98.71      0.648       0.12      50768   2115.295    34.3918    27.2538    1483.51    951.000 0.0000e+00
    959.471     4.4541   3.286984          1    34.3923      0.075     2.3192      7.701      98.71      0.800       0.13      50797   2116.481    34.3921    27.2544    1483.51    952.000 0.0000e+00
    960.482     4.4521   3.286860          1    34.3925      0.060     2.3144      7.700      98.71      0.909       0.04      50823   2117.583    34.3922    27.2548    1483.51    953.000 0.0000e+00
    961.492     4.4573   3.287344          1    34.3921      0.062     2.3197      7.701      88.87      0.765      -0.18      50858   2119.021    34.3919    27.2539    1483.55    954.000 0.0000e+00
    962.502     4.4607   3.287667          1    34.3917      0.055     2.3177      7.708      98.83      0.533       0.00      50902   2120.858    34.3918    27.2535    1483.58    955.000 0.0000e+00
    963.512     4.4618   3.287805          1    34.3917      0.055     2.3228      7.697      98.71      0.595      -0.01      50943   2122.568    34.3917    27.2533    1483.60    956.000 0.0000e+00
    964.522     4.4591   3.287626          1    34.3919      0.062     2.3256      7.704      87.59      0.498      -0.00      50990   2124.527    34.3919    27.2537    1483.61    957.000 0.0000e+00
    965.532     4.4628   3.287978          1    34.3916      0.054     2.3128      7.731      98.83      0.665       0.21      51023   2125.920    34.3917    27.2532    1483.64    958.000 0.0000e+00
    966.543     4.4598   3.287768          1    34.3917      0.055     2.3215      7.700      98.71      0.890       0.19      51048   2126.958    34.3918    27.2536    1483.65    959.000 0.0000e+00
    967.553     4.4570   3.287585          1    34.3922      0.057     2.3219      7.726      98.71      0.985      -0.02      51073   2128.014    34.3921    27.2541    1483.65    960.000 0.0000e+00
    968.563     4.4604   3.287897          1    34.3917      0.063     2.3168      7.694      91.96      0.527      -0.22      51122   2130.043    34.3917    27.2534    1483.68    961.000 0.0000e+00
    969.573     4.4593   3.287842          1    34.3917      0.056     2.3125      7.696      98.88      0.440       0.16      51179   2132.431    34.3917    27.2536    1483.70    962.000 0.0000e+00
    970.583     4.4571   3.287704          1    34.3919      0.066     2.3153      7.694      91.55      0.634       0.10      51216   2133.961    34.3919    27.2539    1483.70    963.000 0.0000e+00
    971.594     4.4540   3.287495          1    34.3923      0.078     2.3246      7.711      78.11      0.788       0.16      51245   2135.149    34.3921    27.2544    1483.71    964.000 0.0000e+00
    972.604     4.4511   3.287294          1    34.3924      0.072     2.3238      7.713      97.82      0.925       0.06      51270   2136.216    34.3922    27.2548    1483.71    965.000 0.0000e+00
    973.614     4.4531   3.287497          1    34.3921      0.065     2.3167      7.702      98.68      0.770      -0.20      51305   2137.674    34.3920    27.2545    1483.74    966.000 0.0000e+00
    974.624     4.4551   3.287708          1    34.3920      0.072     2.3191      7.692      78.02      0.285       0.02      51370   2140.388    34.3920    27.2542    1483.76    967.000 0.0000e+00
    975.635     4.4397   3.286453          1    34.3932      0.062     2.3201      7.690      99.08      0.574       0.18      51412   2142.122    34.3928    27.2565    1483.71    968.000 0.0000e+00
    976.645     4.4279   3.285492          1    34.3939      0.062     2.3216      7.690      98.71      0.748       0.07      51443   2143.425    34.3932    27.2581    1483.68    969.000 0.0000e+00
    977.655     4.4297   3.285681          1    34.3936      0.066     2.3169      7.690      83.99      0.756      -0.03      51476   2144.782    34.3931    27.2579    1483.71    970.000 0.0000e+00
    978.665     4.4245   3.285292          1    34.3939      0.060     2.3069      7.685      98.40      0.738       0.02      51508   2146.142    34.3934    27.2587    1483.70    971.000 0.0000e+00
