src/interpolation/Data/CTD/11w11h.cnv
* Sea-Bird SBE 9 Data File:
* FileName = E:\HOBAB2\w11.hex
* Software Version Seasave V 7.22.1
* Temperature SN = 5330
* Conductivity SN = 3693
* Number of Bytes Per Scan = 24
* Number of Voltage Words = 4
* Number of Scans Averaged by the Deck Unit = 1
* NMEA baud rate = 4800
# nquan = 18
# nvalues = 2108                        
# units = specified
# name 0 = prDM: Pressure, Digiquartz [db]
# name 1 = t090C: Temperature [ITS-90, deg C]
# name 2 = c0S/m: Conductivity [S/m]
# name 3 = pumps: Pump Status
# name 4 = sal00: Salinity, Practical [PSU]
# name 5 = seaTurbMtr: Turbidity, Seapoint [FTU]
# name 6 = sbeox0Mg/L: Oxygen, SBE 43 [mg/l]
# name 7 = ph: pH
# name 8 = altM: Altimeter [m]
# name 9 = dz/dtM: Descent Rate [m/s]
# name 10 = accM: Acceleration [m/s^2]
# name 11 = scan: Scan Count
# name 12 = timeS: Time, Elapsed [seconds]
# name 13 = sal00: Salinity, Practical [PSU]
# name 14 = sigma-t00: Density [sigma-t, kg/m^3 ]
# name 15 = svCM: Sound Velocity [Chen-Millero, m/s]
# name 16 = depSM: Depth [salt water, m], lat = 0
# name 17 = flag: flag
# span 0 =      1.005,   1066.576       
# span 1 =     4.1385,    25.0604       
# span 2 =   3.264818,   5.275934       
# span 3 =          1,          1       
# span 4 =    34.2340,    34.8083       
# span 5 =      0.025,      0.178       
# span 6 =     2.2292,     6.8941       
# span 7 =      7.636,      8.101       
# span 8 =       1.43,     105.47       
# span 9 =     -1.137,      1.047       
# span 10 =      -0.42,       0.33      
# span 11 =       9647,     113692      
# span 12 =    401.926,   4737.119      
# span 13 =    34.2324,    34.8070      
# span 14 =    23.1114,    27.3017      
# span 15 =    1483.03,    1534.37      
# span 16 =      1.000,   1058.000      
# span 17 = 0.0000e+00, 0.0000e+00      
# interval = meters: 1                  
# start_time = Apr 18 2014 05:31:02 [System UTC, header]
# bad_flag = -9.990e-29
*END*
[from data line 563]
    574.952     8.2645   3.601519          1    34.2586      0.031     3.9219      8.044      98.71      0.804       0.08      35127   1463.566    34.2562    26.6500    1492.01    571.000 0.0000e+00
    575.960     8.2503   3.600273          1    34.2586      0.033     3.9090      8.045      98.71      0.712      -0.15      35163   1465.070    34.2563    26.6522    1491.98    572.000 0.0000e+00
    576.968     8.2474   3.600090          1    34.2586      0.033     3.8888      8.046      98.71      0.581       0.04      35203   1466.760    34.2568    26.6530    1491.98    573.000 0.0000e+00
    577.977     8.2465   3.600136          1    34.2591      0.031     3.8992      8.047      98.71      0.571      -0.10      35246   1468.554    34.2577    26.6539    1492.00    574.000 0.0000e+00
    578.985     8.2499   3.600792          1    34.2616      0.032     3.8867      8.048      98.71      0.298       0.08      35312   1471.278    34.2609    26.6558    1492.03    575.000 0.0000e+00
    579.993     8.2514   3.601536          1    34.2673      0.031     3.9008      8.049      98.71      0.651       0.31      35344   1472.635    34.2668    26.6603    1492.06    576.000 0.0000e+00
    581.002     8.2427   3.600933          1    34.2692      0.042     3.8918      8.049      71.95      0.898       0.12      35370   1473.708    34.2684    26.6628    1492.05    577.000 0.0000e+00
    582.010     8.2360   3.600474          1    34.2703      0.041     3.8726      8.050      83.00      0.756      -0.20      35405   1475.167    34.2696    26.6648    1492.04    578.000 0.0000e+00
    583.018     8.2268   3.599818          1    34.2719      0.036     3.8584      8.050      98.96      0.560       0.04      35447   1476.902    34.2711    26.6674    1492.02    579.000 0.0000e+00
    584.027     8.2213   3.599455          1    34.2730      0.035     3.8406      8.051      98.71      0.650      -0.01      35484   1478.464    34.2721    26.6690    1492.02    580.000 0.0000e+00
    585.035     8.2153   3.599052          1    34.2739      0.035     3.8250      8.053      98.71      0.324      -0.09      35548   1481.133    34.2732    26.6707    1492.02    581.000 0.0000e+00
    586.043     8.2088   3.598581          1    34.2747      0.035     3.8211      8.053      98.71      0.559       0.28      35593   1482.980    34.2740    26.6724    1492.01    582.000 0.0000e+00
    587.052     8.1977   3.597731          1    34.2762      0.036     3.8114      8.054      98.71      0.790       0.05      35623   1484.237    34.2754    26.6751    1491.99    583.000 0.0000e+00
    588.060     8.1880   3.596993          1    34.2774      0.036     3.8081      8.055      98.71      0.605      -0.14      35664   1485.954    34.2765    26.6774    1491.97    584.000 0.0000e+00
    589.068     8.1840   3.596731          1    34.2780      0.036     3.7860      8.055      98.71      0.603       0.15      35702   1487.545    34.2771    26.6785    1491.97    585.000 0.0000e+00
    590.077     8.1777   3.596254          1    34.2785      0.037     3.7858      8.055      98.71      0.784       0.08      35732   1488.797    34.2777    26.6799    1491.96    586.000 0.0000e+00
    591.085     8.1718   3.595777          1    34.2787      0.042     3.7930      8.056      77.04      0.528      -0.17      35780   1490.777    34.2779    26.6810    1491.96    587.000 0.0000e+00
    592.094     8.1622   3.594913          1    34.2785      0.035     3.7903      8.056      98.94      0.431       0.12      35837   1493.149    34.2776    26.6822    1491.94    588.000 0.0000e+00
    593.102     8.1390   3.592708          1    34.2775      0.037     3.7862      8.058      98.71      0.543      -0.01      35881   1495.008    34.2762    26.6846    1491.87    589.000 0.0000e+00
    594.110     8.1247   3.591349          1    34.2766      0.039     3.7762      8.058      87.34      0.547       0.08      35924   1496.778    34.2752    26.6860    1491.83    590.000 0.0000e+00
    595.119     8.1140   3.590338          1    34.2758      0.035     3.7672      8.057      98.43      0.757       0.22      35952   1497.978    34.2744    26.6869    1491.80    591.000 0.0000e+00
    596.127     8.1103   3.590018          1    34.2755      0.036     3.7816      8.058      98.70      0.917       0.05      35979   1499.068    34.2742    26.6873    1491.80    592.000 0.0000e+00
    597.136     8.1064   3.589662          1    34.2748      0.037     3.7884      8.060      98.71      0.634      -0.22      36020   1500.811    34.2737    26.6875    1491.81    593.000 0.0000e+00
    598.144     8.0981   3.588919          1    34.2744      0.045     3.7808      8.060      62.64      0.364       0.10      36081   1503.344    34.2734    26.6885    1491.79    594.000 0.0000e+00
    599.153     8.0874   3.588021          1    34.2749      0.048     3.7836      8.060      59.83      0.596       0.10      36121   1504.988    34.2738    26.6905    1491.77    595.000 0.0000e+00
    600.161     8.0792   3.587315          1    34.2749      0.037     3.7719      8.061      94.75      0.590      -0.08      36163   1506.732    34.2738    26.6917    1491.75    596.000 0.0000e+00
    601.169     8.0701   3.586556          1    34.2751      0.040     3.7497      8.061      91.51      0.538       0.09      36206   1508.532    34.2741    26.6933    1491.74    597.000 0.0000e+00
    602.178     8.0573   3.585459          1    34.2755      0.035     3.7501      8.061      98.68      0.719       0.12      36238   1509.869    34.2744    26.6954    1491.70    598.000 0.0000e+00
    603.186     8.0415   3.584102          1    34.2763      0.036     3.7555      8.060      98.71      0.771      -0.03      36270   1511.204    34.2749    26.6982    1491.66    599.000 0.0000e+00
    604.195     8.0198   3.582157          1    34.2764      0.041     3.7554      8.059      86.90      0.650      -0.09      36308   1512.805    34.2748    26.7013    1491.60    600.000 0.0000e+00
    605.203     7.9738   3.578257          1    34.2799      0.037     3.7465      8.057      98.39      0.526      -0.05      36355   1514.740    34.2775    26.7103    1491.44    601.000 0.0000e+00
    606.212     7.9619   3.577415          1    34.2818      0.040     3.7052      8.043      96.93      0.430       0.00      36409   1517.004    34.2797    26.7138    1491.42    602.000 0.0000e+00
    607.220     7.9499   3.576594          1    34.2840      0.042     3.6901      8.054      90.02      0.586       0.19      36448   1518.645    34.2822    26.7175    1491.39    603.000 0.0000e+00
    608.229     7.9324   3.575210          1    34.2861      0.037     3.6914      8.070      98.66      0.816       0.16      36476   1519.785    34.2840    26.7215    1491.34    604.000 0.0000e+00
    609.237     7.9150   3.573718          1    34.2868      0.040     3.6641      8.061      98.71      0.850      -0.10      36506   1521.043    34.2846    26.7245    1491.29    605.000 0.0000e+00
    610.246     7.9009   3.572591          1    34.2879      0.044     3.6550      8.061      85.15      0.531      -0.11      36552   1522.944    34.2858    26.7276    1491.26    606.000 0.0000e+00
    611.254     7.8928   3.572050          1    34.2892      0.039     3.6361      8.040      98.62      0.507       0.02      36600   1524.945    34.2874    26.7301    1491.25    607.000 0.0000e+00
    612.263     7.8865   3.571656          1    34.2904      0.044     3.6303      8.056      85.72      0.529       0.03      36645   1526.824    34.2889    26.7321    1491.24    608.000 0.0000e+00
    613.271     7.8834   3.571483          1    34.2909      0.048     3.6065      8.053      70.08      0.672       0.15      36679   1528.244    34.2896    26.7332    1491.25    609.000 0.0000e+00
    614.280     7.8815   3.571363          1    34.2909      0.045     3.6110      8.043      98.73      0.811       0.07      36708   1529.459    34.2897    26.7336    1491.26    610.000 0.0000e+00
    615.288     7.8764   3.571020          1    34.2917      0.040     3.6187      8.017      98.71      0.794      -0.07      36740   1530.778    34.2906    26.7350    1491.26    611.000 0.0000e+00
    616.297     7.8708   3.570658          1    34.2927      0.050     3.6289      8.051      74.79      0.611      -0.11      36781   1532.488    34.2917    26.7367    1491.25    612.000 0.0000e+00
    617.305     7.8687   3.570578          1    34.2932      0.041     3.6191      8.043      98.83      0.394      -0.07      36839   1534.929    34.2924    26.7375    1491.26    613.000 0.0000e+00
    618.314     7.8684   3.570659          1    34.2936      0.056     3.6070      8.037      50.74      0.451       0.26      36892   1537.118    34.2931    26.7381    1491.28    614.000 0.0000e+00
    619.322     7.8687   3.570731          1    34.2936      0.044     3.5920      8.067      98.19      0.802       0.33      36916   1538.133    34.2932    26.7381    1491.30    615.000 0.0000e+00
    620.331     7.8626   3.570296          1    34.2945      0.041     3.5983      8.062      97.93      1.047       0.18      36938   1539.045    34.2940    26.7397    1491.29    616.000 0.0000e+00
    621.339     7.8566   3.569885          1    34.2956      0.042     3.6099      8.043      95.45      1.001      -0.18      36965   1540.173    34.2950    26.7413    1491.29    617.000 0.0000e+00
    622.348     7.8439   3.568807          1    34.2962      0.051     3.5989      8.062      75.55      0.544      -0.17      37011   1542.083    34.2954    26.7435    1491.25    618.000 0.0000e+00
    623.356     7.8246   3.567156          1    34.2971      0.040     3.5924      8.062      98.69      0.399      -0.04      37070   1544.561    34.2960    26.7469    1491.20    619.000 0.0000e+00
    624.365     7.8054   3.565556          1    34.2985      0.056     3.5892      8.063      56.81      0.466       0.19      37122   1546.702    34.2973    26.7507    1491.14    620.000 0.0000e+00
    625.373     7.7950   3.564694          1    34.2990      0.041     3.5858      8.034      99.08      0.741       0.22      37151   1547.927    34.2977    26.7525    1491.12    621.000 0.0000e+00
    626.382     7.7754   3.563049          1    34.3004      0.042     3.5780      8.038      98.71      0.891       0.03      37178   1549.058    34.2987    26.7562    1491.06    622.000 0.0000e+00
    627.390     7.7650   3.562192          1    34.3009      0.041     3.5542      8.082      98.71      0.746      -0.16      37213   1550.498    34.2993    26.7581    1491.04    623.000 0.0000e+00
    628.399     7.7576   3.561582          1    34.3011      0.056     3.5475      8.071      71.84      0.631       0.03      37251   1552.075    34.2996    26.7595    1491.03    624.000 0.0000e+00
    629.408     7.7309   3.559249          1    34.3020      0.045     3.5424      8.074      97.39      0.647      -0.06      37289   1553.666    34.3001    26.7638    1490.95    625.000 0.0000e+00
    630.416     7.7150   3.557884          1    34.3024      0.053     3.5379      8.069      79.92      0.356      -0.06      37349   1556.184    34.3006    26.7665    1490.90    626.000 0.0000e+00
    631.425     7.7088   3.557401          1    34.3024      0.041     3.5200      8.033      99.04      0.555       0.22      37393   1558.016    34.3009    26.7677    1490.90    627.000 0.0000e+00
    632.433     7.6789   3.554738          1    34.3032      0.045     3.5285      8.063      98.71      0.754       0.06      37425   1559.324    34.3012    26.7722    1490.80    628.000 0.0000e+00
    633.442     7.6661   3.553574          1    34.3027      0.051     3.5293      8.071      82.01      0.664      -0.09      37462   1560.888    34.3007    26.7737    1490.77    629.000 0.0000e+00
    634.451     7.6421   3.551374          1    34.3024      0.041     3.5192      8.005      98.92      0.650       0.11      37498   1562.368    34.3001    26.7767    1490.69    630.000 0.0000e+00
    635.459     7.6309   3.550339          1    34.3017      0.043     3.5064      8.064      98.71      0.801       0.09      37527   1563.586    34.2995    26.7778    1490.66    631.000 0.0000e+00
    636.468     7.6292   3.550241          1    34.3014      0.043     3.4995      8.060      98.71      0.588      -0.18      37571   1565.416    34.2996    26.7782    1490.67    632.000 0.0000e+00
    637.476     7.6276   3.550164          1    34.3011      0.044     3.4998      8.023      98.71      0.286       0.10      37642   1568.394    34.3000    26.7787    1490.69    633.000 0.0000e+00
    638.485     7.6165   3.549222          1    34.3014      0.042     3.4875      7.960      98.71      0.580       0.16      37683   1570.068    34.3002    26.7805    1490.66    634.000 0.0000e+00
    639.494     7.6026   3.547970          1    34.3013      0.040     3.5003      8.044      98.71      0.749       0.11      37713   1571.343    34.2999    26.7822    1490.62    635.000 0.0000e+00
    640.502     7.5657   3.544560          1    34.3011      0.044     3.5023      8.068      98.71      0.859       0.09      37740   1572.466    34.2989    26.7867    1490.50    636.000 0.0000e+00
    641.511     7.4923   3.537850          1    34.3020      0.042     3.4942      8.025      98.71      0.945       0.06      37765   1573.515    34.2981    26.7967    1490.23    637.000 0.0000e+00
    642.520     7.4637   3.535187          1    34.3008      0.048     3.4668      8.010      91.48      0.643      -0.21      37808   1575.285    34.2970    26.7999    1490.14    638.000 0.0000e+00
    643.528     7.4392   3.533146          1    34.3014      0.051     3.4190      7.929      77.27      0.180       0.20      37894   1578.879    34.2985    26.8046    1490.06    639.000 0.0000e+00
    644.537     7.3869   3.528405          1    34.3019      0.044     3.4355      8.101      99.05      0.600       0.20      37930   1580.360    34.2982    26.8118    1489.88    640.000 0.0000e+00
    645.545     7.3401   3.524160          1    34.3023      0.040     3.4287      8.099      98.71      0.810       0.15      37957   1581.518    34.2979    26.8182    1489.71    641.000 0.0000e+00
    646.554     7.3115   3.521610          1    34.3025      0.041     3.3978      8.093      98.71      0.909       0.02      37984   1582.628    34.2979    26.8222    1489.62    642.000 0.0000e+00
    647.563     7.2962   3.520247          1    34.3019      0.043     3.3857      8.068      98.71      0.846      -0.10      38014   1583.881    34.2977    26.8242    1489.58    643.000 0.0000e+00
    648.571     7.2854   3.519320          1    34.3014      0.053     3.3782      8.049      82.60      0.633      -0.14      38055   1585.563    34.2978    26.8258    1489.55    644.000 0.0000e+00
    649.580     7.2784   3.518735          1    34.3006      0.044     3.3704      8.062      99.06      0.379      -0.04      38115   1588.069    34.2979    26.8269    1489.54    645.000 0.0000e+00
    650.589     7.2679   3.517833          1    34.3002      0.043     3.3671      8.076      98.71      0.444       0.08      38170   1590.389    34.2980    26.8284    1489.52    646.000 0.0000e+00
    651.598     7.2401   3.515364          1    34.3006      0.049     3.3721      8.061      93.32      0.612       0.14      38208   1591.965    34.2981    26.8324    1489.43    647.000 0.0000e+00
    652.606     7.2252   3.514063          1    34.3007      0.044     3.3783      8.044      98.71      0.782       0.12      38237   1593.187    34.2982    26.8346    1489.39    648.000 0.0000e+00
    653.615     7.2103   3.512763          1    34.3007      0.055     3.3668      7.965      73.88      0.861       0.01      38266   1594.363    34.2982    26.8367    1489.35    649.000 0.0000e+00
    654.624     7.1981   3.511729          1    34.3010      0.050     3.3536      8.036      85.49      0.778      -0.10      38298   1595.727    34.2986    26.8387    1489.32    650.000 0.0000e+00
