src/interpolation/Data/CTD/11w11h.cnv
* Sea-Bird SBE 9 Data File:
* FileName = E:\HOBAB2\w11.hex
* Software Version Seasave V 7.22.1
* Temperature SN = 5330
* Conductivity SN = 3693
* Number of Bytes Per Scan = 24
* Number of Voltage Words = 4
* Number of Scans Averaged by the Deck Unit = 1
* NMEA baud rate = 4800
# nquan = 18
# nvalues = 2108                        
# units = specified
# name 0 = prDM: Pressure, Digiquartz [db]
# name 1 = t090C: Temperature [ITS-90, deg C]
# name 2 = c0S/m: Conductivity [S/m]
# name 3 = pumps: Pump Status
# name 4 = sal00: Salinity, Practical [PSU]
# name 5 = seaTurbMtr: Turbidity, Seapoint [FTU]
# name 6 = sbeox0Mg/L: Oxygen, SBE 43 [mg/l]
# name 7 = ph: pH
# name 8 = altM: Altimeter [m]
# name 9 = dz/dtM: Descent Rate [m/s]
# name 10 = accM: Acceleration [m/s^2]
# name 11 = scan: Scan Count
# name 12 = timeS: Time, Elapsed [seconds]
# name 13 = sal00: Salinity, Practical [PSU]
# name 14 = sigma-t00: Density [sigma-t, kg/m^3 ]
# name 15 = svCM: Sound Velocity [Chen-Millero, m/s]
# name 16 = depSM: Depth [salt water, m], lat = 0
# name 17 = flag: flag
# span 0 =      1.005,   1066.576       
# span 1 =     4.1385,    25.0604       
# span 2 =   3.264818,   5.275934       
# span 3 =          1,          1       
# span 4 =    34.2340,    34.8083       
# span 5 =      0.025,      0.178       
# span 6 =     2.2292,     6.8941       
# span 7 =      7.636,      8.101       
# span 8 =       1.43,     105.47       
# span 9 =     -1.137,      1.047       
# span 10 =      -0.42,       0.33      
# span 11 =       9647,     113692      
# span 12 =    401.926,   4737.119      
# span 13 =    34.2324,    34.8070      
# span 14 =    23.1114,    27.3017      
# span 15 =    1483.03,    1534.37      
# span 16 =      1.000,   1058.000      
# span 17 = 0.0000e+00, 0.0000e+00      
# interval = meters: 1                  
# start_time = Apr 18 2014 05:31:02 [System UTC, header]
# bad_flag = -9.990e-29
*END*
[from data line 724]
    737.353     5.8784   3.397137          1    34.3092      0.046     2.8251      7.687      89.85      0.547       0.13      41559   1731.574    34.3085    27.0215    1485.51    732.000 0.0000e+00
    738.362     5.8767   3.397022          1    34.3091      0.040     2.8175      7.686      92.17      0.740       0.13      41590   1732.860    34.3085    27.0217    1485.52    733.000 0.0000e+00
    739.371     5.8757   3.396976          1    34.3090      0.038     2.8044      7.683      98.71      0.848       0.05      41618   1734.025    34.3085    27.0219    1485.54    734.000 0.0000e+00
    740.380     5.8749   3.396962          1    34.3090      0.038     2.8104      7.685      98.71      0.841      -0.06      41647   1735.270    34.3086    27.0220    1485.55    735.000 0.0000e+00
    741.389     5.8720   3.396748          1    34.3091      0.040     2.8164      7.688      90.03      0.527      -0.16      41695   1737.237    34.3087    27.0225    1485.55    736.000 0.0000e+00
    742.399     5.8584   3.395598          1    34.3095      0.038     2.8177      7.690      98.88      0.464       0.14      41746   1739.388    34.3089    27.0243    1485.52    737.000 0.0000e+00
    743.408     5.8485   3.394822          1    34.3105      0.036     2.8116      7.690      98.71      0.677       0.14      41780   1740.800    34.3097    27.0262    1485.49    738.000 0.0000e+00
    744.417     5.8407   3.394201          1    34.3110      0.041     2.8209      7.684      86.36      0.794       0.04      41810   1742.046    34.3101    27.0275    1485.48    739.000 0.0000e+00
    745.426     5.8282   3.393195          1    34.3120      0.041     2.8053      7.682      93.90      0.775      -0.07      41843   1743.403    34.3109    27.0297    1485.45    740.000 0.0000e+00
    746.435     5.8179   3.392364          1    34.3125      0.036     2.7958      7.683      98.79      0.487      -0.12      41892   1745.453    34.3114    27.0314    1485.42    741.000 0.0000e+00
    747.444     5.8112   3.391861          1    34.3131      0.044     2.7947      7.689      84.53      0.522       0.19      41937   1747.333    34.3120    27.0327    1485.41    742.000 0.0000e+00
    748.454     5.8044   3.391333          1    34.3135      0.038     2.7991      7.681      95.11      0.777       0.18      41966   1748.525    34.3125    27.0339    1485.40    743.000 0.0000e+00
    749.463     5.7677   3.388345          1    34.3172      0.036     2.7925      7.682      98.54      0.854      -0.05      41995   1749.750    34.3154    27.0408    1485.28    744.000 0.0000e+00
    750.472     5.7536   3.387210          1    34.3181      0.040     2.7764      7.682      96.16      0.545      -0.17      42041   1751.651    34.3163    27.0432    1485.24    745.000 0.0000e+00
    751.481     5.7427   3.386367          1    34.3190      0.053     2.7687      7.680      90.18      0.480       0.09      42091   1753.746    34.3174    27.0454    1485.21    746.000 0.0000e+00
    752.490     5.7323   3.385570          1    34.3200      0.039     2.7651      7.682      98.74      0.618       0.08      42129   1755.339    34.3184    27.0475    1485.19    747.000 0.0000e+00
    753.499     5.7249   3.384999          1    34.3204      0.054     2.7602      7.684      70.55      0.718       0.07      42162   1756.705    34.3189    27.0488    1485.18    748.000 0.0000e+00
    754.508     5.7165   3.384351          1    34.3210      0.042     2.7500      7.685      92.55      0.778       0.01      42193   1758.005    34.3196    27.0504    1485.16    749.000 0.0000e+00
    755.518     5.7121   3.384039          1    34.3214      0.041     2.7519      7.680      98.21      0.698      -0.10      42229   1759.513    34.3200    27.0513    1485.16    750.000 0.0000e+00
    756.527     5.7130   3.384149          1    34.3209      0.043     2.7523      7.679      95.82      0.434      -0.11      42284   1761.786    34.3199    27.0511    1485.18    751.000 0.0000e+00
    757.536     5.7115   3.384098          1    34.3210      0.043     2.7508      7.678      88.03      0.416       0.23      42340   1764.143    34.3203    27.0516    1485.19    752.000 0.0000e+00
    758.545     5.7104   3.384087          1    34.3214      0.038     2.7564      7.682      99.03      0.760       0.28      42367   1765.268    34.3208    27.0521    1485.21    753.000 0.0000e+00
    759.554     5.7078   3.383917          1    34.3216      0.039     2.7480      7.680      98.71      0.983       0.15      42391   1766.233    34.3210    27.0526    1485.21    754.000 0.0000e+00
    760.564     5.7068   3.383873          1    34.3217      0.038     2.7394      7.678      97.98      0.941      -0.16      42419   1767.422    34.3211    27.0528    1485.23    755.000 0.0000e+00
    761.573     5.7069   3.383920          1    34.3214      0.044     2.7453      7.676      89.46      0.477      -0.13      42468   1769.476    34.3210    27.0527    1485.24    756.000 0.0000e+00
    762.582     5.7061   3.383907          1    34.3215      0.044     2.7544      7.680      82.29      0.394      -0.05      42528   1771.970    34.3212    27.0529    1485.26    757.000 0.0000e+00
    763.591     5.7052   3.383891          1    34.3217      0.036     2.7401      7.674      99.32      0.464       0.23      42580   1774.141    34.3214    27.0532    1485.27    758.000 0.0000e+00
    764.600     5.7050   3.383942          1    34.3220      0.041     2.7404      7.679      98.71      0.775       0.26      42607   1775.271    34.3218    27.0535    1485.28    759.000 0.0000e+00
    765.610     5.7020   3.383764          1    34.3224      0.043     2.7406      7.675      81.12      0.984       0.15      42631   1776.238    34.3223    27.0543    1485.29    760.000 0.0000e+00
    766.619     5.6961   3.383358          1    34.3235      0.052     2.7390      7.675      60.47      0.988      -0.11      42657   1777.345    34.3232    27.0558    1485.28    761.000 0.0000e+00
    767.628     5.6938   3.383224          1    34.3238      0.041     2.7407      7.672      94.50      0.515      -0.19      42709   1779.483    34.3234    27.0562    1485.29    762.000 0.0000e+00
    768.637     5.6921   3.383130          1    34.3238      0.037     2.7405      7.669      98.83      0.288       0.16      42783   1782.569    34.3236    27.0566    1485.30    763.000 0.0000e+00
    769.647     5.6920   3.383161          1    34.3238      0.046     2.7394      7.681      78.58      0.648       0.23      42816   1783.941    34.3236    27.0566    1485.32    764.000 0.0000e+00
    770.656     5.6911   3.383131          1    34.3238      0.037     2.7397      7.676      98.37      0.858       0.13      42842   1785.044    34.3236    27.0567    1485.33    765.000 0.0000e+00
    771.665     5.6876   3.382891          1    34.3242      0.050     2.7386      7.669      71.54      0.928      -0.01      42869   1786.152    34.3240    27.0574    1485.33    766.000 0.0000e+00
    772.674     5.6871   3.382879          1    34.3241      0.050     2.7326      7.687      74.39      0.727      -0.18      42905   1787.668    34.3239    27.0574    1485.35    767.000 0.0000e+00
    773.684     5.6839   3.382653          1    34.3243      0.038     2.7352      7.689      99.08      0.384      -0.06      42964   1790.136    34.3240    27.0580    1485.35    768.000 0.0000e+00
    774.693     5.6708   3.381669          1    34.3262      0.050     2.7349      7.693      57.44      0.445       0.12      43020   1792.450    34.3257    27.0609    1485.32    769.000 0.0000e+00
    775.702     5.6680   3.381488          1    34.3265      0.036     2.7352      7.693      99.47      0.654       0.15      43055   1793.904    34.3260    27.0615    1485.32    770.000 0.0000e+00
    776.712     5.6304   3.378374          1    34.3297      0.041     2.7365      7.693      91.79      0.803       0.10      43084   1795.110    34.3284    27.0679    1485.19    771.000 0.0000e+00
    777.721     5.5872   3.374813          1    34.3337      0.038     2.7271      7.695      95.86      0.853      -0.02      43112   1796.312    34.3313    27.0755    1485.04    772.000 0.0000e+00
    778.730     5.5837   3.374539          1    34.3334      0.039     2.7072      7.694      98.61      0.652      -0.16      43152   1797.962    34.3313    27.0760    1485.04    773.000 0.0000e+00
    779.739     5.5810   3.374381          1    34.3333      0.044     2.6785      7.695      88.50      0.418      -0.03      43208   1800.290    34.3318    27.0767    1485.05    774.000 0.0000e+00
    780.749     5.5690   3.373499          1    34.3349      0.039     2.6867      7.699      99.00      0.498       0.13      43256   1802.307    34.3334    27.0794    1485.02    775.000 0.0000e+00
    781.758     5.5652   3.373246          1    34.3352      0.057     2.6801      7.698      63.67      0.691       0.10      43290   1803.710    34.3340    27.0803    1485.02    776.000 0.0000e+00
    782.767     5.5624   3.373064          1    34.3353      0.054     2.6743      7.699      55.25      0.717      -0.04      43324   1805.140    34.3342    27.0808    1485.03    777.000 0.0000e+00
    783.777     5.5576   3.372692          1    34.3354      0.038     2.6691      7.698      97.98      0.690       0.01      43359   1806.600    34.3344    27.0816    1485.03    778.000 0.0000e+00
    784.786     5.5557   3.372564          1    34.3352      0.041     2.6748      7.695      97.73      0.514      -0.14      43407   1808.588    34.3343    27.0818    1485.04    779.000 0.0000e+00
    785.795     5.5546   3.372534          1    34.3352      0.047     2.6841      7.695      82.85      0.449       0.18      43459   1810.766    34.3346    27.0821    1485.05    780.000 0.0000e+00
    786.805     5.5510   3.372278          1    34.3355      0.037     2.6783      7.694      98.80      0.732       0.21      43489   1812.008    34.3349    27.0828    1485.05    781.000 0.0000e+00
    787.814     5.5448   3.371802          1    34.3360      0.041     2.6731      7.694      98.71      0.856      -0.02      43518   1813.213    34.3353    27.0838    1485.04    782.000 0.0000e+00
    788.823     5.5392   3.371366          1    34.3363      0.050     2.6750      7.691      75.49      0.612      -0.15      43560   1814.939    34.3356    27.0847    1485.04    783.000 0.0000e+00
    789.833     5.5324   3.370829          1    34.3365      0.040     2.6745      7.685      98.92      0.436      -0.03      43614   1817.207    34.3358    27.0858    1485.03    784.000 0.0000e+00
    790.842     5.5250   3.370236          1    34.3369      0.037     2.6609      7.678      98.71      0.487       0.13      43663   1819.257    34.3362    27.0869    1485.01    785.000 0.0000e+00
    791.851     5.5216   3.369995          1    34.3370      0.047     2.6608      7.676      76.81      0.705       0.16      43695   1820.578    34.3364    27.0875    1485.02    786.000 0.0000e+00
    792.861     5.5182   3.369736          1    34.3370      0.044     2.6664      7.678      98.65      0.872       0.12      43721   1821.684    34.3363    27.0879    1485.02    787.000 0.0000e+00
    793.870     5.5141   3.369424          1    34.3371      0.038     2.6591      7.679      98.71      0.890      -0.07      43750   1822.871    34.3365    27.0885    1485.02    788.000 0.0000e+00
    794.879     5.5107   3.369159          1    34.3370      0.044     2.6481      7.709      89.21      0.474      -0.17      43801   1825.019    34.3364    27.0889    1485.02    789.000 0.0000e+00
    795.889     5.4576   3.364650          1    34.3404      0.041     2.6641      7.723      98.88      0.429       0.10      43861   1827.482    34.3387    27.0970    1484.83    790.000 0.0000e+00
    796.898     5.4022   3.360040          1    34.3449      0.039     2.6629      7.688      98.71      0.557       0.07      43903   1829.265    34.3421    27.1064    1484.63    791.000 0.0000e+00
    797.908     5.3239   3.353439          1    34.3504      0.037     2.6420      7.688      98.71      0.693       0.12      43937   1830.648    34.3460    27.1189    1484.33    792.000 0.0000e+00
    798.917     5.2500   3.347170          1    34.3552      0.041     2.6255      7.686      91.75      0.836       0.10      43964   1831.801    34.3493    27.1302    1484.05    793.000 0.0000e+00
    799.926     5.2365   3.346031          1    34.3550      0.038     2.5952      7.684      98.46      0.866      -0.06      43993   1833.014    34.3495    27.1320    1484.01    794.000 0.0000e+00
    800.936     5.2302   3.345512          1    34.3539      0.045     2.5564      7.687      79.69      0.524      -0.17      44041   1834.997    34.3496    27.1328    1484.01    795.000 0.0000e+00
    801.945     5.2011   3.343016          1    34.3540      0.036     2.5505      7.688      98.84      0.393       0.01      44102   1837.558    34.3502    27.1367    1483.91    796.000 0.0000e+00
    802.955     5.1735   3.340743          1    34.3554      0.061     2.5488      7.686      17.19      0.496       0.17      44150   1839.554    34.3519    27.1412    1483.81    797.000 0.0000e+00
    803.964     5.1636   3.339940          1    34.3556      0.047     2.5468      7.686      65.74      0.756       0.24      44179   1840.740    34.3523    27.1428    1483.79    798.000 0.0000e+00
    804.973     5.1514   3.338915          1    34.3556      0.038     2.5434      7.685      98.28      0.952       0.12      44203   1841.757    34.3525    27.1443    1483.76    799.000 0.0000e+00
    805.983     5.1254   3.336690          1    34.3564      0.036     2.5367      7.685      98.71      0.856      -0.19      44235   1843.069    34.3531    27.1478    1483.67    800.000 0.0000e+00
    806.992     5.1284   3.336973          1    34.3549      0.039     2.5245      7.685      98.71      0.280      -0.05      44299   1845.759    34.3527    27.1472    1483.70    801.000 0.0000e+00
    808.002     5.1202   3.336362          1    34.3555      0.048     2.5190      7.681      54.65      0.561       0.15      44344   1847.620    34.3536    27.1488    1483.68    802.000 0.0000e+00
    809.011     5.1193   3.336340          1    34.3553      0.033     2.5224      7.681      99.08      0.647       0.00      44381   1849.180    34.3538    27.1491    1483.70    803.000 0.0000e+00
    810.020     5.1204   3.336494          1    34.3551      0.033     2.5211      7.678      98.71      0.675       0.02      44417   1850.664    34.3539    27.1490    1483.72    804.000 0.0000e+00
    811.030     5.1205   3.336541          1    34.3549      0.043     2.5223      7.673      77.42      0.660      -0.03      44454   1852.210    34.3539    27.1490    1483.73    805.000 0.0000e+00
    812.039     5.1215   3.336681          1    34.3547      0.035     2.5187      7.676      98.77      0.668       0.05      44490   1853.692    34.3539    27.1490    1483.75    806.000 0.0000e+00
    813.049     5.1210   3.336679          1    34.3546      0.057     2.5239      7.676      42.68      0.689      -0.05      44526   1855.194    34.3539    27.1490    1483.77    807.000 0.0000e+00
    814.058     5.1164   3.336306          1    34.3544      0.036     2.5221      7.680      97.21      0.403      -0.08      44581   1857.519    34.3538    27.1495    1483.77    808.000 0.0000e+00
    815.068     5.0936   3.334425          1    34.3562      0.043     2.5235      7.677      98.90      0.540       0.24      44625   1859.349    34.3551    27.1531    1483.69    809.000 0.0000e+00
    816.077     5.0887   3.334054          1    34.3564      0.034     2.5222      7.678      98.71      0.821       0.18      44652   1860.469    34.3554    27.1539    1483.69    810.000 0.0000e+00
    817.087     5.0940   3.334525          1    34.3555      0.041     2.5218      7.678      80.19      0.684      -0.21      44691   1862.074    34.3548    27.1529    1483.73    811.000 0.0000e+00
