src/interpolation/Data/CTD/12w12h.cnv
* Sea-Bird SBE 9 Data File:
* FileName = E:\HOBAB2\w12.hex
* Software Version Seasave V 7.22.1
* Temperature SN = 5330
* Conductivity SN = 3693
* Number of Bytes Per Scan = 24
* Number of Voltage Words = 4
* Number of Scans Averaged by the Deck Unit = 1
* NMEA baud rate = 4800
# nquan = 18
# nvalues = 1996                        
# units = specified
# name 0 = prDM: Pressure, Digiquartz [db]
# name 1 = t090C: Temperature [ITS-90, deg C]
# name 2 = c0S/m: Conductivity [S/m]
# name 3 = pumps: Pump Status
# name 4 = sal00: Salinity, Practical [PSU]
# name 5 = seaTurbMtr: Turbidity, Seapoint [FTU]
# name 6 = sbeox0Mg/L: Oxygen, SBE 43 [mg/l]
# name 7 = ph: pH
# name 8 = altM: Altimeter [m]
# name 9 = dz/dtM: Descent Rate [m/s]
# name 10 = accM: Acceleration [m/s^2]
# name 11 = scan: Scan Count
# name 12 = timeS: Time, Elapsed [seconds]
# name 13 = sal00: Salinity, Practical [PSU]
# name 14 = sigma-t00: Density [sigma-t, kg/m^3 ]
# name 15 = svCM: Sound Velocity [Chen-Millero, m/s]
# name 16 = depSM: Depth [salt water, m], lat = 0
# name 17 = flag: flag
# span 0 =      1.006,   1012.006       
# span 1 =     4.2456,    24.9423       
# span 2 =   3.271436,   5.264328       
# span 3 =          1,          1       
# span 4 =    34.2309,    34.8756       
# span 5 =      0.025,      0.317       
# span 6 =     2.2598,     7.1448       
# span 7 =      7.618,      8.088       
# span 8 =       1.40,      99.67       
# span 9 =     -1.124,      1.112       
# span 10 =      -0.33,       0.25      
# span 11 =      46943,     125979      
# span 12 =   1955.912,   5249.080      
# span 13 =    34.2353,    34.8842      
# span 14 =    23.1488,    27.2856      
# span 15 =    1483.30,    1534.22      
# span 16 =      1.000,   1004.000      
# span 17 = 0.0000e+00, 0.0000e+00      
# interval = meters: 1                  
# start_time = Apr 18 2014 09:05:36 [System UTC, header]
# bad_flag = -9.990e-29
*END*
[from data line 563]
    578.985     8.3185   3.607971          1    34.2732      0.032     3.9127      8.034      98.71      0.905       0.02      71878   2994.875    34.2703    26.6529    1492.30    575.000 0.0000e+00
    579.993     8.3057   3.606866          1    34.2736      0.034     3.9009      8.035      98.71      0.885      -0.07      71907   2996.063    34.2706    26.6550    1492.27    576.000 0.0000e+00
    581.002     8.2507   3.601334          1    34.2690      0.035     3.8704      8.036      98.71      0.721      -0.11      71942   2997.522    34.2649    26.6589    1492.07    577.000 0.0000e+00
    582.010     8.2148   3.597736          1    34.2652      0.033     3.8493      8.037      98.71      0.649       0.02      71978   2999.049    34.2611    26.6614    1491.95    578.000 0.0000e+00
    583.018     8.2132   3.597712          1    34.2654      0.033     3.8506      8.038      98.71      0.739       0.09      72010   3000.361    34.2620    26.6623    1491.96    579.000 0.0000e+00
    584.027     8.1924   3.595702          1    34.2637      0.033     3.8667      8.039      98.71      0.842       0.09      72037   3001.508    34.2603    26.6641    1491.90    580.000 0.0000e+00
    585.035     8.1861   3.595816          1    34.2698      0.032     3.8601      8.040      98.71      0.924       0.07      72063   3002.568    34.2672    26.6705    1491.90    581.000 0.0000e+00
    586.043     8.1815   3.596230          1    34.2783      0.036     3.8500      8.040      98.71      0.951      -0.01      72089   3003.646    34.2756    26.6778    1491.91    582.000 0.0000e+00
    587.052     8.1671   3.595097          1    34.2798      0.036     3.8350      8.041      98.71      0.886      -0.07      72117   3004.823    34.2771    26.6810    1491.87    583.000 0.0000e+00
    588.060     8.1607   3.594651          1    34.2806      0.034     3.7968      8.042      98.71      0.829      -0.03      72146   3006.053    34.2781    26.6829    1491.87    584.000 0.0000e+00
    589.068     8.1565   3.594431          1    34.2816      0.034     3.7750      8.043      98.71      0.776      -0.06      72178   3007.390    34.2794    26.6845    1491.87    585.000 0.0000e+00
    590.077     8.1544   3.594400          1    34.2824      0.037     3.7689      8.044      98.71      0.674      -0.06      72215   3008.918    34.2806    26.6858    1491.88    586.000 0.0000e+00
    591.085     8.1430   3.593716          1    34.2856      0.036     3.7541      8.044      98.71      0.636       0.04      72252   3010.465    34.2840    26.6901    1491.86    587.000 0.0000e+00
    592.094     8.1228   3.591890          1    34.2858      0.039     3.7593      8.045      98.71      0.762       0.14      72282   3011.706    34.2837    26.6930    1491.80    588.000 0.0000e+00
    593.102     8.1006   3.589732          1    34.2843      0.037     3.7569      8.046      98.71      0.904       0.13      72307   3012.760    34.2819    26.6949    1491.73    589.000 0.0000e+00
    594.110     8.0959   3.589263          1    34.2832      0.037     3.7592      8.046      98.71      0.990       0.04      72331   3013.765    34.2811    26.6949    1491.73    590.000 0.0000e+00
    595.119     8.0885   3.588655          1    34.2833      0.037     3.7462      8.047      98.71      0.984      -0.05      72357   3014.820    34.2813    26.6962    1491.71    591.000 0.0000e+00
    596.127     8.0469   3.584905          1    34.2843      0.036     3.7401      8.047      98.71      0.910      -0.08      72384   3015.964    34.2814    26.7025    1491.57    592.000 0.0000e+00
    597.136     8.0265   3.583097          1    34.2845      0.038     3.7362      8.049      98.71      0.814      -0.08      72415   3017.257    34.2816    26.7056    1491.51    593.000 0.0000e+00
    598.144     8.0206   3.582647          1    34.2845      0.037     3.7109      8.048      98.71      0.665      -0.08      72452   3018.811    34.2821    26.7069    1491.51    594.000 0.0000e+00
    599.153     8.0139   3.582417          1    34.2876      0.038     3.7038      8.048      98.71      0.631       0.03      72490   3020.380    34.2856    26.7107    1491.50    595.000 0.0000e+00
    600.161     8.0058   3.582095          1    34.2915      0.037     3.7007      8.047      98.71      0.733       0.11      72521   3021.686    34.2896    26.7150    1491.50    596.000 0.0000e+00
    601.169     7.9989   3.581817          1    34.2948      0.038     3.6917      8.048      98.71      0.870       0.13      72548   3022.780    34.2929    26.7187    1491.49    597.000 0.0000e+00
    602.178     7.9952   3.581551          1    34.2949      0.040     3.6837      8.047      98.71      0.967       0.06      72572   3023.805    34.2932    26.7194    1491.49    598.000 0.0000e+00
    603.186     7.9859   3.580784          1    34.2954      0.039     3.6738      8.038      98.71      0.970      -0.03      72598   3024.866    34.2937    26.7212    1491.47    599.000 0.0000e+00
    604.195     7.9663   3.578968          1    34.2950      0.038     3.6536      8.045      98.71      0.898      -0.09      72626   3026.041    34.2929    26.7235    1491.42    600.000 0.0000e+00
    605.203     7.9420   3.576666          1    34.2939      0.039     3.6465      8.049      98.71      0.790      -0.05      72657   3027.344    34.2916    26.7261    1491.34    601.000 0.0000e+00
    606.212     7.9120   3.573928          1    34.2939      0.041     3.6470      8.032      98.71      0.778       0.03      72688   3028.619    34.2911    26.7301    1491.24    602.000 0.0000e+00
    607.220     7.8946   3.572383          1    34.2939      0.039     3.6366      8.044      98.71      0.804      -0.01      72718   3029.884    34.2911    26.7327    1491.19    603.000 0.0000e+00
    608.229     7.8928   3.572302          1    34.2939      0.038     3.6258      8.023      98.71      0.749      -0.05      72751   3031.256    34.2916    26.7333    1491.20    604.000 0.0000e+00
    609.237     7.8800   3.571315          1    34.2952      0.042     3.6323      8.049      98.71      0.735       0.05      72783   3032.583    34.2930    26.7364    1491.17    605.000 0.0000e+00
    610.246     7.8662   3.570189          1    34.2962      0.039     3.6250      8.039      98.71      0.853       0.13      72810   3033.688    34.2939    26.7391    1491.14    606.000 0.0000e+00
    611.254     7.8560   3.569348          1    34.2968      0.039     3.6165      8.046      98.71      0.962       0.06      72834   3034.718    34.2945    26.7411    1491.12    607.000 0.0000e+00
    612.263     7.8422   3.568219          1    34.2976      0.045     3.6078      8.051      98.71      0.925      -0.10      72862   3035.873    34.2954    26.7437    1491.08    608.000 0.0000e+00
    613.271     7.8124   3.565695          1    34.2996      0.040     3.5993      8.031      98.71      0.766      -0.10      72894   3037.223    34.2971    26.7495    1490.99    609.000 0.0000e+00
    614.280     7.7230   3.557978          1    34.3058      0.040     3.5905      7.950      98.71      0.770       0.09      72925   3038.485    34.3012    26.7658    1490.67    610.000 0.0000e+00
    615.288     7.6986   3.555785          1    34.3058      0.043     3.5741      8.065      98.71      0.860       0.05      72952   3039.630    34.3011    26.7693    1490.59    611.000 0.0000e+00
    616.297     7.6856   3.554583          1    34.3049      0.044     3.5497      8.069      91.45      0.885      -0.02      72980   3040.786    34.3005    26.7707    1490.56    612.000 0.0000e+00
    617.305     7.6813   3.554219          1    34.3040      0.042     3.5135      8.059      97.93      0.807      -0.08      73011   3042.086    34.3003    26.7711    1490.56    613.000 0.0000e+00
    618.314     7.6658   3.552811          1    34.3034      0.045     3.5126      8.039      98.71      0.719      -0.02      73045   3043.487    34.2999    26.7731    1490.51    614.000 0.0000e+00
    619.322     7.6431   3.550718          1    34.3027      0.042     3.5015      8.030      98.71      0.765       0.09      73075   3044.753    34.2992    26.7758    1490.44    615.000 0.0000e+00
    620.331     7.6332   3.549811          1    34.3020      0.043     3.4936      7.974      98.71      0.872       0.08      73102   3045.866    34.2987    26.7768    1490.42    616.000 0.0000e+00
    621.339     7.6253   3.549117          1    34.3014      0.042     3.4960      8.046      98.71      0.911      -0.01      73129   3046.982    34.2984    26.7778    1490.41    617.000 0.0000e+00
    622.348     7.6224   3.548873          1    34.3008      0.040     3.5062      8.032      98.71      0.889      -0.01      73156   3048.124    34.2982    26.7780    1490.41    618.000 0.0000e+00
    623.356     7.6087   3.547617          1    34.3002      0.042     3.5053      8.047      98.71      0.870      -0.02      73184   3049.296    34.2976    26.7796    1490.38    619.000 0.0000e+00
    624.365     7.5146   3.538934          1    34.3006      0.041     3.4960      8.074      98.71      0.846      -0.02      73213   3050.498    34.2959    26.7917    1490.03    620.000 0.0000e+00
    625.373     7.3988   3.528345          1    34.3021      0.040     3.5099      8.069      98.71      0.802      -0.05      73244   3051.792    34.2948    26.8074    1489.60    621.000 0.0000e+00
    626.382     7.3793   3.526504          1    34.3000      0.044     3.4724      8.046      98.71      0.715      -0.05      73278   3053.224    34.2936    26.8093    1489.54    622.000 0.0000e+00
    627.391     7.3709   3.525774          1    34.2990      0.042     3.4286      8.074      98.71      0.724       0.07      73311   3054.571    34.2935    26.8104    1489.53    623.000 0.0000e+00
    628.399     7.3690   3.525662          1    34.2983      0.041     3.4077      8.064      98.71      0.822       0.07      73339   3055.760    34.2937    26.8108    1489.54    624.000 0.0000e+00
    629.408     7.3664   3.525496          1    34.2980      0.041     3.4112      8.069      98.71      0.883       0.04      73366   3056.880    34.2940    26.8114    1489.54    625.000 0.0000e+00
    630.416     7.3624   3.525193          1    34.2978      0.043     3.4085      8.046      98.71      0.923       0.03      73392   3057.960    34.2942    26.8121    1489.55    626.000 0.0000e+00
    631.425     7.3540   3.524490          1    34.2976      0.041     3.4120      8.025      98.71      0.931      -0.02      73418   3059.055    34.2943    26.8134    1489.53    627.000 0.0000e+00
    632.433     7.3508   3.524253          1    34.2973      0.042     3.4187      7.945      98.71      0.863      -0.08      73448   3060.279    34.2944    26.8139    1489.53    628.000 0.0000e+00
    633.442     7.3453   3.523811          1    34.2971      0.044     3.4143      8.043      94.84      0.733      -0.08      73482   3061.690    34.2946    26.8148    1489.53    629.000 0.0000e+00
    634.451     7.3426   3.523617          1    34.2968      0.057     3.4073      8.020      54.74      0.703       0.02      73516   3063.112    34.2947    26.8153    1489.53    630.000 0.0000e+00
    635.459     7.3418   3.523598          1    34.2966      0.042     3.4047      7.980      99.47      0.729       0.03      73549   3064.482    34.2948    26.8155    1489.55    631.000 0.0000e+00
    636.468     7.3409   3.523555          1    34.2963      0.043     3.4108      8.033      98.71      0.791       0.09      73578   3065.707    34.2948    26.8156    1489.56    632.000 0.0000e+00
    637.476     7.3341   3.522996          1    34.2963      0.055     3.4109      8.075      78.99      0.886       0.08      73604   3066.802    34.2949    26.8166    1489.55    633.000 0.0000e+00
    638.485     7.3243   3.522162          1    34.2965      0.042     3.3969      8.039      98.68      0.951       0.03      73629   3067.849    34.2950    26.8181    1489.53    634.000 0.0000e+00
    639.494     7.3184   3.521674          1    34.2966      0.043     3.3928      8.022      98.71      0.948      -0.04      73656   3068.944    34.2951    26.8191    1489.53    635.000 0.0000e+00
    640.502     7.3128   3.521238          1    34.2968      0.041     3.3881      7.991      98.71      0.804      -0.14      73688   3070.287    34.2954    26.8201    1489.52    636.000 0.0000e+00
    641.511     7.3070   3.520773          1    34.2968      0.043     3.4022      8.007      98.71      0.617      -0.05      73727   3071.915    34.2956    26.8211    1489.52    637.000 0.0000e+00
    642.519     7.3017   3.520350          1    34.2969      0.043     3.3904      8.009      98.71      0.685       0.13      73760   3073.310    34.2958    26.8220    1489.51    638.000 0.0000e+00
    643.528     7.2880   3.519194          1    34.2975      0.046     3.3934      8.033      98.71      0.849       0.15      73787   3074.415    34.2962    26.8242    1489.48    639.000 0.0000e+00
    644.537     7.2710   3.517772          1    34.2987      0.044     3.3962      8.081      98.71      0.967       0.08      73811   3075.428    34.2971    26.8273    1489.43    640.000 0.0000e+00
    645.545     7.2562   3.516514          1    34.2993      0.043     3.3842      8.055      98.71      0.987      -0.03      73836   3076.476    34.2975    26.8297    1489.39    641.000 0.0000e+00
    646.554     7.2475   3.515794          1    34.2996      0.043     3.3792      8.064      98.71      0.857      -0.14      73867   3077.744    34.2978    26.8312    1489.37    642.000 0.0000e+00
    647.563     7.2448   3.515599          1    34.2994      0.043     3.3712      8.029      98.71      0.663      -0.07      73904   3079.284    34.2979    26.8317    1489.38    643.000 0.0000e+00
    648.571     7.2383   3.515087          1    34.2996      0.042     3.3616      8.002      98.71      0.676       0.07      73939   3080.735    34.2983    26.8328    1489.37    644.000 0.0000e+00
    649.580     7.2314   3.514526          1    34.2999      0.042     3.3608      8.027      98.71      0.787       0.11      73968   3081.957    34.2985    26.8340    1489.36    645.000 0.0000e+00
    650.589     7.2298   3.514428          1    34.2998      0.043     3.3605      7.982      98.71      0.883       0.05      73995   3083.072    34.2986    26.8343    1489.37    646.000 0.0000e+00
    651.597     7.2274   3.514274          1    34.2998      0.045     3.3558      8.072      98.71      0.903      -0.02      74022   3084.212    34.2987    26.8347    1489.38    647.000 0.0000e+00
    652.606     7.2129   3.513028          1    34.3003      0.042     3.3573      8.011      98.71      0.806      -0.10      74053   3085.516    34.2991    26.8370    1489.34    648.000 0.0000e+00
    653.615     7.1840   3.510507          1    34.3015      0.042     3.3501      7.964      98.71      0.740       0.02      74086   3086.866    34.2997    26.8416    1489.25    649.000 0.0000e+00
    654.624     7.1574   3.508182          1    34.3024      0.044     3.3464      8.019      98.71      0.788       0.04      74116   3088.123    34.3002    26.8456    1489.16    650.000 0.0000e+00
    655.632     7.1380   3.506503          1    34.3030      0.047     3.3297      8.041      98.71      0.822       0.02      74145   3089.347    34.3006    26.8487    1489.10    651.000 0.0000e+00
    656.641     7.1167   3.504686          1    34.3040      0.046     3.3215      8.066      98.71      0.810      -0.03      74176   3090.605    34.3013    26.8522    1489.04    652.000 0.0000e+00
    657.650     7.0498   3.498760          1    34.3063      0.044     3.3195      8.065      98.71      0.794       0.00      74206   3091.869    34.3024    26.8623    1488.80    653.000 0.0000e+00
    658.658     7.0217   3.496277          1    34.3068      0.046     3.3065      8.066      98.71      0.804      -0.01      74236   3093.133    34.3026    26.8664    1488.70    654.000 0.0000e+00
