src/interpolation/Data/CTD/12w12h.cnv
* Sea-Bird SBE 9 Data File:
* FileName = E:\HOBAB2\w12.hex
* Software Version Seasave V 7.22.1
* Temperature SN = 5330
* Conductivity SN = 3693
* Number of Bytes Per Scan = 24
* Number of Voltage Words = 4
* Number of Scans Averaged by the Deck Unit = 1
* NMEA baud rate = 4800
# nquan = 18
# nvalues = 1996                        
# units = specified
# name 0 = prDM: Pressure, Digiquartz [db]
# name 1 = t090C: Temperature [ITS-90, deg C]
# name 2 = c0S/m: Conductivity [S/m]
# name 3 = pumps: Pump Status
# name 4 = sal00: Salinity, Practical [PSU]
# name 5 = seaTurbMtr: Turbidity, Seapoint [FTU]
# name 6 = sbeox0Mg/L: Oxygen, SBE 43 [mg/l]
# name 7 = ph: pH
# name 8 = altM: Altimeter [m]
# name 9 = dz/dtM: Descent Rate [m/s]
# name 10 = accM: Acceleration [m/s^2]
# name 11 = scan: Scan Count
# name 12 = timeS: Time, Elapsed [seconds]
# name 13 = sal00: Salinity, Practical [PSU]
# name 14 = sigma-t00: Density [sigma-t, kg/m^3 ]
# name 15 = svCM: Sound Velocity [Chen-Millero, m/s]
# name 16 = depSM: Depth [salt water, m], lat = 0
# name 17 = flag: flag
# span 0 =      1.006,   1012.006       
# span 1 =     4.2456,    24.9423       
# span 2 =   3.271436,   5.264328       
# span 3 =          1,          1       
# span 4 =    34.2309,    34.8756       
# span 5 =      0.025,      0.317       
# span 6 =     2.2598,     7.1448       
# span 7 =      7.618,      8.088       
# span 8 =       1.40,      99.67       
# span 9 =     -1.124,      1.112       
# span 10 =      -0.33,       0.25      
# span 11 =      46943,     125979      
# span 12 =   1955.912,   5249.080      
# span 13 =    34.2353,    34.8842      
# span 14 =    23.1488,    27.2856      
# span 15 =    1483.30,    1534.22      
# span 16 =      1.000,   1004.000      
# span 17 = 0.0000e+00, 0.0000e+00      
# interval = meters: 1                  
# start_time = Apr 18 2014 09:05:36 [System UTC, header]
# bad_flag = -9.990e-29
*END*
[from data line 1930]
     66.375    22.6948   5.036467          1    34.7331      0.114     6.7525      7.818      98.58     -0.689       0.06     119311   4971.241    34.7351    23.8202    1529.49     66.000 0.0000e+00
     65.369    22.7049   5.037421          1    34.7331      0.115     6.7540      7.818      98.71     -0.628       0.04     119350   4972.867    34.7348    23.8171    1529.50     65.000 0.0000e+00
     64.364    22.7125   5.038176          1    34.7334      0.116     6.7240      7.818      98.71     -0.585      -0.04     119390   4974.542    34.7350    23.8150    1529.50     64.000 0.0000e+00
     63.358    22.7238   5.039311          1    34.7337      0.132     6.7514      7.818      98.71     -0.735      -0.18     119420   4975.798    34.7352    23.8120    1529.51     63.000 0.0000e+00
     62.352    22.7274   5.039534          1    34.7329      0.129     6.7705      7.818      98.71     -0.919      -0.15     119445   4976.825    34.7343    23.8103    1529.50     62.000 0.0000e+00
     61.346    22.7312   5.039840          1    34.7328      0.113     6.7717      7.818      98.71     -0.977       0.04     119470   4977.889    34.7340    23.8090    1529.49     61.000 0.0000e+00
     60.340    22.7479   5.041415          1    34.7319      0.115     6.7590      7.818      98.71     -0.808       0.15     119502   4979.226    34.7333    23.8037    1529.52     60.000 0.0000e+00
     59.334    22.7888   5.045442          1    34.7303      0.119     6.7662      7.818      98.71     -0.675       0.02     119538   4980.705    34.7323    23.7912    1529.61     59.000 0.0000e+00
     58.329    22.8046   5.047007          1    34.7303      0.145     6.6980      7.817      98.71     -0.706      -0.00     119572   4982.141    34.7322    23.7866    1529.63     58.000 0.0000e+00
     57.323    22.8123   5.047716          1    34.7302      0.130     6.5920      7.817      98.71     -0.611       0.07     119612   4983.800    34.7320    23.7842    1529.63     57.000 0.0000e+00
     56.317    22.8358   5.049977          1    34.7292      0.126     6.5595      7.817      84.88     -0.640      -0.10     119648   4985.305    34.7311    23.7768    1529.68     56.000 0.0000e+00
     55.311    22.8886   5.055071          1    34.7264      0.154     6.5763      7.817      53.10     -0.801      -0.14     119677   4986.483    34.7290    23.7601    1529.79     55.000 0.0000e+00
     54.305    22.9114   5.057265          1    34.7254      0.151     6.5360      7.817      97.07     -0.865       0.05     119705   4987.685    34.7282    23.7529    1529.83     54.000 0.0000e+00
     53.300    22.9661   5.062188          1    34.7202      0.154     6.4925      7.817      98.71     -0.505       0.16     119757   4989.840    34.7232    23.7334    1529.95     53.000 0.0000e+00
     52.294    23.0163   5.066216          1    34.7143      0.183     6.4304      7.827      78.89     -0.183      -0.06     121714   5071.371    34.7149    23.7126    1530.05     52.000 0.0000e+00
     51.288    23.0375   5.067387          1    34.7074      0.171     6.4534      7.831      96.88     -0.375       0.06     122484   5103.446    34.7075    23.7010    1530.08     51.000 0.0000e+00
     50.282    23.0990   5.071426          1    34.6890      0.176     6.4335      7.831      73.49     -0.318      -0.03     122591   5107.910    34.6904    23.6703    1530.20     50.000 0.0000e+00
     49.277    23.1202   5.073318          1    34.6871      0.177     6.4038      7.832      78.67     -0.448      -0.07     122646   5110.219    34.6885    23.6627    1530.24     49.000 0.0000e+00
     48.271    23.1925   5.080047          1    34.6811      0.192     6.4147      7.832      78.28     -0.577      -0.07     122688   5111.939    34.6835    23.6380    1530.40     48.000 0.0000e+00
     47.265    23.2558   5.086131          1    34.6772      0.173     6.4678      7.832      98.47     -0.659      -0.01     122724   5113.461    34.6806    23.6175    1530.54     47.000 0.0000e+00
     46.259    23.3014   5.090572          1    34.6755      0.173     6.5105      7.831      83.22     -0.540       0.10     122770   5115.361    34.6791    23.6031    1530.64     46.000 0.0000e+00
     45.254    23.4280   5.102811          1    34.6688      0.161     6.5328      7.831      99.28     -0.404      -0.04     122827   5117.746    34.6736    23.5622    1530.94     45.000 0.0000e+00
     44.248    23.5361   5.113066          1    34.6614      0.145     6.5907      7.831      98.71     -0.537      -0.05     122872   5119.622    34.6674    23.5259    1531.18     44.000 0.0000e+00
     43.242    23.5722   5.116441          1    34.6598      0.133     6.6824      7.831      98.71     -0.535       0.04     122917   5121.517    34.6652    23.5137    1531.26     43.000 0.0000e+00
     42.236    23.5898   5.117980          1    34.6592      0.133     6.6634      7.831      98.71     -0.436       0.02     122971   5123.762    34.6635    23.5072    1531.28     42.000 0.0000e+00
     41.231    23.6222   5.120895          1    34.6570      0.143     6.6858      7.830      98.71     -0.507      -0.05     123019   5125.762    34.6606    23.4956    1531.34     41.000 0.0000e+00
     40.225    23.6650   5.124680          1    34.6525      0.145     6.6693      7.829      98.71     -0.502       0.05     123067   5127.770    34.6562    23.4797    1531.43     40.000 0.0000e+00
     39.219    23.6786   5.126028          1    34.6532      0.117     6.6871      7.829      98.71     -0.448      -0.03     123121   5130.000    34.6562    23.4757    1531.45     39.000 0.0000e+00
     38.213    23.6978   5.127964          1    34.6537      0.107     6.7076      7.828      98.71     -0.430       0.04     123176   5132.304    34.6562    23.4701    1531.48     38.000 0.0000e+00
     37.208    23.7393   5.132333          1    34.6545      0.104     6.6810      7.827      98.71     -0.481      -0.13     123226   5134.371    34.6573    23.4588    1531.56     37.000 0.0000e+00
     36.202    23.8051   5.139166          1    34.6545      0.112     6.6463      7.827      98.71     -0.705      -0.14     123258   5135.713    34.6581    23.4400    1531.71     36.000 0.0000e+00
     35.196    23.8220   5.140944          1    34.6555      0.103     6.7225      7.827      98.71     -0.607       0.14     123300   5137.454    34.6587    23.4355    1531.74     35.000 0.0000e+00
     34.191    23.9582   5.155379          1    34.6570      0.105     6.6430      7.826      94.20     -0.380      -0.02     123359   5139.900    34.6621    23.3979    1532.07     34.000 0.0000e+00
     33.185    24.0628   5.166619          1    34.6600      0.110     6.6729      7.826      98.73     -0.564      -0.10     123401   5141.675    34.6659    23.3699    1532.31     33.000 0.0000e+00
     32.179    24.0760   5.167840          1    34.6602      0.106     6.6357      7.825      98.71     -0.613       0.02     123441   5143.325    34.6652    23.3654    1532.33     32.000 0.0000e+00
     31.174    24.0892   5.169114          1    34.6608      0.104     6.6036      7.825      94.78     -0.554       0.04     123485   5145.155    34.6649    23.3613    1532.34     31.000 0.0000e+00
     30.168    24.1104   5.171161          1    34.6607      0.105     6.6536      7.825      97.55     -0.480       0.02     123535   5147.239    34.6642    23.3544    1532.38     30.000 0.0000e+00
     29.162    24.1402   5.174248          1    34.6614      0.108     6.6414      7.825      98.74     -0.509      -0.07     123582   5149.194    34.6646    23.3459    1532.44     29.000 0.0000e+00
     28.157    24.1870   5.179251          1    34.6626      0.115     6.6078      7.824      98.71     -0.624      -0.03     123620   5150.791    34.6662    23.3332    1532.54     28.000 0.0000e+00
     27.151    24.2010   5.180789          1    34.6643      0.113     6.6348      7.824      98.71     -0.548       0.07     123665   5152.646    34.6673    23.3299    1532.55     27.000 0.0000e+00
     26.145    24.2401   5.185087          1    34.6665      0.097     6.5810      7.824      98.71     -0.469       0.02     123716   5154.786    34.6696    23.3200    1532.64     26.000 0.0000e+00
     25.140    24.3021   5.191813          1    34.6687      0.097     6.6115      7.823      98.71     -0.472      -0.05     123766   5156.893    34.6724    23.3036    1532.78     25.000 0.0000e+00
     24.134    24.3943   5.201954          1    34.6728      0.095     6.6216      7.823      98.71     -0.562       0.00     123809   5158.687    34.6774    23.2799    1532.99     24.000 0.0000e+00
     23.128    24.4230   5.205199          1    34.6757      0.098     6.5823      7.823      98.71     -0.511       0.00     123856   5160.632    34.6798    23.2731    1533.05     23.000 0.0000e+00
     22.123    24.4803   5.211506          1    34.6787      0.092     6.5806      7.822      98.71     -0.585      -0.04     123897   5162.346    34.6830    23.2584    1533.17     22.000 0.0000e+00
     21.117    24.4903   5.212558          1    34.6801      0.092     6.5414      7.822      98.71     -0.444       0.10     123950   5164.557    34.6834    23.2557    1533.18     21.000 0.0000e+00
     20.111    24.5045   5.214093          1    34.6815      0.090     6.5889      7.822      98.71     -0.454      -0.16     124005   5166.822    34.6843    23.2521    1533.20     20.000 0.0000e+00
     19.106    24.5363   5.217618          1    34.6836      0.093     6.6084      7.822      98.71     -0.604      -0.01     124044   5168.475    34.6864    23.2442    1533.26     19.000 0.0000e+00
     18.100    24.5448   5.218825          1    34.6866      0.095     6.5473      7.822      90.72     -0.555       0.02     124088   5170.275    34.6892    23.2437    1533.27     18.000 0.0000e+00
     17.095    24.7879   5.247247          1    34.7062      0.127     6.5378      7.821      98.63     -0.629      -0.09     124125   5171.838    34.7137    23.1891    1533.87     17.000 0.0000e+00
     16.089    24.8602   5.255224          1    34.7130      0.105     6.5310      7.820      97.26     -0.243       0.01     124266   5177.691    34.7177    23.1703    1534.03     16.000 0.0000e+00
     15.083    24.9118   5.260747          1    34.7205      0.132     6.5026      7.819      95.36     -0.126      -0.14     124707   5196.065    34.7193    23.1559    1534.14     15.000 0.0000e+00
     14.078    24.8843   5.257708          1    34.7180      0.092     6.5328      7.819      94.83     -0.307       0.05     124651   5193.761    34.7182    23.1633    1534.06     14.000 0.0000e+00
     13.072    24.8967   5.259091          1    34.7190      0.095     6.5370      7.819      98.71     -0.281      -0.02     124744   5197.606    34.7193    23.1605    1534.07     13.000 0.0000e+00
     12.067    24.8986   5.259264          1    34.7192      0.099     6.4841      7.819      92.00     -0.358      -0.07     124815   5200.579    34.7194    23.1600    1534.06     12.000 0.0000e+00
     11.061    24.9022   5.259624          1    34.7194      0.094     6.5524      7.819      98.45     -0.323       0.05     124884   5203.459    34.7196    23.1590    1534.05     11.000 0.0000e+00
     10.055    24.9046   5.259815          1    34.7193      0.131     6.5142      7.820       8.05     -0.305      -0.06     124969   5206.986    34.7195    23.1582    1534.04     10.000 0.0000e+00
      9.050    24.9052   5.259857          1    34.7196      0.127     6.5462      7.820       3.40     -0.349       0.02     125036   5209.812    34.7197    23.1581    1534.03      9.000 0.0000e+00
      8.044    24.9034   5.259639          1    34.7197      0.116     6.5213      7.820      15.78     -0.329      -0.01     125110   5212.891    34.7197    23.1587    1534.01      8.000 0.0000e+00
      7.039    24.9016   5.259423          1    34.7199      0.129     6.5243      7.821       5.43     -0.292       0.03     125188   5216.135    34.7199    23.1594    1533.99      7.000 0.0000e+00
      6.033    24.9020   5.259421          1    34.7199      0.122     6.5379      7.821       1.40     -0.365      -0.08     125262   5219.189    34.7199    23.1593    1533.97      6.000 0.0000e+00
      5.028    24.9030   5.259491          1    34.7199      0.125     6.5126      7.822       3.50     -0.091       0.03     125540   5230.798    34.7199    23.1590    1533.96      5.000 0.0000e+00
      4.022    24.9009   5.259223          1    34.7199      0.125     6.5393      7.822       3.01     -0.358      -0.04     125724   5238.452    34.7199    23.1596    1533.93      4.000 0.0000e+00
      3.017    24.8997   5.259058          1    34.7199      0.166     6.5142      7.822       2.29     -0.201       0.02     125826   5242.720    34.7199    23.1600    1533.91      3.000 0.0000e+00
      2.011    24.9016   5.259210          1    34.7198      0.112     6.5220      7.823       2.83     -0.228      -0.08     125941   5247.498    34.7199    23.1594    1533.90      2.000 0.0000e+00
      1.006    24.9005   5.259046          1    34.7199      0.129     6.5707      7.823       2.73     -0.682      -0.33     125979   5249.080    34.7198    23.1597    1533.88      1.000 0.0000e+00
