src/interpolation/Data/CTD/12w12h.cnv
* Sea-Bird SBE 9 Data File:
* FileName = E:\HOBAB2\w12.hex
* Software Version Seasave V 7.22.1
* Temperature SN = 5330
* Conductivity SN = 3693
* Number of Bytes Per Scan = 24
* Number of Voltage Words = 4
* Number of Scans Averaged by the Deck Unit = 1
* NMEA baud rate = 4800
# nquan = 18
# nvalues = 1996                        
# units = specified
# name 0 = prDM: Pressure, Digiquartz [db]
# name 1 = t090C: Temperature [ITS-90, deg C]
# name 2 = c0S/m: Conductivity [S/m]
# name 3 = pumps: Pump Status
# name 4 = sal00: Salinity, Practical [PSU]
# name 5 = seaTurbMtr: Turbidity, Seapoint [FTU]
# name 6 = sbeox0Mg/L: Oxygen, SBE 43 [mg/l]
# name 7 = ph: pH
# name 8 = altM: Altimeter [m]
# name 9 = dz/dtM: Descent Rate [m/s]
# name 10 = accM: Acceleration [m/s^2]
# name 11 = scan: Scan Count
# name 12 = timeS: Time, Elapsed [seconds]
# name 13 = sal00: Salinity, Practical [PSU]
# name 14 = sigma-t00: Density [sigma-t, kg/m^3 ]
# name 15 = svCM: Sound Velocity [Chen-Millero, m/s]
# name 16 = depSM: Depth [salt water, m], lat = 0
# name 17 = flag: flag
# span 0 =      1.006,   1012.006       
# span 1 =     4.2456,    24.9423       
# span 2 =   3.271436,   5.264328       
# span 3 =          1,          1       
# span 4 =    34.2309,    34.8756       
# span 5 =      0.025,      0.317       
# span 6 =     2.2598,     7.1448       
# span 7 =      7.618,      8.088       
# span 8 =       1.40,      99.67       
# span 9 =     -1.124,      1.112       
# span 10 =      -0.33,       0.25      
# span 11 =      46943,     125979      
# span 12 =   1955.912,   5249.080      
# span 13 =    34.2353,    34.8842      
# span 14 =    23.1488,    27.2856      
# span 15 =    1483.30,    1534.22      
# span 16 =      1.000,   1004.000      
# span 17 = 0.0000e+00, 0.0000e+00      
# interval = meters: 1                  
# start_time = Apr 18 2014 09:05:36 [System UTC, header]
# bad_flag = -9.990e-29
*END*
[from data line 1609]
    389.504    13.7155   4.128356          1    34.4852      0.031     5.3559      7.785      98.71     -0.759       0.01     109264   4552.621    34.4867    25.8496    1508.39    387.000 0.0000e+00
    388.497    13.7211   4.128874          1    34.4855      0.031     5.3478      7.784      98.71     -0.746      -0.00     109296   4553.963    34.4870    25.8487    1508.39    386.000 0.0000e+00
    387.490    13.7245   4.129176          1    34.4858      0.032     5.3364      7.791      98.71     -0.785      -0.05     109326   4555.219    34.4871    25.8481    1508.39    385.000 0.0000e+00
    386.482    13.7310   4.129779          1    34.4860      0.032     5.3482      7.789      98.71     -0.826      -0.01     109356   4556.443    34.4873    25.8469    1508.39    384.000 0.0000e+00
    385.475    13.7351   4.130144          1    34.4863      0.032     5.3642      7.730      98.71     -0.771       0.06     109388   4557.781    34.4874    25.8461    1508.39    383.000 0.0000e+00
    384.467    13.7430   4.130901          1    34.4867      0.032     5.3700      7.797      98.71     -0.745      -0.03     109419   4559.100    34.4879    25.8448    1508.40    382.000 0.0000e+00
    383.460    13.7556   4.132157          1    34.4873      0.033     5.3696      7.804      98.71     -0.842      -0.12     109446   4560.224    34.4887    25.8428    1508.42    381.000 0.0000e+00
    382.453    13.7802   4.134637          1    34.4884      0.032     5.3533      7.813      98.71     -0.960      -0.08     109471   4561.240    34.4901    25.8389    1508.49    380.000 0.0000e+00
    381.445    13.8055   4.137064          1    34.4884      0.031     5.3615      7.808      98.71     -0.967       0.05     109497   4562.318    34.4905    25.8339    1508.55    379.000 0.0000e+00
    380.438    13.7979   4.136219          1    34.4883      0.029     5.3875      7.825      98.71     -0.860       0.11     109526   4563.548    34.4898    25.8350    1508.51    378.000 0.0000e+00
    379.430    13.8144   4.137675          1    34.4870      0.030     5.3935      7.845      98.71     -0.708       0.10     109562   4565.026    34.4890    25.8309    1508.55    377.000 0.0000e+00
    378.423    13.8964   4.146765          1    34.4969      0.037     5.4019      7.845      98.71     -0.613      -0.01     109601   4566.649    34.5005    25.8227    1508.81    376.000 0.0000e+00
    377.416    14.1021   4.167240          1    34.4993      0.030     5.3814      7.849      98.71     -0.709      -0.14     109632   4567.977    34.5069    25.7846    1509.47    375.000 0.0000e+00
    376.408    14.1614   4.173113          1    34.5005      0.030     5.4313      7.883      98.71     -0.883      -0.15     109658   4569.045    34.5087    25.7735    1509.65    374.000 0.0000e+00
    375.401    14.1887   4.175963          1    34.5034      0.030     5.5190      7.890      98.71     -0.973      -0.04     109683   4570.068    34.5112    25.7696    1509.72    373.000 0.0000e+00
    374.394    14.2163   4.178821          1    34.5060      0.030     5.5827      7.891      98.71     -0.959       0.05     109709   4571.152    34.5133    25.7654    1509.80    372.000 0.0000e+00
    373.386    14.2297   4.179990          1    34.5060      0.031     5.5755      7.890      98.71     -0.870       0.09     109738   4572.361    34.5126    25.7620    1509.83    371.000 0.0000e+00
    372.379    14.2579   4.182963          1    34.5094      0.029     5.5563      7.881      98.71     -0.739       0.08     109771   4573.768    34.5153    25.7581    1509.90    370.000 0.0000e+00
    371.372    14.2857   4.185746          1    34.5109      0.031     5.5446      7.875      98.71     -0.692      -0.01     109806   4575.206    34.5166    25.7532    1509.98    369.000 0.0000e+00
    370.364    14.3063   4.187767          1    34.5122      0.031     5.5499      7.879      98.71     -0.758      -0.08     109837   4576.491    34.5173    25.7494    1510.03    368.000 0.0000e+00
    369.357    14.3162   4.188747          1    34.5133      0.028     5.5656      7.894      98.71     -0.839      -0.06     109865   4577.666    34.5179    25.7478    1510.04    367.000 0.0000e+00
    368.350    14.3226   4.189321          1    34.5138      0.030     5.5630      7.896      98.71     -0.871       0.01     109893   4578.826    34.5179    25.7464    1510.05    366.000 0.0000e+00
    367.342    14.3254   4.189529          1    34.5144      0.031     5.5446      7.887      98.71     -0.827       0.06     109923   4580.078    34.5177    25.7457    1510.04    365.000 0.0000e+00
    366.335    14.3299   4.189965          1    34.5151      0.033     5.5386      7.895      93.43     -0.771       0.01     109954   4581.388    34.5181    25.7450    1510.04    364.000 0.0000e+00
    365.328    14.3432   4.191291          1    34.5161      0.042     5.5532      7.890      61.48     -0.791      -0.04     109984   4582.640    34.5189    25.7427    1510.07    363.000 0.0000e+00
    364.321    14.3520   4.192118          1    34.5165      0.031     5.5509      7.903      98.13     -0.816      -0.00     110014   4583.876    34.5191    25.7410    1510.08    362.000 0.0000e+00
    363.313    14.3582   4.192713          1    34.5171      0.031     5.5458      7.901      98.71     -0.811      -0.00     110044   4585.111    34.5194    25.7400    1510.08    361.000 0.0000e+00
    362.306    14.3666   4.193522          1    34.5177      0.031     5.5471      7.902      98.71     -0.844      -0.05     110072   4586.282    34.5198    25.7385    1510.09    360.000 0.0000e+00
    361.299    14.3761   4.194432          1    34.5181      0.029     5.5556      7.885      98.71     -0.869       0.01     110100   4587.451    34.5202    25.7368    1510.11    359.000 0.0000e+00
    360.291    14.3796   4.194772          1    34.5187      0.029     5.5555      7.878      98.71     -0.802       0.08     110131   4588.757    34.5205    25.7363    1510.10    358.000 0.0000e+00
    359.284    14.3805   4.194859          1    34.5195      0.029     5.5725      7.881      98.71     -0.698       0.04     110166   4590.208    34.5210    25.7365    1510.09    357.000 0.0000e+00
    358.277    14.4011   4.196903          1    34.5201      0.031     5.5639      7.866      98.71     -0.727      -0.09     110198   4591.539    34.5219    25.7327    1510.14    356.000 0.0000e+00
    357.270    14.4277   4.199645          1    34.5216      0.031     5.5663      7.871      98.71     -0.841      -0.09     110226   4592.692    34.5238    25.7285    1510.21    355.000 0.0000e+00
    356.262    14.4540   4.202285          1    34.5227      0.032     5.5776      7.881      98.71     -0.896      -0.02     110252   4593.804    34.5251    25.7239    1510.28    354.000 0.0000e+00
    355.255    14.4641   4.203317          1    34.5235      0.031     5.5841      7.883      98.71     -0.897       0.03     110280   4594.951    34.5259    25.7224    1510.30    353.000 0.0000e+00
    354.248    14.4791   4.204813          1    34.5245      0.029     5.5830      7.913      98.71     -0.796       0.10     110312   4596.275    34.5268    25.7198    1510.33    352.000 0.0000e+00
    353.241    14.4990   4.206906          1    34.5262      0.031     5.5709      7.919      98.71     -0.690       0.03     110347   4597.736    34.5287    25.7171    1510.38    351.000 0.0000e+00
    352.233    14.5933   4.216863          1    34.5323      0.030     5.5810      7.916      98.71     -0.741      -0.10     110378   4599.034    34.5366    25.7029    1510.67    350.000 0.0000e+00
    351.226    14.6575   4.223399          1    34.5345      0.030     5.5794      7.914      98.71     -0.864      -0.12     110404   4600.139    34.5399    25.6917    1510.87    349.000 0.0000e+00
    350.219    14.6857   4.226125          1    34.5353      0.029     5.5663      7.914      98.71     -0.942      -0.01     110430   4601.212    34.5403    25.6858    1510.94    348.000 0.0000e+00
    349.212    14.6610   4.223833          1    34.5378      0.031     5.6114      7.915      98.71     -0.864       0.11     110460   4602.447    34.5416    25.6922    1510.85    347.000 0.0000e+00
    348.204    14.6859   4.226160          1    34.5375      0.032     5.6203      7.915      98.71     -0.717       0.06     110494   4603.875    34.5412    25.6865    1510.91    346.000 0.0000e+00
    347.197    14.7168   4.229399          1    34.5401      0.031     5.6157      7.915      98.71     -0.712      -0.04     110527   4605.267    34.5438    25.6818    1510.99    345.000 0.0000e+00
    346.190    14.7629   4.234042          1    34.5415      0.029     5.6222      7.914      98.71     -0.775      -0.05     110558   4606.532    34.5458    25.6734    1511.13    344.000 0.0000e+00
    345.183    14.8071   4.238641          1    34.5442      0.034     5.6317      7.915      98.71     -0.842      -0.05     110586   4607.702    34.5490    25.6662    1511.25    343.000 0.0000e+00
    344.176    14.8471   4.242710          1    34.5462      0.031     5.6237      7.915      98.71     -0.865       0.01     110614   4608.877    34.5511    25.6592    1511.37    342.000 0.0000e+00
    343.168    14.8636   4.244307          1    34.5469      0.029     5.6365      7.915      98.71     -0.833       0.03     110643   4610.098    34.5514    25.6559    1511.40    341.000 0.0000e+00
    342.161    14.8778   4.245728          1    34.5479      0.027     5.6289      7.915      98.71     -0.820      -0.00     110673   4611.324    34.5522    25.6534    1511.43    340.000 0.0000e+00
    341.154    14.9079   4.248830          1    34.5501      0.028     5.6455      7.915      98.71     -0.816       0.01     110703   4612.568    34.5543    25.6484    1511.51    339.000 0.0000e+00
    340.147    14.9152   4.249644          1    34.5519      0.030     5.6773      7.914      98.71     -0.775       0.05     110735   4613.897    34.5556    25.6479    1511.52    338.000 0.0000e+00
    339.140    14.9343   4.251501          1    34.5526      0.031     5.7020      7.914      98.71     -0.706       0.03     110769   4615.336    34.5560    25.6440    1511.57    337.000 0.0000e+00
    338.133    14.9766   4.255969          1    34.5557      0.030     5.6754      7.914      98.71     -0.724      -0.07     110801   4616.680    34.5596    25.6375    1511.69    336.000 0.0000e+00
    337.125    15.0148   4.259894          1    34.5577      0.030     5.6333      7.913      98.71     -0.842      -0.12     110828   4617.806    34.5620    25.6310    1511.79    335.000 0.0000e+00
    336.118    15.0305   4.261532          1    34.5592      0.030     5.6468      7.913      98.71     -0.950      -0.07     110853   4618.840    34.5633    25.6286    1511.83    334.000 0.0000e+00
    335.111    15.0475   4.263237          1    34.5604      0.029     5.6324      7.913      98.71     -0.954       0.06     110879   4619.928    34.5642    25.6255    1511.87    333.000 0.0000e+00
    334.104    15.0543   4.264061          1    34.5626      0.035     5.6104      7.913      98.71     -0.849       0.11     110909   4621.179    34.5661    25.6255    1511.88    332.000 0.0000e+00
    333.097    15.0565   4.263969          1    34.5608      0.032     5.6164      7.913      98.71     -0.693       0.08     110945   4622.675    34.5637    25.6232    1511.86    331.000 0.0000e+00
    332.090    15.1286   4.271854          1    34.5680      0.030     5.6113      7.913      98.71     -0.640      -0.03     110982   4624.227    34.5720    25.6137    1512.08    330.000 0.0000e+00
    331.082    15.2195   4.281156          1    34.5711      0.028     5.6514      7.913      98.71     -0.728      -0.10     111014   4625.544    34.5765    25.5971    1512.36    329.000 0.0000e+00
    330.075    15.2553   4.284703          1    34.5718      0.032     5.6592      7.913      98.71     -0.861      -0.12     111041   4626.648    34.5774    25.5899    1512.46    328.000 0.0000e+00
    329.068    15.2729   4.286417          1    34.5726      0.027     5.7045      7.913      98.71     -0.964      -0.08     111065   4627.660    34.5778    25.5863    1512.49    327.000 0.0000e+00
    328.061    15.2816   4.287286          1    34.5737      0.030     5.7511      7.913      98.71     -0.994       0.01     111090   4628.690    34.5784    25.5849    1512.51    326.000 0.0000e+00
    327.054    15.2857   4.287624          1    34.5741      0.027     5.7689      7.912      98.71     -0.895       0.13     111119   4629.898    34.5782    25.5838    1512.50    325.000 0.0000e+00
    326.047    15.2898   4.288136          1    34.5762      0.030     5.7621      7.912      98.71     -0.700       0.10     111154   4631.375    34.5796    25.5839    1512.50    324.000 0.0000e+00
    325.040    15.3346   4.292805          1    34.5784      0.030     5.7619      7.912      98.71     -0.677      -0.05     111189   4632.835    34.5827    25.5764    1512.63    323.000 0.0000e+00
    324.033    15.4476   4.304778          1    34.5860      0.028     5.7124      7.911      98.71     -0.751      -0.05     111220   4634.144    34.5917    25.5582    1512.98    322.000 0.0000e+00
    323.026    15.5081   4.310964          1    34.5879      0.032     5.7189      7.910      98.71     -0.820      -0.05     111249   4635.344    34.5945    25.5468    1513.15    321.000 0.0000e+00
    322.018    15.5612   4.316492          1    34.5914      0.031     5.7158      7.910      98.71     -0.855      -0.01     111277   4636.521    34.5980    25.5377    1513.31    320.000 0.0000e+00
    321.011    15.5655   4.316979          1    34.5931      0.030     5.6953      7.909      98.71     -0.847       0.01     111306   4637.717    34.5990    25.5374    1513.30    319.000 0.0000e+00
    320.004    15.6014   4.320763          1    34.5962      0.030     5.6614      7.909      98.71     -0.828       0.02     111336   4638.948    34.6019    25.5316    1513.40    318.000 0.0000e+00
    318.997    15.6232   4.322962          1    34.5976      0.031     5.6596      7.909      98.71     -0.795       0.01     111366   4640.218    34.6029    25.5275    1513.45    317.000 0.0000e+00
    317.990    15.6601   4.326696          1    34.5991      0.031     5.6625      7.908      98.71     -0.815      -0.03     111395   4641.433    34.6045    25.5204    1513.55    316.000 0.0000e+00
    316.983    15.6802   4.328740          1    34.6005      0.031     5.6632      7.908      98.71     -0.846      -0.00     111424   4642.627    34.6055    25.5166    1513.60    315.000 0.0000e+00
    315.976    15.6951   4.330193          1    34.6013      0.030     5.6539      7.908      98.71     -0.814       0.04     111454   4643.879    34.6058    25.5135    1513.63    314.000 0.0000e+00
    314.969    15.7017   4.330835          1    34.6023      0.031     5.6745      7.907      98.71     -0.804      -0.01     111484   4645.133    34.6062    25.5124    1513.64    313.000 0.0000e+00
    313.962    15.7028   4.330854          1    34.6026      0.042     5.6676      7.907      98.71     -0.756       0.07     111517   4646.510    34.6058    25.5118    1513.62    312.000 0.0000e+00
    312.955    15.7225   4.333072          1    34.6054      0.031     5.6519      7.907      98.71     -0.663       0.02     111554   4648.023    34.6088    25.5096    1513.67    311.000 0.0000e+00
    311.948    15.8473   4.346164          1    34.6115      0.032     5.6643      7.907      98.71     -0.731      -0.12     111585   4649.321    34.6171    25.4878    1514.05    310.000 0.0000e+00
    310.941    15.9178   4.353475          1    34.6144      0.034     5.6838      7.907      98.71     -0.887      -0.15     111610   4650.379    34.6210    25.4748    1514.26    309.000 0.0000e+00
