src/interpolation/Data/CTD/12w12h.cnv
* Sea-Bird SBE 9 Data File:
* FileName = E:\HOBAB2\w12.hex
* Software Version Seasave V 7.22.1
* Temperature SN = 5330
* Conductivity SN = 3693
* Number of Bytes Per Scan = 24
* Number of Voltage Words = 4
* Number of Scans Averaged by the Deck Unit = 1
* NMEA baud rate = 4800
# nquan = 18
# nvalues = 1996                        
# units = specified
# name 0 = prDM: Pressure, Digiquartz [db]
# name 1 = t090C: Temperature [ITS-90, deg C]
# name 2 = c0S/m: Conductivity [S/m]
# name 3 = pumps: Pump Status
# name 4 = sal00: Salinity, Practical [PSU]
# name 5 = seaTurbMtr: Turbidity, Seapoint [FTU]
# name 6 = sbeox0Mg/L: Oxygen, SBE 43 [mg/l]
# name 7 = ph: pH
# name 8 = altM: Altimeter [m]
# name 9 = dz/dtM: Descent Rate [m/s]
# name 10 = accM: Acceleration [m/s^2]
# name 11 = scan: Scan Count
# name 12 = timeS: Time, Elapsed [seconds]
# name 13 = sal00: Salinity, Practical [PSU]
# name 14 = sigma-t00: Density [sigma-t, kg/m^3 ]
# name 15 = svCM: Sound Velocity [Chen-Millero, m/s]
# name 16 = depSM: Depth [salt water, m], lat = 0
# name 17 = flag: flag
# span 0 =      1.006,   1012.006       
# span 1 =     4.2456,    24.9423       
# span 2 =   3.271436,   5.264328       
# span 3 =          1,          1       
# span 4 =    34.2309,    34.8756       
# span 5 =      0.025,      0.317       
# span 6 =     2.2598,     7.1448       
# span 7 =      7.618,      8.088       
# span 8 =       1.40,      99.67       
# span 9 =     -1.124,      1.112       
# span 10 =      -0.33,       0.25      
# span 11 =      46943,     125979      
# span 12 =   1955.912,   5249.080      
# span 13 =    34.2353,    34.8842      
# span 14 =    23.1488,    27.2856      
# span 15 =    1483.30,    1534.22      
# span 16 =      1.000,   1004.000      
# span 17 = 0.0000e+00, 0.0000e+00      
# interval = meters: 1                  
# start_time = Apr 18 2014 09:05:36 [System UTC, header]
# bad_flag = -9.990e-29
*END*
[from data line 805]
    823.144     5.4995   3.368889          1    34.3309      0.038     2.6411      7.752      94.26      0.788      -0.14      79117   3296.518    34.3309    27.0858    1485.44    817.000 0.0000e+00
    824.153     5.4980   3.368809          1    34.3310      0.038     2.6428      7.813      92.21      0.648      -0.03      79155   3298.080    34.3311    27.0862    1485.45    818.000 0.0000e+00
    825.163     5.4878   3.368156          1    34.3338      0.038     2.6444      7.819      98.77      0.666       0.04      79191   3299.575    34.3335    27.0894    1485.43    819.000 0.0000e+00
    826.172     5.4730   3.367079          1    34.3363      0.037     2.6479      7.772      98.71      0.733       0.06      79223   3300.914    34.3358    27.0929    1485.39    820.000 0.0000e+00
    827.182     5.4722   3.367065          1    34.3365      0.039     2.6458      7.746      98.71      0.813       0.06      79252   3302.117    34.3360    27.0932    1485.40    821.000 0.0000e+00
    828.191     5.4683   3.366796          1    34.3369      0.038     2.6409      7.744      98.71      0.894       0.09      79278   3303.204    34.3364    27.0940    1485.40    822.000 0.0000e+00
    829.201     5.4436   3.364849          1    34.3399      0.037     2.6300      7.745      98.71      0.958       0.03      79303   3304.244    34.3389    27.0989    1485.32    823.000 0.0000e+00
    830.210     5.4170   3.362717          1    34.3429      0.039     2.6264      7.745      98.71      0.957      -0.03      79329   3305.322    34.3412    27.1039    1485.23    824.000 0.0000e+00
    831.220     5.3830   3.359923          1    34.3459      0.040     2.6218      7.748      98.71      0.868      -0.11      79358   3306.548    34.3435    27.1098    1485.12    825.000 0.0000e+00
    832.229     5.3560   3.357652          1    34.3473      0.038     2.6151      7.741      98.71      0.727      -0.06      79392   3307.964    34.3445    27.1139    1485.03    826.000 0.0000e+00
    833.239     5.3365   3.356017          1    34.3480      0.037     2.6106      7.732      98.71      0.706       0.00      79426   3309.391    34.3453    27.1168    1484.97    827.000 0.0000e+00
    834.249     5.3208   3.354737          1    34.3488      0.037     2.5915      7.705      98.71      0.715       0.00      79460   3310.794    34.3461    27.1193    1484.92    828.000 0.0000e+00
    835.258     5.3120   3.354036          1    34.3491      0.041     2.5828      7.718      98.71      0.767       0.08      79490   3312.060    34.3466    27.1207    1484.90    829.000 0.0000e+00
    836.268     5.3018   3.353220          1    34.3496      0.038     2.5811      7.742      98.71      0.863       0.08      79518   3313.190    34.3472    27.1224    1484.88    830.000 0.0000e+00
    837.277     5.2808   3.351457          1    34.3506      0.036     2.5773      7.769      98.71      0.915       0.01      79544   3314.294    34.3480    27.1255    1484.81    831.000 0.0000e+00
    838.287     5.2260   3.346769          1    34.3534      0.038     2.5820      7.741      98.71      0.877      -0.07      79573   3315.490    34.3498    27.1334    1484.61    832.000 0.0000e+00
    839.296     5.1662   3.341757          1    34.3579      0.037     2.5723      7.821      98.71      0.759      -0.07      79606   3316.855    34.3530    27.1430    1484.39    833.000 0.0000e+00
    840.306     5.1518   3.340550          1    34.3578      0.037     2.5553      7.858      98.71      0.736       0.04      79638   3318.201    34.3534    27.1450    1484.34    834.000 0.0000e+00
    841.316     5.1487   3.340349          1    34.3575      0.045     2.5345      7.834      98.71      0.811       0.07      79667   3319.400    34.3537    27.1456    1484.35    835.000 0.0000e+00
    842.325     5.1488   3.340388          1    34.3569      0.038     2.5184      7.784      98.71      0.881       0.04      79694   3320.533    34.3536    27.1455    1484.36    836.000 0.0000e+00
    843.335     5.1361   3.339277          1    34.3564      0.036     2.5197      7.744      98.71      0.859      -0.06      79723   3321.751    34.3534    27.1468    1484.33    837.000 0.0000e+00
    844.344     5.1007   3.336215          1    34.3574      0.036     2.5192      7.723      98.71      0.752      -0.06      79756   3323.125    34.3539    27.1514    1484.20    838.000 0.0000e+00
    845.354     5.0859   3.334955          1    34.3574      0.040     2.5175      7.715      98.71      0.715       0.01      79790   3324.526    34.3541    27.1532    1484.16    839.000 0.0000e+00
    846.364     5.0840   3.334844          1    34.3570      0.044     2.5076      7.718      98.71      0.758       0.05      79821   3325.834    34.3542    27.1535    1484.17    840.000 0.0000e+00
    847.373     5.0836   3.334874          1    34.3569      0.038     2.5026      7.714      98.71      0.808       0.03      79851   3327.063    34.3545    27.1538    1484.19    841.000 0.0000e+00
    848.383     5.0805   3.334676          1    34.3569      0.034     2.5006      7.709      98.71      0.847       0.03      79879   3328.231    34.3549    27.1545    1484.19    842.000 0.0000e+00
    849.393     5.0747   3.334235          1    34.3572      0.035     2.5032      7.705      98.71      0.898       0.05      79905   3329.335    34.3553    27.1554    1484.18    843.000 0.0000e+00
    850.402     5.0688   3.333780          1    34.3574      0.035     2.5008      7.709      98.71      0.900      -0.04      79933   3330.493    34.3555    27.1564    1484.18    844.000 0.0000e+00
    851.412     5.0588   3.332961          1    34.3577      0.035     2.4968      7.706      98.71      0.755      -0.12      79967   3331.896    34.3559    27.1578    1484.15    845.000 0.0000e+00
    852.421     5.0498   3.332264          1    34.3582      0.033     2.5035      7.705      98.71      0.675       0.04      80001   3333.350    34.3566    27.1594    1484.13    846.000 0.0000e+00
    853.431     5.0424   3.331702          1    34.3588      0.040     2.4934      7.704      98.71      0.792       0.11      80031   3334.566    34.3572    27.1607    1484.12    847.000 0.0000e+00
    854.441     5.0332   3.330987          1    34.3595      0.033     2.4986      7.704      98.71      0.870       0.02      80058   3335.720    34.3579    27.1624    1484.10    848.000 0.0000e+00
    855.450     5.0078   3.328942          1    34.3619      0.034     2.4930      7.707      98.71      0.849      -0.04      80087   3336.932    34.3599    27.1669    1484.02    849.000 0.0000e+00
    856.460     4.9911   3.327576          1    34.3630      0.033     2.4911      7.703      98.71      0.818       0.00      80117   3338.166    34.3609    27.1696    1483.97    850.000 0.0000e+00
    857.470     4.9607   3.325105          1    34.3658      0.046     2.4812      7.707      73.60      0.816      -0.01      80147   3339.410    34.3631    27.1748    1483.86    851.000 0.0000e+00
    858.479     4.9511   3.324332          1    34.3660      0.037     2.4790      7.700      84.35      0.791      -0.03      80178   3340.707    34.3635    27.1763    1483.84    852.000 0.0000e+00
    859.489     4.9463   3.323985          1    34.3662      0.035     2.4665      7.701      98.70      0.741      -0.03      80211   3342.083    34.3640    27.1772    1483.84    853.000 0.0000e+00
    860.499     4.9443   3.323868          1    34.3660      0.034     2.4560      7.700      98.71      0.741       0.04      80243   3343.419    34.3641    27.1775    1483.85    854.000 0.0000e+00
    861.508     4.9426   3.323777          1    34.3660      0.037     2.4580      7.696      98.71      0.815       0.08      80272   3344.609    34.3644    27.1779    1483.86    855.000 0.0000e+00
    862.518     4.9394   3.323582          1    34.3664      0.037     2.4549      7.698      98.71      0.908       0.08      80297   3345.679    34.3649    27.1786    1483.86    856.000 0.0000e+00
    863.528     4.9390   3.323588          1    34.3662      0.035     2.4570      7.697      98.71      0.965       0.02      80322   3346.719    34.3649    27.1787    1483.88    857.000 0.0000e+00
    864.538     4.9388   3.323623          1    34.3661      0.035     2.4573      7.695      98.71      0.936      -0.07      80349   3347.843    34.3650    27.1788    1483.89    858.000 0.0000e+00
    865.547     4.9383   3.323645          1    34.3662      0.034     2.4525      7.694      98.71      0.755      -0.15      80384   3349.277    34.3652    27.1791    1483.91    859.000 0.0000e+00
    866.557     4.9380   3.323667          1    34.3660      0.035     2.4599      7.692      98.71      0.564      -0.01      80426   3351.021    34.3653    27.1791    1483.92    860.000 0.0000e+00
    867.567     4.9379   3.323723          1    34.3661      0.037     2.4658      7.693      98.71      0.680       0.15      80459   3352.416    34.3655    27.1794    1483.94    861.000 0.0000e+00
    868.576     4.9379   3.323766          1    34.3660      0.033     2.4624      7.693      98.71      0.861       0.17      80485   3353.492    34.3655    27.1793    1483.96    862.000 0.0000e+00
    869.586     4.9377   3.323804          1    34.3660      0.035     2.4584      7.694      98.71      0.999       0.10      80508   3354.463    34.3656    27.1794    1483.97    863.000 0.0000e+00
    870.596     4.9378   3.323853          1    34.3660      0.036     2.4625      7.698      98.71      1.039      -0.01      80532   3355.451    34.3656    27.1794    1483.99    864.000 0.0000e+00
    871.606     4.9354   3.323704          1    34.3662      0.035     2.4582      7.694      98.71      0.970      -0.10      80558   3356.549    34.3658    27.1799    1484.00    865.000 0.0000e+00
    872.615     4.9350   3.323710          1    34.3662      0.036     2.4533      7.695      98.71      0.813      -0.12      80590   3357.860    34.3658    27.1799    1484.01    866.000 0.0000e+00
    873.625     4.9312   3.323460          1    34.3667      0.036     2.4548      7.689      98.71      0.697      -0.03      80625   3359.314    34.3663    27.1807    1484.01    867.000 0.0000e+00
    874.635     4.9302   3.323417          1    34.3667      0.033     2.4558      7.686      98.71      0.721       0.04      80657   3360.687    34.3664    27.1809    1484.03    868.000 0.0000e+00
    875.645     4.9303   3.323469          1    34.3666      0.042     2.4561      7.681      98.71      0.787       0.06      80688   3361.941    34.3664    27.1809    1484.04    869.000 0.0000e+00
    876.654     4.9302   3.323503          1    34.3666      0.035     2.4477      7.686      98.71      0.806      -0.04      80718   3363.218    34.3664    27.1809    1484.06    870.000 0.0000e+00
    877.664     4.9306   3.323587          1    34.3666      0.036     2.4535      7.683      98.71      0.730      -0.03      80751   3364.604    34.3664    27.1809    1484.08    871.000 0.0000e+00
    878.674     4.9305   3.323619          1    34.3665      0.037     2.4544      7.683      98.71      0.783       0.11      80781   3365.826    34.3664    27.1809    1484.09    872.000 0.0000e+00
    879.684     4.8917   3.320374          1    34.3693      0.035     2.4597      7.680      98.71      0.908       0.11      80806   3366.883    34.3683    27.1868    1483.95    873.000 0.0000e+00
    880.694     4.8571   3.317510          1    34.3723      0.034     2.4571      7.679      98.71      0.973       0.01      80831   3367.921    34.3702    27.1923    1483.83    874.000 0.0000e+00
    881.703     4.8742   3.318981          1    34.3704      0.035     2.4544      7.679      98.71      0.955      -0.03      80857   3369.000    34.3691    27.1895    1483.92    875.000 0.0000e+00
    882.713     4.8475   3.316774          1    34.3724      0.036     2.4487      7.677      98.71      0.905      -0.05      80884   3370.141    34.3707    27.1937    1483.83    876.000 0.0000e+00
    883.723     4.8467   3.316719          1    34.3720      0.035     2.4347      7.681      98.71      0.829      -0.08      80915   3371.414    34.3704    27.1936    1483.84    877.000 0.0000e+00
    884.733     4.8533   3.317327          1    34.3711      0.037     2.4277      7.696      98.71      0.621      -0.12      80955   3373.087    34.3701    27.1926    1483.88    878.000 0.0000e+00
    885.742     4.8218   3.314749          1    34.3738      0.037     2.4276      7.821      98.71      0.595       0.12      80994   3374.711    34.3721    27.1978    1483.77    879.000 0.0000e+00
    886.752     4.7970   3.312682          1    34.3754      0.037     2.4293      7.685      98.71      0.785       0.17      81023   3375.904    34.3732    27.2015    1483.69    880.000 0.0000e+00
    887.762     4.8056   3.313450          1    34.3744      0.037     2.4235      7.667      98.71      0.916       0.06      81048   3376.977    34.3727    27.2001    1483.74    881.000 0.0000e+00
    888.772     4.8189   3.314610          1    34.3731      0.035     2.4163      7.669      98.71      0.938      -0.01      81074   3378.060    34.3720    27.1980    1483.81    882.000 0.0000e+00
    889.782     4.8188   3.314652          1    34.3728      0.038     2.4129      7.683      98.71      0.937       0.01      81100   3379.124    34.3721    27.1981    1483.83    883.000 0.0000e+00
    890.792     4.8484   3.317225          1    34.3710      0.034     2.4199      7.677      98.71      0.971       0.04      81125   3380.148    34.3709    27.1938    1483.96    884.000 0.0000e+00
    891.801     4.8606   3.318296          1    34.3697      0.034     2.4244      7.681      98.71      0.980      -0.02      81150   3381.198    34.3702    27.1919    1484.03    885.000 0.0000e+00
    892.811     4.8219   3.315152          1    34.3737      0.036     2.4305      7.678      98.71      0.868      -0.14      81180   3382.452    34.3731    27.1986    1483.89    886.000 0.0000e+00
    893.821     4.8027   3.313491          1    34.3743      0.038     2.4334      7.677      98.71      0.613      -0.11      81220   3384.140    34.3732    27.2008    1483.83    887.000 0.0000e+00
    894.831     4.8005   3.313339          1    34.3741      0.037     2.4289      7.674      98.71      0.569       0.07      81262   3385.869    34.3732    27.2010    1483.84    888.000 0.0000e+00
    895.841     4.7991   3.313249          1    34.3739      0.037     2.4102      7.672      98.71      0.717       0.14      81293   3387.187    34.3732    27.2012    1483.85    889.000 0.0000e+00
    896.851     4.8008   3.313436          1    34.3736      0.036     2.4179      7.659      98.71      0.870       0.12      81320   3388.281    34.3730    27.2009    1483.87    890.000 0.0000e+00
    897.861     4.7955   3.313053          1    34.3742      0.036     2.4127      7.656      98.71      0.969       0.07      81344   3389.291    34.3735    27.2019    1483.87    891.000 0.0000e+00
    898.870     4.7954   3.313084          1    34.3741      0.033     2.4078      7.653      98.71      1.024       0.04      81367   3390.261    34.3735    27.2019    1483.88    892.000 0.0000e+00
    899.880     4.7955   3.313144          1    34.3741      0.038     2.4164      7.650      98.71      1.036      -0.02      81391   3391.251    34.3736    27.2019    1483.90    893.000 0.0000e+00
    900.890     4.7969   3.313300          1    34.3739      0.038     2.4181      7.656      98.71      0.954      -0.12      81418   3392.382    34.3734    27.2016    1483.92    894.000 0.0000e+00
    901.900     4.7962   3.313243          1    34.3734      0.036     2.4190      7.658      98.71      0.762      -0.12      81452   3393.776    34.3730    27.2014    1483.94    895.000 0.0000e+00
