src/interpolation/Data/CTD/13w13h.cnv
* Sea-Bird SBE 9 Data File:
* FileName = E:\HOBAB2\w13.hex
* Software Version Seasave V 7.22.1
* Temperature SN = 5330
* Conductivity SN = 3693
* Number of Bytes Per Scan = 24
* Number of Voltage Words = 4
* Number of Scans Averaged by the Deck Unit = 1
* NMEA baud rate = 4800
# nquan = 18
# nvalues = 1893                        
# units = specified
# name 0 = prDM: Pressure, Digiquartz [db]
# name 1 = t090C: Temperature [ITS-90, deg C]
# name 2 = c0S/m: Conductivity [S/m]
# name 3 = pumps: Pump Status
# name 4 = sal00: Salinity, Practical [PSU]
# name 5 = seaTurbMtr: Turbidity, Seapoint [FTU]
# name 6 = sbeox0Mg/L: Oxygen, SBE 43 [mg/l]
# name 7 = ph: pH
# name 8 = altM: Altimeter [m]
# name 9 = dz/dtM: Descent Rate [m/s]
# name 10 = accM: Acceleration [m/s^2]
# name 11 = scan: Scan Count
# name 12 = timeS: Time, Elapsed [seconds]
# name 13 = sal00: Salinity, Practical [PSU]
# name 14 = sigma-t00: Density [sigma-t, kg/m^3 ]
# name 15 = svCM: Sound Velocity [Chen-Millero, m/s]
# name 16 = depSM: Depth [salt water, m], lat = 0
# name 17 = flag: flag
# span 0 =      1.005,    960.482       
# span 1 =     4.5664,    24.9094       
# span 2 =   3.296376,   5.260086       
# span 3 =          1,          1       
# span 4 =    34.2334,    34.8166       
# span 5 =      0.026,      0.368       
# span 6 =     2.3452,     7.0183       
# span 7 =      7.623,      8.073       
# span 8 =     -45.01,     103.98       
# span 9 =     -1.144,      0.925       
# span 10 =      -0.37,       0.32      
# span 11 =      12034,     105911      
# span 12 =    501.384,   4412.910      
# span 13 =    34.2367,    34.8157      
# span 14 =    23.1352,    27.2369      
# span 15 =    1483.80,    1534.21      
# span 16 =      1.000,    953.000      
# span 17 = 0.0000e+00, 0.0000e+00      
# interval = meters: 1                  
# start_time = Apr 18 2014 10:54:00 [System UTC, header]
# bad_flag = -9.990e-29
*END*
[from data line 1850]
     43.242    23.6343   5.122676          1    34.6594      0.115     6.6920      7.799      97.82     -0.767       0.06     103929   4330.320    34.6640    23.4947    1531.41     43.000 0.0000e+00
     42.236    23.6535   5.124453          1    34.6589      0.115     6.7008      7.799      98.71     -0.607       0.09     103969   4332.006    34.6629    23.4882    1531.44     42.000 0.0000e+00
     41.231    23.6755   5.126401          1    34.6570      0.135     6.6722      7.798      55.74     -0.613      -0.13     104006   4333.561    34.6608    23.4802    1531.48     41.000 0.0000e+00
     40.225    23.7403   5.132539          1    34.6528      0.109     6.6682      7.798      98.51     -0.815      -0.16     104034   4334.703    34.6571    23.4583    1531.62     40.000 0.0000e+00
     39.219    23.7853   5.137084          1    34.6521      0.106     6.6902      7.798      98.71     -0.897       0.01     104061   4335.845    34.6568    23.4449    1531.71     39.000 0.0000e+00
     38.213    23.7848   5.136986          1    34.6526      0.105     6.6965      7.797      98.71     -0.772       0.12     104094   4337.222    34.6568    23.4450    1531.69     38.000 0.0000e+00
     37.208    23.8351   5.142205          1    34.6532      0.116     6.6296      7.797      68.33     -0.620       0.06     104134   4338.873    34.6574    23.4307    1531.80     37.000 0.0000e+00
     36.202    23.9847   5.159065          1    34.6623      0.110     6.6498      7.796      75.71     -0.542       0.02     104178   4340.725    34.6687    23.3951    1532.17     36.000 0.0000e+00
     35.196    24.1470   5.176570          1    34.6664      0.109     6.6766      7.795      99.30     -0.585      -0.08     104219   4342.396    34.6748    23.3517    1532.56     35.000 0.0000e+00
     34.191    24.2866   5.191170          1    34.6670      0.104     6.6184      7.795      98.71     -0.733      -0.11     104250   4343.705    34.6766    23.3115    1532.89     34.000 0.0000e+00
     33.185    24.3322   5.195866          1    34.6677      0.127     6.6060      7.795      59.53     -0.818      -0.03     104279   4344.927    34.6769    23.2981    1532.99     33.000 0.0000e+00
     32.179    24.3860   5.201622          1    34.6701      0.105     6.6030      7.794      93.86     -0.731       0.13     104314   4346.390    34.6787    23.2834    1533.11     32.000 0.0000e+00
     31.174    24.4801   5.211985          1    34.6756      0.126     6.5946      7.793      98.77     -0.437       0.06     104367   4348.599    34.6839    23.2591    1533.33     31.000 0.0000e+00
     30.168    24.5384   5.218589          1    34.6813      0.099     6.5568      7.793      70.80     -0.484      -0.04     104418   4350.713    34.6885    23.2452    1533.46     30.000 0.0000e+00
     29.162    24.6257   5.229395          1    34.6947      0.099     6.5504      7.792      81.41     -0.484       0.01     104468   4352.771    34.7020    23.2291    1533.67     29.000 0.0000e+00
     28.157    24.6856   5.235931          1    34.6977      0.087     6.5735      7.792      98.60     -0.582      -0.11     104508   4354.468    34.7048    23.2133    1533.80     28.000 0.0000e+00
     27.151    24.7562   5.244443          1    34.7071      0.087     6.5381      7.791      94.72     -0.640       0.04     104547   4356.065    34.7141    23.1990    1533.96     27.000 0.0000e+00
     26.145    24.8190   5.251592          1    34.7130      0.099     6.4944      7.790      75.78     -0.444       0.07     104599   4358.249    34.7193    23.1839    1534.11     26.000 0.0000e+00
     25.140    24.8175   5.251280          1    34.7136      0.113     6.5154      7.790      51.55     -0.529      -0.14     104644   4360.143    34.7184    23.1837    1534.08     25.000 0.0000e+00
     24.134    24.8590   5.255721          1    34.7151      0.104     6.5423      7.790      62.79     -0.678      -0.02     104680   4361.615    34.7198    23.1722    1534.17     24.000 0.0000e+00
     23.128    24.8740   5.257297          1    34.7163      0.096     6.5064      7.790      98.26     -0.589       0.07     104721   4363.353    34.7202    23.1680    1534.19     23.000 0.0000e+00
     22.123    24.8895   5.258760          1    34.7162      0.158     6.5430      7.789      51.10     -0.531      -0.03     104766   4365.218    34.7195    23.1628    1534.21     22.000 0.0000e+00
     21.117    24.8918   5.258966          1    34.7168      0.091     6.5052      7.789      91.51     -0.626      -0.07     104804   4366.793    34.7196    23.1621    1534.20     21.000 0.0000e+00
     20.111    24.8972   5.259458          1    34.7171      0.092     6.5163      7.789      98.27     -0.678       0.03     104840   4368.297    34.7194    23.1604    1534.19     20.000 0.0000e+00
     19.106    24.9035   5.260007          1    34.7171      0.086     6.5436      7.788      98.72     -0.442       0.10     104893   4370.492    34.7189    23.1581    1534.19     19.000 0.0000e+00
     18.100    24.9003   5.259620          1    34.7176      0.109     6.5290      7.788      92.83     -0.518      -0.21     104939   4372.401    34.7189    23.1590    1534.17     18.000 0.0000e+00
     17.095    24.9044   5.259988          1    34.7176      0.107     6.5724      7.788      56.14     -0.775      -0.15     104968   4373.609    34.7187    23.1576    1534.16     17.000 0.0000e+00
     16.089    24.9029   5.259796          1    34.7179      0.099     6.5338      7.787      96.65     -0.742       0.13     105002   4375.053    34.7188    23.1582    1534.14     16.000 0.0000e+00
     15.083    24.9039   5.259833          1    34.7179      0.087     6.5269      7.787      98.71     -0.488       0.05     105050   4377.062    34.7186    23.1577    1534.13     15.000 0.0000e+00
     14.078    24.9023   5.259622          1    34.7180      0.105     6.5280      7.787      67.23     -0.514      -0.02     105098   4379.026    34.7186    23.1582    1534.10     14.000 0.0000e+00
     13.072    24.9052   5.259850          1    34.7180      0.088     6.5135      7.787      99.20     -0.531      -0.02     105143   4380.904    34.7184    23.1572    1534.09     13.000 0.0000e+00
     12.067    24.9030   5.259596          1    34.7182      0.091     6.5214      7.787      98.71     -0.619      -0.09     105181   4382.486    34.7185    23.1579    1534.07     12.000 0.0000e+00
     11.061    24.9053   5.259783          1    34.7181      0.090     6.5196      7.787      98.71     -0.716      -0.03     105214   4383.876    34.7184    23.1572    1534.06     11.000 0.0000e+00
     10.055    24.9043   5.259654          1    34.7183      0.092     6.5550      7.787      70.86     -0.621       0.12     105254   4385.562    34.7185    23.1576    1534.04     10.000 0.0000e+00
      9.050    24.9046   5.259667          1    34.7186      0.190     6.4992      7.787     100.04     -0.419      -0.02     105308   4387.810    34.7187    23.1576    1534.03      9.000 0.0000e+00
      8.044    24.9040   5.259566          1    34.7187      0.149     6.5179      7.787      53.39     -0.599      -0.10     105348   4389.458    34.7188    23.1578    1534.01      8.000 0.0000e+00
      7.039    24.9094   5.260086          1    34.7186      0.130     6.5150      7.787       2.12     -0.613       0.06     105388   4391.126    34.7188    23.1562    1534.00      7.000 0.0000e+00
      6.033    24.9049   5.259615          1    34.7190      0.128     6.5289      7.787       1.74     -0.253       0.06     105467   4394.434    34.7191    23.1578    1533.98      6.000 0.0000e+00
      5.028    24.8983   5.258903          1    34.7193      0.142     6.5343      7.787       1.82     -0.206      -0.05     105604   4400.125    34.7192    23.1599    1533.94      5.000 0.0000e+00
      4.022    24.8993   5.258978          1    34.7194      0.116     6.5350      7.788       1.26     -0.362       0.02     105674   4403.034    34.7193    23.1597    1533.93      4.000 0.0000e+00
      3.017    24.8987   5.258883          1    34.7195      0.120     6.5111      7.788       1.48     -0.368       0.05     105736   4405.643    34.7194    23.1599    1533.91      3.000 0.0000e+00
      2.011    24.8983   5.258630          1    34.7182      0.122     6.5092      7.787       1.81     -0.152      -0.06     105845   4410.165    34.7182    23.1591    1533.89      2.000 0.0000e+00
      1.005    24.8952   5.258486          1    34.7199      0.122     6.5316      7.788       1.63     -0.597      -0.37     105911   4412.910    34.7198    23.1613    1533.87      1.000 0.0000e+00
