src/interpolation/Data/CTD/13w13h.cnv
* Sea-Bird SBE 9 Data File:
* FileName = E:\HOBAB2\w13.hex
* Software Version Seasave V 7.22.1
* Temperature SN = 5330
* Conductivity SN = 3693
* Number of Bytes Per Scan = 24
* Number of Voltage Words = 4
* Number of Scans Averaged by the Deck Unit = 1
* NMEA baud rate = 4800
# nquan = 18
# nvalues = 1893                        
# units = specified
# name 0 = prDM: Pressure, Digiquartz [db]
# name 1 = t090C: Temperature [ITS-90, deg C]
# name 2 = c0S/m: Conductivity [S/m]
# name 3 = pumps: Pump Status
# name 4 = sal00: Salinity, Practical [PSU]
# name 5 = seaTurbMtr: Turbidity, Seapoint [FTU]
# name 6 = sbeox0Mg/L: Oxygen, SBE 43 [mg/l]
# name 7 = ph: pH
# name 8 = altM: Altimeter [m]
# name 9 = dz/dtM: Descent Rate [m/s]
# name 10 = accM: Acceleration [m/s^2]
# name 11 = scan: Scan Count
# name 12 = timeS: Time, Elapsed [seconds]
# name 13 = sal00: Salinity, Practical [PSU]
# name 14 = sigma-t00: Density [sigma-t, kg/m^3 ]
# name 15 = svCM: Sound Velocity [Chen-Millero, m/s]
# name 16 = depSM: Depth [salt water, m], lat = 0
# name 17 = flag: flag
# span 0 =      1.005,    960.482       
# span 1 =     4.5664,    24.9094       
# span 2 =   3.296376,   5.260086       
# span 3 =          1,          1       
# span 4 =    34.2334,    34.8166       
# span 5 =      0.026,      0.368       
# span 6 =     2.3452,     7.0183       
# span 7 =      7.623,      8.073       
# span 8 =     -45.01,     103.98       
# span 9 =     -1.144,      0.925       
# span 10 =      -0.37,       0.32      
# span 11 =      12034,     105911      
# span 12 =    501.384,   4412.910      
# span 13 =    34.2367,    34.8157      
# span 14 =    23.1352,    27.2369      
# span 15 =    1483.80,    1534.21      
# span 16 =      1.000,    953.000      
# span 17 = 0.0000e+00, 0.0000e+00      
# interval = meters: 1                  
# start_time = Apr 18 2014 10:54:00 [System UTC, header]
# bad_flag = -9.990e-29
*END*
[from data line 1046]
    853.431     5.2795   3.352008          1    34.3457      0.048     2.5510      7.805      77.22     -0.451      -0.07      74288   3095.308    34.3476    27.1254    1485.07    847.000 0.0000e+00
    852.421     5.2771   3.351613          1    34.3447      0.046     2.5682      7.804      77.57     -0.315       0.06      74359   3098.256    34.3461    27.1245    1485.04    846.000 0.0000e+00
    851.412     5.2976   3.353324          1    34.3440      0.046     2.5695      7.804      72.16     -0.208      -0.02      74465   3102.660    34.3452    27.1213    1485.11    845.000 0.0000e+00
    850.402     5.3231   3.355298          1    34.3410      0.039     2.5763      7.804      93.79     -0.461      -0.13      74528   3105.298    34.3423    27.1160    1485.19    844.000 0.0000e+00
    849.393     5.3239   3.355269          1    34.3406      0.042     2.5859      7.804      87.18     -0.329       0.07      74598   3108.210    34.3416    27.1154    1485.18    843.000 0.0000e+00
    848.383     5.3280   3.355484          1    34.3398      0.047     2.5821      7.806      68.54     -0.204      -0.05      74708   3112.811    34.3405    27.1140    1485.18    842.000 0.0000e+00
    847.373     5.3359   3.356072          1    34.3390      0.038     2.5800      7.806      94.41     -0.412      -0.08      74772   3115.476    34.3395    27.1123    1485.19    841.000 0.0000e+00
    846.364     5.3445   3.356623          1    34.3370      0.042     2.5880      7.805      83.26     -0.332       0.06      74840   3118.296    34.3376    27.1098    1485.20    840.000 0.0000e+00
    845.354     5.3337   3.355773          1    34.3393      0.037     2.5839      7.805      97.09     -0.203      -0.02      74947   3122.761    34.3394    27.1125    1485.15    839.000 0.0000e+00
    844.344     5.3377   3.356019          1    34.3385      0.045     2.5801      7.804      77.84     -0.385      -0.04      75022   3125.858    34.3387    27.1114    1485.15    838.000 0.0000e+00
    843.335     5.3415   3.356263          1    34.3379      0.035     2.5877      7.805      98.29     -0.452      -0.03      75076   3128.120    34.3380    27.1105    1485.14    837.000 0.0000e+00
    842.325     5.3417   3.356235          1    34.3378      0.043     2.5859      7.805      76.47     -0.123       0.03      75191   3132.907    34.3379    27.1103    1485.13    836.000 0.0000e+00
    841.316     5.3524   3.356994          1    34.3359      0.041     2.5893      7.805      85.95     -0.457      -0.04      75258   3135.709    34.3362    27.1077    1485.15    835.000 0.0000e+00
    840.306     5.3552   3.357085          1    34.3346      0.040     2.5905      7.804      86.17     -0.316       0.05      75329   3138.679    34.3349    27.1063    1485.14    834.000 0.0000e+00
    839.296     5.3606   3.357512          1    34.3345      0.040     2.5906      7.804      86.09     -0.216       0.01      75428   3142.791    34.3348    27.1056    1485.15    833.000 0.0000e+00
    838.287     5.3791   3.359023          1    34.3332      0.044     2.5946      7.805      82.03     -0.401      -0.09      75507   3146.079    34.3337    27.1025    1485.21    832.000 0.0000e+00
    837.277     5.3864   3.359445          1    34.3309      0.039     2.5921      7.804      87.72     -0.336       0.05      75575   3148.904    34.3315    27.0999    1485.22    831.000 0.0000e+00
    836.268     5.3883   3.359650          1    34.3321      0.040     2.6003      7.803      80.38     -0.237       0.03      75666   3152.702    34.3325    27.1005    1485.21    830.000 0.0000e+00
    835.258     5.3981   3.360415          1    34.3312      0.040     2.6056      7.802      94.58     -0.349      -0.11      75756   3156.453    34.3317    27.0986    1485.23    829.000 0.0000e+00
    834.249     5.4031   3.360730          1    34.3302      0.039     2.6080      7.802      94.80     -0.384       0.04      75817   3158.987    34.3307    27.0973    1485.23    828.000 0.0000e+00
    833.239     5.4001   3.360420          1    34.3305      0.043     2.6106      7.802      93.34     -0.272       0.03      75901   3162.517    34.3307    27.0976    1485.20    827.000 0.0000e+00
    832.229     5.4055   3.360776          1    34.3295      0.035     2.6063      7.802      96.96     -0.280      -0.07      75995   3166.415    34.3298    27.0963    1485.21    826.000 0.0000e+00
    831.220     5.4085   3.360825          1    34.3276      0.034     2.6059      7.802      93.25     -0.314       0.02      76069   3169.503    34.3278    27.0944    1485.20    825.000 0.0000e+00
    830.210     5.4080   3.360658          1    34.3268      0.040     2.6054      7.802      89.41     -0.396      -0.04      76135   3172.231    34.3269    27.0937    1485.18    824.000 0.0000e+00
    829.201     5.4071   3.360578          1    34.3274      0.036     2.6075      7.802      95.39     -0.230       0.05      76227   3176.088    34.3274    27.0942    1485.16    823.000 0.0000e+00
    828.191     5.4069   3.360324          1    34.3252      0.036     2.6048      7.801      96.09     -0.300      -0.09      76322   3180.054    34.3252    27.0925    1485.14    822.000 0.0000e+00
    827.182     5.4061   3.360161          1    34.3247      0.036     2.6063      7.802      93.89     -0.442       0.01      76376   3182.305    34.3247    27.0922    1485.12    821.000 0.0000e+00
    826.172     5.4060   3.360153          1    34.3252      0.036     2.6050      7.802      96.15     -0.266       0.04      76460   3185.791    34.3252    27.0926    1485.10    820.000 0.0000e+00
    825.163     5.4051   3.359975          1    34.3246      0.048     2.6079      7.802      90.65     -0.226      -0.08      76573   3190.482    34.3246    27.0922    1485.08    819.000 0.0000e+00
    824.153     5.3998   3.359241          1    34.3224      0.032     2.6026      7.801      98.49     -0.459      -0.05      76625   3192.651    34.3221    27.0909    1485.04    818.000 0.0000e+00
    823.144     5.3980   3.359015          1    34.3220      0.033     2.6043      7.745      97.12     -0.285       0.06      76699   3195.759    34.3218    27.0909    1485.02    817.000 0.0000e+00
    822.134     5.3990   3.359095          1    34.3223      0.037     2.6027      7.731      90.94     -0.295      -0.16      76810   3200.388    34.3222    27.0910    1485.01    816.000 0.0000e+00
    821.125     5.3929   3.358294          1    34.3200      0.042     2.6047      7.758      78.90     -0.439       0.01      76864   3202.617    34.3198    27.0899    1484.96    815.000 0.0000e+00
    820.115     5.3929   3.358280          1    34.3202      0.038     2.5999      7.794      79.19     -0.298       0.05      76939   3205.739    34.3201    27.0901    1484.94    814.000 0.0000e+00
    819.106     5.3935   3.358321          1    34.3205      0.032     2.5996      7.802      97.85     -0.269      -0.07      77038   3209.870    34.3204    27.0903    1484.93    813.000 0.0000e+00
    818.096     5.3862   3.357370          1    34.3178      0.033     2.5991      7.800      98.71     -0.340       0.01      77107   3212.765    34.3175    27.0889    1484.88    812.000 0.0000e+00
    817.087     5.3835   3.357026          1    34.3170      0.036     2.5969      7.799      91.40     -0.337       0.00      77180   3215.807    34.3169    27.0887    1484.85    811.000 0.0000e+00
    816.077     5.3865   3.357361          1    34.3181      0.038     2.5954      7.750      91.66     -0.223      -0.01      77275   3219.747    34.3181    27.0893    1484.85    810.000 0.0000e+00
    815.068     5.3828   3.356866          1    34.3169      0.037     2.5973      7.731      85.02     -0.356       0.04      77343   3222.577    34.3168    27.0887    1484.82    809.000 0.0000e+00
    814.058     5.3827   3.356816          1    34.3169      0.034     2.5949      7.723      85.61     -0.249       0.01      77436   3226.457    34.3168    27.0887    1484.80    808.000 0.0000e+00
    813.049     5.3847   3.357032          1    34.3177      0.037     2.6010      7.738      87.74     -0.083       0.02      77745   3239.329    34.3177    27.0892    1484.79    807.000 0.0000e+00
    812.039     5.3826   3.356725          1    34.3170      0.036     2.5965      7.712      91.71     -0.329      -0.14      77946   3247.726    34.3169    27.0888    1484.77    806.000 0.0000e+00
    811.030     5.3786   3.356229          1    34.3160      0.043     2.5916      7.698      81.61     -0.589      -0.12      77977   3249.003    34.3158    27.0884    1484.73    805.000 0.0000e+00
    810.021     5.3769   3.355988          1    34.3155      0.036     2.5935      7.690      88.25     -0.702      -0.04      78011   3250.426    34.3153    27.0882    1484.71    804.000 0.0000e+00
    809.011     5.3762   3.355863          1    34.3152      0.048     2.5984      7.700      49.38     -0.695       0.03      78047   3251.896    34.3150    27.0881    1484.69    803.000 0.0000e+00
    808.002     5.3762   3.355827          1    34.3153      0.031     2.5943      7.720      98.55     -0.661       0.01      78083   3253.433    34.3151    27.0882    1484.67    802.000 0.0000e+00
    806.992     5.3762   3.355793          1    34.3153      0.042     2.5937      7.696      70.45     -0.595       0.06      78125   3255.158    34.3152    27.0883    1484.65    801.000 0.0000e+00
    805.983     5.3777   3.355934          1    34.3158      0.041     2.5948      7.739      70.58     -0.472       0.05      78176   3257.274    34.3158    27.0885    1484.64    800.000 0.0000e+00
    804.973     5.3766   3.355735          1    34.3152      0.031     2.5935      7.795      99.63     -0.502      -0.12      78223   3259.250    34.3151    27.0881    1484.62    799.000 0.0000e+00
    803.964     5.3757   3.355588          1    34.3150      0.031     2.5950      7.794      98.71     -0.680      -0.07      78258   3260.690    34.3149    27.0880    1484.60    798.000 0.0000e+00
    802.955     5.3752   3.355467          1    34.3146      0.034     2.5894      7.794      90.56     -0.675       0.04      78294   3262.212    34.3146    27.0878    1484.58    797.000 0.0000e+00
    801.945     5.3752   3.355409          1    34.3145      0.043     2.5970      7.795      56.67     -0.637      -0.00      78332   3263.789    34.3144    27.0877    1484.56    796.000 0.0000e+00
    800.936     5.3751   3.355326          1    34.3141      0.043     2.5957      7.795      60.13     -0.641       0.02      78370   3265.383    34.3140    27.0874    1484.55    795.000 0.0000e+00
    799.926     5.3748   3.355262          1    34.3142      0.030     2.5918      7.755      99.64     -0.507       0.07      78418   3267.358    34.3141    27.0875    1484.53    794.000 0.0000e+00
    798.917     5.3742   3.355134          1    34.3138      0.037     2.5941      7.664      98.71     -0.544      -0.11      78461   3269.178    34.3137    27.0873    1484.51    793.000 0.0000e+00
    797.907     5.3730   3.354969          1    34.3136      0.032     2.5941      7.742      98.71     -0.676      -0.01      78497   3270.662    34.3135    27.0873    1484.49    792.000 0.0000e+00
    796.898     5.3727   3.354879          1    34.3134      0.032     2.5916      7.798      91.86     -0.582       0.04      78539   3272.397    34.3133    27.0872    1484.47    791.000 0.0000e+00
    795.889     5.3725   3.354790          1    34.3131      0.032     2.5919      7.798      98.12     -0.614      -0.06      78577   3274.011    34.3130    27.0869    1484.45    790.000 0.0000e+00
    794.879     5.3723   3.354703          1    34.3128      0.030     2.5922      7.798      98.70     -0.698      -0.03      78612   3275.450    34.3127    27.0867    1484.43    789.000 0.0000e+00
    793.870     5.3726   3.354709          1    34.3131      0.034     2.5918      7.796      84.09     -0.532       0.13      78658   3277.377    34.3130    27.0869    1484.42    788.000 0.0000e+00
    792.861     5.3723   3.354611          1    34.3127      0.035     2.5992      7.797      92.88     -0.493      -0.13      78706   3279.389    34.3127    27.0867    1484.40    787.000 0.0000e+00
    791.851     5.3706   3.354371          1    34.3123      0.044     2.5918      7.798      57.33     -0.670      -0.08      78742   3280.856    34.3122    27.0865    1484.38    786.000 0.0000e+00
    790.842     5.3684   3.354077          1    34.3117      0.038     2.6015      7.798      90.43     -0.698       0.02      78777   3282.314    34.3115    27.0863    1484.35    785.000 0.0000e+00
    789.833     5.3701   3.354100          1    34.3107      0.031     2.5916      7.799      98.58     -0.672       0.02      78813   3283.830    34.3105    27.0853    1484.34    784.000 0.0000e+00
    788.823     5.3854   3.355334          1    34.3092      0.031     2.5866      7.801      98.71     -0.585       0.08      78855   3285.592    34.3096    27.0827    1484.38    783.000 0.0000e+00
    787.814     5.3878   3.355553          1    34.3099      0.031     2.5994      7.802      96.93     -0.482      -0.04      78904   3287.618    34.3101    27.0828    1484.38    782.000 0.0000e+00
    786.805     5.4200   3.358159          1    34.3065      0.031     2.6030      7.800      92.36     -0.626      -0.07      78942   3289.197    34.3076    27.0770    1484.49    781.000 0.0000e+00
    785.795     5.4367   3.359479          1    34.3047      0.030     2.6102      7.799      98.73     -0.603       0.07      78983   3290.902    34.3061    27.0738    1484.54    780.000 0.0000e+00
    784.786     5.4383   3.359593          1    34.3051      0.043     2.6131      7.799      70.65     -0.580      -0.06      79024   3292.607    34.3063    27.0737    1484.53    779.000 0.0000e+00
    783.777     5.4450   3.360104          1    34.3047      0.032     2.6149      7.798      90.47     -0.678      -0.05      79059   3294.075    34.3058    27.0725    1484.54    778.000 0.0000e+00
    782.767     5.4472   3.360226          1    34.3045      0.031     2.6243      7.799      98.55     -0.669       0.05      79096   3295.616    34.3054    27.0720    1484.53    777.000 0.0000e+00
    781.758     5.4435   3.359858          1    34.3048      0.043     2.6262      7.799      75.08     -0.534       0.08      79142   3297.549    34.3055    27.0725    1484.50    776.000 0.0000e+00
    780.749     5.4385   3.359398          1    34.3056      0.035     2.6209      7.790      87.43     -0.135       0.03      79325   3305.168    34.3058    27.0733    1484.46    775.000 0.0000e+00
    779.739     5.4370   3.359249          1    34.3061      0.030     2.6118      7.702     100.22     -0.216      -0.07      79609   3317.003    34.3061    27.0737    1484.44    774.000 0.0000e+00
    778.730     5.4514   3.360405          1    34.3048      0.029     2.6198      7.723      98.71     -0.510      -0.24      79637   3318.161    34.3052    27.0713    1484.48    773.000 0.0000e+00
    777.721     5.4716   3.362081          1    34.3033      0.034     2.6170      7.750      90.39     -0.782      -0.19      79665   3319.318    34.3042    27.0681    1484.54    772.000 0.0000e+00
    776.711     5.4955   3.364052          1    34.3014      0.032     2.6215      7.789      92.45     -0.930      -0.10      79690   3320.363    34.3028    27.0641    1484.62    771.000 0.0000e+00
    775.702     5.5064   3.364958          1    34.3009      0.031     2.6327      7.796      98.58     -0.954       0.05      79716   3321.457    34.3025    27.0625    1484.65    770.000 0.0000e+00
    774.693     5.5203   3.366148          1    34.3008      0.034     2.6402      7.797      98.71     -0.820       0.12      79747   3322.759    34.3025    27.0608    1484.68    769.000 0.0000e+00
