src/interpolation/Data/CTD/13w13h.cnv
* Sea-Bird SBE 9 Data File:
* FileName = E:\HOBAB2\w13.hex
* Software Version Seasave V 7.22.1
* Temperature SN = 5330
* Conductivity SN = 3693
* Number of Bytes Per Scan = 24
* Number of Voltage Words = 4
* Number of Scans Averaged by the Deck Unit = 1
* NMEA baud rate = 4800
# nquan = 18
# nvalues = 1893                        
# units = specified
# name 0 = prDM: Pressure, Digiquartz [db]
# name 1 = t090C: Temperature [ITS-90, deg C]
# name 2 = c0S/m: Conductivity [S/m]
# name 3 = pumps: Pump Status
# name 4 = sal00: Salinity, Practical [PSU]
# name 5 = seaTurbMtr: Turbidity, Seapoint [FTU]
# name 6 = sbeox0Mg/L: Oxygen, SBE 43 [mg/l]
# name 7 = ph: pH
# name 8 = altM: Altimeter [m]
# name 9 = dz/dtM: Descent Rate [m/s]
# name 10 = accM: Acceleration [m/s^2]
# name 11 = scan: Scan Count
# name 12 = timeS: Time, Elapsed [seconds]
# name 13 = sal00: Salinity, Practical [PSU]
# name 14 = sigma-t00: Density [sigma-t, kg/m^3 ]
# name 15 = svCM: Sound Velocity [Chen-Millero, m/s]
# name 16 = depSM: Depth [salt water, m], lat = 0
# name 17 = flag: flag
# span 0 =      1.005,    960.482       
# span 1 =     4.5664,    24.9094       
# span 2 =   3.296376,   5.260086       
# span 3 =          1,          1       
# span 4 =    34.2334,    34.8166       
# span 5 =      0.026,      0.368       
# span 6 =     2.3452,     7.0183       
# span 7 =      7.623,      8.073       
# span 8 =     -45.01,     103.98       
# span 9 =     -1.144,      0.925       
# span 10 =      -0.37,       0.32      
# span 11 =      12034,     105911      
# span 12 =    501.384,   4412.910      
# span 13 =    34.2367,    34.8157      
# span 14 =    23.1352,    27.2369      
# span 15 =    1483.80,    1534.21      
# span 16 =      1.000,    953.000      
# span 17 = 0.0000e+00, 0.0000e+00      
# interval = meters: 1                  
# start_time = Apr 18 2014 10:54:00 [System UTC, header]
# bad_flag = -9.990e-29
*END*
[from data line 242]
    256.568    17.6221   4.531011          1    34.7249      0.032     6.0558      7.957      98.75      0.363      -0.01      26379   1099.089    34.7232    25.1525    1518.63    255.000 0.0000e+00
    257.575    17.5827   4.526880          1    34.7232      0.034     6.0345      7.958      87.41      0.450       0.05      26434   1101.394    34.7210    25.1603    1518.52    256.000 0.0000e+00
    258.581    17.5529   4.523764          1    34.7214      0.031     6.0732      7.958      97.64      0.487      -0.02      26484   1103.465    34.7193    25.1662    1518.45    257.000 0.0000e+00
    259.588    17.5295   4.521433          1    34.7209      0.059     6.0565      7.958      79.05      0.428       0.00      26540   1105.783    34.7188    25.1715    1518.40    258.000 0.0000e+00
    260.595    17.4980   4.518148          1    34.7195      0.029     6.0703      7.958      98.95      0.505       0.07      26588   1107.774    34.7171    25.1779    1518.32    259.000 0.0000e+00
    261.602    17.4659   4.514825          1    34.7181      0.041     6.0802      7.958      63.06      0.592      -0.01      26629   1109.480    34.7156    25.1844    1518.24    260.000 0.0000e+00
    262.609    17.4394   4.512196          1    34.7175      0.029     6.0777      7.958      96.55      0.386      -0.08      26689   1111.984    34.7152    25.1905    1518.18    261.000 0.0000e+00
    263.615    17.3901   4.507246          1    34.7169      0.028     6.0770      7.958      98.77      0.384       0.10      26754   1114.694    34.7143    25.2017    1518.05    262.000 0.0000e+00
    264.622    17.3681   4.504959          1    34.7157      0.037     6.1059      7.958      83.35      0.558       0.06      26797   1116.480    34.7131    25.2061    1517.99    263.000 0.0000e+00
    265.629    17.3521   4.503349          1    34.7148      0.030     6.1133      7.958      98.23      0.573      -0.04      26839   1118.255    34.7125    25.2094    1517.96    264.000 0.0000e+00
    266.636    17.3430   4.502441          1    34.7140      0.037     6.1091      7.958      78.79      0.445      -0.03      26892   1120.476    34.7121    25.2114    1517.95    265.000 0.0000e+00
    267.643    17.3423   4.502432          1    34.7136      0.028     6.1066      7.958      98.93      0.394      -0.02      26953   1122.985    34.7122    25.2116    1517.97    266.000 0.0000e+00
    268.649    17.3424   4.502479          1    34.7131      0.040     6.0884      7.958      61.09      0.455       0.10      27007   1125.241    34.7121    25.2115    1517.98    267.000 0.0000e+00
    269.656    17.3423   4.502523          1    34.7129      0.030     6.0980      7.958      95.96      0.574       0.02      27049   1126.989    34.7122    25.2116    1518.00    268.000 0.0000e+00
    270.663    17.3382   4.502103          1    34.7124      0.032     6.0796      7.958      98.04      0.511      -0.07      27097   1128.981    34.7117    25.2122    1518.01    269.000 0.0000e+00
    271.670    17.3290   4.501138          1    34.7116      0.032     6.0841      7.958      88.24      0.344      -0.00      27162   1131.695    34.7109    25.2138    1517.99    270.000 0.0000e+00
    272.677    17.3177   4.499987          1    34.7110      0.028     6.0667      7.958      98.91      0.488       0.09      27213   1133.814    34.7102    25.2160    1517.98    271.000 0.0000e+00
    273.684    17.3049   4.498664          1    34.7103      0.040     6.0512      7.958      72.36      0.579       0.02      27254   1135.548    34.7094    25.2184    1517.95    272.000 0.0000e+00
    274.691    17.2955   4.497657          1    34.7093      0.032     6.0639      7.958      96.40      0.521      -0.07      27301   1137.505    34.7084    25.2199    1517.94    273.000 0.0000e+00
    275.697    17.2729   4.495240          1    34.7076      0.031     6.0692      7.958      98.77      0.314      -0.00      27370   1140.367    34.7065    25.2239    1517.89    274.000 0.0000e+00
    276.704    17.2066   4.488050          1    34.7033      0.036     6.0511      7.958      82.53      0.500       0.12      27420   1142.451    34.7007    25.2353    1517.70    275.000 0.0000e+00
    277.711    17.1466   4.481683          1    34.6998      0.031     6.0256      7.958      98.35      0.608      -0.00      27460   1144.107    34.6967    25.2466    1517.53    276.000 0.0000e+00
    278.718    17.1159   4.478418          1    34.6975      0.038     5.9844      7.958      77.78      0.505      -0.06      27508   1146.109    34.6943    25.2521    1517.45    277.000 0.0000e+00
    279.725    17.0241   4.468645          1    34.6922      0.029     5.9829      7.959      98.87      0.402      -0.02      27566   1148.559    34.6879    25.2690    1517.19    278.000 0.0000e+00
    280.732    16.9291   4.458652          1    34.6874      0.032     5.9804      7.958      98.71      0.419       0.03      27625   1150.981    34.6824    25.2872    1516.91    279.000 0.0000e+00
    281.739    16.8700   4.452373          1    34.6833      0.034     5.9704      7.958      83.38      0.515       0.05      27672   1152.939    34.6782    25.2980    1516.75    280.000 0.0000e+00
    282.746    16.8097   4.446002          1    34.6795      0.031     5.9532      7.959      98.26      0.569      -0.01      27714   1154.715    34.6741    25.3091    1516.58    281.000 0.0000e+00
    283.753    16.6984   4.434152          1    34.6727      0.033     5.9124      7.960      98.71      0.447      -0.05      27767   1156.921    34.6661    25.3291    1516.25    282.000 0.0000e+00
    284.759    16.6479   4.428827          1    34.6685      0.031     5.8328      7.960      94.92      0.479       0.04      27818   1159.053    34.6627    25.3383    1516.11    283.000 0.0000e+00
    285.766    16.6264   4.426632          1    34.6665      0.036     5.8235      7.960      80.62      0.466      -0.04      27870   1161.200    34.6617    25.3426    1516.06    284.000 0.0000e+00
    286.773    16.5757   4.421629          1    34.6658      0.031     5.8394      7.961      94.77      0.463       0.04      27922   1163.377    34.6612    25.3541    1515.92    285.000 0.0000e+00
    287.780    16.5154   4.415391          1    34.6632      0.034     5.8676      7.961      78.06      0.523      -0.01      27969   1165.314    34.6582    25.3658    1515.75    286.000 0.0000e+00
    288.787    16.4855   4.412293          1    34.6608      0.033     5.9307      7.962      85.93      0.458       0.00      28020   1167.454    34.6565    25.3715    1515.67    287.000 0.0000e+00
    289.794    16.4409   4.407532          1    34.6573      0.045     5.9338      7.962      94.13      0.565       0.04      28063   1169.242    34.6529    25.3790    1515.55    288.000 0.0000e+00
    290.801    16.3895   4.402174          1    34.6541      0.036     5.8825      7.962      80.50      0.434      -0.08      28117   1171.511    34.6498    25.3887    1515.41    289.000 0.0000e+00
    291.808    16.3425   4.397268          1    34.6511      0.031     5.8726      7.962      98.23      0.444       0.09      28173   1173.832    34.6469    25.3973    1515.28    290.000 0.0000e+00
    292.815    16.3170   4.394631          1    34.6492      0.037     5.8546      7.963      76.86      0.516      -0.02      28220   1175.788    34.6455    25.4021    1515.21    291.000 0.0000e+00
    293.822    16.2917   4.391979          1    34.6470      0.031     5.8426      7.963      85.68      0.506       0.03      28268   1177.771    34.6436    25.4065    1515.15    292.000 0.0000e+00
    294.829    16.2627   4.388939          1    34.6447      0.032     5.8178      7.963      94.81      0.511      -0.04      28315   1179.753    34.6415    25.4116    1515.08    293.000 0.0000e+00
    295.836    16.2504   4.387664          1    34.6431      0.028     5.7755      7.964      98.87      0.371      -0.01      28377   1182.317    34.6406    25.4137    1515.05    294.000 0.0000e+00
    296.843    16.2191   4.384296          1    34.6402      0.037     5.7714      7.964      79.28      0.497       0.10      28426   1184.387    34.6376    25.4185    1514.97    295.000 0.0000e+00
    297.850    16.1765   4.379738          1    34.6368      0.030     5.7444      7.965      98.23      0.576      -0.01      28468   1186.143    34.6339    25.4255    1514.85    296.000 0.0000e+00
    298.857    16.1363   4.375420          1    34.6334      0.037     5.7052      7.965      70.73      0.506      -0.03      28516   1188.129    34.6302    25.4319    1514.74    297.000 0.0000e+00
    299.864    16.1067   4.372323          1    34.6311      0.031     5.6194      7.966      98.33      0.434      -0.04      28571   1190.427    34.6281    25.4371    1514.66    298.000 0.0000e+00
    300.871    16.0621   4.367644          1    34.6282      0.032     5.6148      7.966      98.71      0.390       0.03      28632   1192.977    34.6251    25.4450    1514.54    299.000 0.0000e+00
    301.878    16.0206   4.363447          1    34.6267      0.035     5.6050      7.966      89.93      0.518       0.06      28679   1194.933    34.6235    25.4533    1514.43    300.000 0.0000e+00
    302.885    15.9947   4.360945          1    34.6266      0.034     5.5867      7.967      98.61      0.556      -0.01      28723   1196.749    34.6235    25.4592    1514.36    301.000 0.0000e+00
    303.892    15.9814   4.359671          1    34.6260      0.037     5.6623      7.967      83.26      0.488      -0.04      28773   1198.813    34.6234    25.4621    1514.34    302.000 0.0000e+00
    304.899    15.9660   4.358114          1    34.6248      0.031     5.6864      7.968      98.73      0.397      -0.02      28832   1201.295    34.6226    25.4650    1514.31    303.000 0.0000e+00
    305.906    15.9198   4.353281          1    34.6221      0.040     5.6801      7.968      65.95      0.442       0.09      28887   1203.594    34.6195    25.4731    1514.18    304.000 0.0000e+00
    306.913    15.8676   4.347719          1    34.6185      0.031     5.6543      7.968      97.84      0.615       0.06      28926   1205.203    34.6151    25.4816    1514.03    305.000 0.0000e+00
    307.920    15.8008   4.340824          1    34.6154      0.031     5.6336      7.968      98.71      0.393      -0.11      28985   1207.663    34.6116    25.4941    1513.83    306.000 0.0000e+00
    308.927    15.7360   4.334025          1    34.6112      0.033     5.5882      7.968      91.83      0.417       0.14      29047   1210.251    34.6070    25.5052    1513.64    307.000 0.0000e+00
    309.934    15.6877   4.328902          1    34.6076      0.031     5.5890      7.968      96.00      0.590       0.04      29087   1211.935    34.6031    25.5131    1513.50    308.000 0.0000e+00
    310.941    15.5702   4.316646          1    34.6020      0.035     5.5367      7.969      95.26      0.542      -0.06      29133   1213.813    34.5959    25.5340    1513.15    309.000 0.0000e+00
    311.948    15.5234   4.311800          1    34.5983      0.038     5.4681      7.969      87.05      0.418      -0.03      29189   1216.177    34.5930    25.5422    1513.01    310.000 0.0000e+00
    312.955    15.4915   4.308521          1    34.5956      0.039     5.5100      7.969      72.79      0.415       0.04      29247   1218.598    34.5911    25.5479    1512.93    311.000 0.0000e+00
    313.962    15.4734   4.306693          1    34.5939      0.032     5.5553      7.970      95.91      0.474      -0.01      29298   1220.721    34.5902    25.5512    1512.89    312.000 0.0000e+00
    314.969    15.4588   4.305205          1    34.5923      0.032     5.6594      7.970      98.77      0.479       0.05      29349   1222.815    34.5892    25.5538    1512.86    313.000 0.0000e+00
    315.976    15.4277   4.301966          1    34.5901      0.033     5.6652      7.970      98.71      0.581       0.03      29390   1224.542    34.5870    25.5589    1512.77    314.000 0.0000e+00
    316.983    15.4048   4.299633          1    34.5886      0.033     5.7141      7.970      91.69      0.544      -0.06      29435   1226.419    34.5857    25.5631    1512.72    315.000 0.0000e+00
    317.990    15.3984   4.299002          1    34.5873      0.034     5.7792      7.970      89.85      0.295      -0.04      29507   1229.412    34.5853    25.5642    1512.72    316.000 0.0000e+00
    318.997    15.3343   4.292288          1    34.5838      0.031     5.7997      7.970      94.10      0.455       0.17      29565   1231.839    34.5807    25.5749    1512.53    317.000 0.0000e+00
    320.004    15.3038   4.289151          1    34.5819      0.030     5.7984      7.970      98.63      0.682       0.09      29599   1233.245    34.5788    25.5802    1512.44    318.000 0.0000e+00
    321.011    15.2790   4.286583          1    34.5801      0.038     5.7287      7.970      66.28      0.649      -0.09      29637   1234.848    34.5770    25.5844    1512.38    319.000 0.0000e+00
    322.018    15.2627   4.284957          1    34.5788      0.029     5.7305      7.970      97.39      0.385      -0.09      29698   1237.377    34.5763    25.5874    1512.34    320.000 0.0000e+00
    323.026    15.2521   4.283940          1    34.5779      0.031     5.7503      7.969      98.71      0.351       0.11      29769   1240.347    34.5761    25.5896    1512.33    321.000 0.0000e+00
    324.033    15.2388   4.282422          1    34.5756      0.032     5.7415      7.969      87.58      0.566       0.09      29811   1242.088    34.5737    25.5907    1512.30    322.000 0.0000e+00
    325.040    15.1597   4.274288          1    34.5726      0.030     5.7388      7.969      98.45      0.585      -0.04      29853   1243.833    34.5694    25.6048    1512.06    323.000 0.0000e+00
    326.047    15.1003   4.268236          1    34.5703      0.038     5.6943      7.970      78.85      0.452      -0.04      29905   1246.017    34.5665    25.6157    1511.89    324.000 0.0000e+00
    327.054    15.0897   4.267183          1    34.5689      0.029     5.6542      7.969      99.05      0.472       0.05      29957   1248.162    34.5659    25.6176    1511.87    325.000 0.0000e+00
    328.061    15.0792   4.266139          1    34.5678      0.032     5.6590      7.970      98.71      0.489      -0.05      30006   1250.223    34.5653    25.6194    1511.85    326.000 0.0000e+00
    329.068    15.0630   4.264490          1    34.5663      0.032     5.6845      7.970      98.71      0.361       0.02      30069   1252.850    34.5643    25.6222    1511.82    327.000 0.0000e+00
    330.075    15.0495   4.263133          1    34.5653      0.030     5.6791      7.970      98.71      0.510       0.08      30117   1254.849    34.5635    25.6246    1511.79    328.000 0.0000e+00
    331.082    15.0393   4.262134          1    34.5647      0.033     5.6752      7.970      94.13      0.553      -0.02      30161   1256.678    34.5631    25.6264    1511.77    329.000 0.0000e+00
    332.090    15.0294   4.261136          1    34.5638      0.033     5.6445      7.970      91.79      0.484      -0.03      30211   1258.744    34.5623    25.6280    1511.76    330.000 0.0000e+00
    333.097    14.9990   4.257991          1    34.5620      0.031     5.6688      7.970      98.49      0.483      -0.01      30261   1260.848    34.5602    25.6330    1511.68    331.000 0.0000e+00
    334.104    14.9630   4.254250          1    34.5597      0.030     5.6785      7.970      98.71      0.390      -0.02      30321   1263.344    34.5576    25.6390    1511.57    332.000 0.0000e+00
    335.111    14.9526   4.253223          1    34.5588      0.030     5.6810      7.970      98.71      0.474       0.07      30373   1265.513    34.5571    25.6408    1511.56    333.000 0.0000e+00
