src/interpolation/Data/CTD/13w13h.cnv
* Sea-Bird SBE 9 Data File:
* FileName = E:\HOBAB2\w13.hex
* Software Version Seasave V 7.22.1
* Temperature SN = 5330
* Conductivity SN = 3693
* Number of Bytes Per Scan = 24
* Number of Voltage Words = 4
* Number of Scans Averaged by the Deck Unit = 1
* NMEA baud rate = 4800
# nquan = 18
# nvalues = 1893                        
# units = specified
# name 0 = prDM: Pressure, Digiquartz [db]
# name 1 = t090C: Temperature [ITS-90, deg C]
# name 2 = c0S/m: Conductivity [S/m]
# name 3 = pumps: Pump Status
# name 4 = sal00: Salinity, Practical [PSU]
# name 5 = seaTurbMtr: Turbidity, Seapoint [FTU]
# name 6 = sbeox0Mg/L: Oxygen, SBE 43 [mg/l]
# name 7 = ph: pH
# name 8 = altM: Altimeter [m]
# name 9 = dz/dtM: Descent Rate [m/s]
# name 10 = accM: Acceleration [m/s^2]
# name 11 = scan: Scan Count
# name 12 = timeS: Time, Elapsed [seconds]
# name 13 = sal00: Salinity, Practical [PSU]
# name 14 = sigma-t00: Density [sigma-t, kg/m^3 ]
# name 15 = svCM: Sound Velocity [Chen-Millero, m/s]
# name 16 = depSM: Depth [salt water, m], lat = 0
# name 17 = flag: flag
# span 0 =      1.005,    960.482       
# span 1 =     4.5664,    24.9094       
# span 2 =   3.296376,   5.260086       
# span 3 =          1,          1       
# span 4 =    34.2334,    34.8166       
# span 5 =      0.026,      0.368       
# span 6 =     2.3452,     7.0183       
# span 7 =      7.623,      8.073       
# span 8 =     -45.01,     103.98       
# span 9 =     -1.144,      0.925       
# span 10 =      -0.37,       0.32      
# span 11 =      12034,     105911      
# span 12 =    501.384,   4412.910      
# span 13 =    34.2367,    34.8157      
# span 14 =    23.1352,    27.2369      
# span 15 =    1483.80,    1534.21      
# span 16 =      1.000,    953.000      
# span 17 = 0.0000e+00, 0.0000e+00      
# interval = meters: 1                  
# start_time = Apr 18 2014 10:54:00 [System UTC, header]
# bad_flag = -9.990e-29
*END*
[from data line 1528]
    367.342    14.2916   4.186025          1    34.5131      0.031     5.5434      7.889      98.71     -0.891       0.10      91886   3828.556    34.5156    25.7512    1509.93    365.000 0.0000e+00
    366.335    14.3038   4.187239          1    34.5139      0.028     5.5596      7.878      98.71     -0.721       0.11      91921   3830.009    34.5162    25.7491    1509.95    364.000 0.0000e+00
    365.328    14.3051   4.187408          1    34.5151      0.035     5.5622      7.867      98.71     -0.660      -0.06      91957   3831.484    34.5170    25.7495    1509.94    363.000 0.0000e+00
    364.320    14.3317   4.190052          1    34.5159      0.030     5.5456      7.867      98.71     -0.812      -0.18      91984   3832.613    34.5181    25.7446    1510.01    362.000 0.0000e+00
    363.313    14.3512   4.191978          1    34.5165      0.029     5.5553      7.868      94.05     -0.969      -0.10      92008   3833.616    34.5189    25.7411    1510.06    361.000 0.0000e+00
    362.306    14.3593   4.192772          1    34.5171      0.029     5.5677      7.871      98.66     -0.963       0.08      92034   3834.718    34.5194    25.7398    1510.07    360.000 0.0000e+00
    361.299    14.3595   4.192762          1    34.5176      0.031     5.5748      7.889      98.71     -0.820       0.10      92065   3836.000    34.5195    25.7398    1510.05    359.000 0.0000e+00
    360.291    14.3612   4.192901          1    34.5180      0.037     5.5586      7.879      80.90     -0.735       0.03      92098   3837.385    34.5197    25.7396    1510.04    358.000 0.0000e+00
    359.284    14.3887   4.195705          1    34.5195      0.032     5.5746      7.892      99.04     -0.728      -0.02      92131   3838.752    34.5214    25.7350    1510.12    357.000 0.0000e+00
    358.277    14.4084   4.197719          1    34.5206      0.031     5.5726      7.900      98.71     -0.778      -0.06      92161   3840.020    34.5229    25.7320    1510.16    356.000 0.0000e+00
    357.270    14.4362   4.200518          1    34.5218      0.039     5.5765      7.899      76.72     -0.808       0.01      92191   3841.270    34.5242    25.7271    1510.24    355.000 0.0000e+00
    356.262    14.4544   4.202329          1    34.5225      0.035     5.5815      7.898      81.94     -0.813      -0.03      92221   3842.482    34.5251    25.7239    1510.28    354.000 0.0000e+00
    355.255    14.4879   4.205902          1    34.5254      0.029     5.5769      7.898      98.81     -0.888      -0.09      92247   3843.569    34.5285    25.7193    1510.38    353.000 0.0000e+00
    354.248    14.5494   4.212082          1    34.5269      0.031     5.5715      7.896      98.71     -0.959      -0.04      92272   3844.612    34.5310    25.7081    1510.56    352.000 0.0000e+00
    353.241    14.5622   4.213453          1    34.5287      0.041     5.6007      7.896      49.92     -0.884       0.14      92301   3845.835    34.5326    25.7065    1510.59    351.000 0.0000e+00
    352.233    14.6193   4.219485          1    34.5332      0.031     5.5892      7.896      99.50     -0.651       0.11      92339   3847.420    34.5376    25.6981    1510.76    350.000 0.0000e+00
    351.226    14.6198   4.219472          1    34.5339      0.035     5.5813      7.896      86.59     -0.655      -0.13      92374   3848.882    34.5374    25.6978    1510.74    349.000 0.0000e+00
    350.219    14.6741   4.225060          1    34.5364      0.041     5.5622      7.896      71.08     -0.822      -0.12      92402   3850.042    34.5409    25.6888    1510.90    348.000 0.0000e+00
    349.212    14.7085   4.228684          1    34.5394      0.030     5.5936      7.896      99.01     -0.881       0.01      92430   3851.200    34.5439    25.6837    1511.00    347.000 0.0000e+00
    348.204    14.7325   4.231096          1    34.5407      0.031     5.6034      7.896      98.71     -0.858       0.01      92458   3852.369    34.5451    25.6794    1511.06    346.000 0.0000e+00
    347.197    14.7666   4.234476          1    34.5414      0.031     5.5755      7.896      98.71     -0.871      -0.01      92486   3853.531    34.5461    25.6728    1511.16    345.000 0.0000e+00
    346.190    14.7959   4.237543          1    34.5438      0.030     5.5908      7.895      98.71     -0.819       0.06      92516   3854.791    34.5486    25.6684    1511.23    344.000 0.0000e+00
    345.183    14.8229   4.240258          1    34.5454      0.028     5.6100      7.895      98.71     -0.790      -0.01      92546   3856.057    34.5497    25.6634    1511.30    343.000 0.0000e+00
    344.176    14.8668   4.244841          1    34.5482      0.044     5.6294      7.895      63.53     -0.797       0.02      92577   3857.339    34.5531    25.6564    1511.43    342.000 0.0000e+00
    343.168    14.9040   4.248616          1    34.5502      0.029     5.6755      7.895      98.55     -0.723       0.05      92611   3858.765    34.5550    25.6498    1511.54    341.000 0.0000e+00
    342.161    14.9066   4.248841          1    34.5511      0.028     5.6640      7.894      98.71     -0.695      -0.03      92645   3860.176    34.5551    25.6493    1511.53    340.000 0.0000e+00
    341.154    14.9304   4.251300          1    34.5529      0.030     5.6617      7.894      98.71     -0.807      -0.12      92673   3861.353    34.5568    25.6455    1511.59    339.000 0.0000e+00
    340.147    14.9581   4.254034          1    34.5536      0.029     5.6620      7.894      98.71     -0.907      -0.05      92700   3862.446    34.5576    25.6401    1511.66    338.000 0.0000e+00
    339.140    14.9643   4.254668          1    34.5548      0.030     5.6690      7.894      98.71     -0.903       0.04      92727   3863.587    34.5583    25.6392    1511.66    337.000 0.0000e+00
    338.132    14.9695   4.255178          1    34.5556      0.033     5.6540      7.894      92.74     -0.835       0.06      92757   3864.831    34.5587    25.6384    1511.67    336.000 0.0000e+00
    337.125    14.9772   4.255904          1    34.5562      0.028     5.6532      7.893      98.71     -0.755       0.05      92790   3866.188    34.5589    25.6368    1511.67    335.000 0.0000e+00
    336.118    14.9928   4.257509          1    34.5573      0.031     5.6491      7.893      98.71     -0.718       0.01      92823   3867.597    34.5601    25.6343    1511.71    334.000 0.0000e+00
    335.111    15.0088   4.259157          1    34.5589      0.029     5.6607      7.893      98.71     -0.726      -0.03      92856   3868.958    34.5614    25.6318    1511.74    333.000 0.0000e+00
    334.104    15.0360   4.261930          1    34.5602      0.031     5.6590      7.893      98.71     -0.809      -0.09      92884   3870.145    34.5630    25.6271    1511.81    332.000 0.0000e+00
    333.097    15.0586   4.264148          1    34.5605      0.045     5.6478      7.893      43.99     -0.895      -0.05      92911   3871.256    34.5635    25.6225    1511.87    331.000 0.0000e+00
    332.090    15.0800   4.266349          1    34.5619      0.027     5.6674      7.893      98.86     -0.902       0.01      92938   3872.378    34.5650    25.6190    1511.92    330.000 0.0000e+00
    331.082    15.0974   4.268170          1    34.5635      0.029     5.6852      7.892      98.71     -0.873       0.05      92966   3873.560    34.5665    25.6163    1511.96    329.000 0.0000e+00
    330.075    15.1117   4.269625          1    34.5646      0.031     5.6967      7.892      94.38     -0.797       0.06      92998   3874.865    34.5675    25.6139    1511.99    328.000 0.0000e+00
    329.068    15.1337   4.271902          1    34.5663      0.030     5.7006      7.892      96.33     -0.721       0.02      93031   3876.266    34.5691    25.6103    1512.05    327.000 0.0000e+00
    328.061    15.1537   4.273970          1    34.5677      0.031     5.6990      7.892      98.72     -0.748      -0.04      93063   3877.586    34.5706    25.6071    1512.09    326.000 0.0000e+00
    327.054    15.1837   4.276982          1    34.5687      0.028     5.6881      7.892      98.71     -0.778       0.01      93094   3878.891    34.5718    25.6014    1512.17    325.000 0.0000e+00
    326.047    15.2007   4.278685          1    34.5697      0.028     5.6718      7.891      98.71     -0.732       0.03      93128   3880.275    34.5727    25.5983    1512.21    324.000 0.0000e+00
    325.040    15.2154   4.280200          1    34.5709      0.031     5.6946      7.891      98.71     -0.779      -0.11      93157   3881.493    34.5738    25.5959    1512.24    323.000 0.0000e+00
    324.033    15.2435   4.283139          1    34.5728      0.029     5.7372      7.891      98.71     -0.916      -0.13      93182   3882.531    34.5760    25.5914    1512.32    322.000 0.0000e+00
    323.026    15.2901   4.287963          1    34.5751      0.031     5.7495      7.891      98.71     -1.002      -0.04      93206   3883.527    34.5790    25.5834    1512.45    321.000 0.0000e+00
    322.018    15.3117   4.290219          1    34.5769      0.032     5.7442      7.891      98.71     -0.953       0.11      93233   3884.650    34.5808    25.5800    1512.50    320.000 0.0000e+00
    321.011    15.3609   4.295503          1    34.5811      0.031     5.6683      7.890      98.71     -0.753       0.14      93267   3886.070    34.5855    25.5727    1512.65    319.000 0.0000e+00
    320.004    15.3847   4.297884          1    34.5825      0.032     5.5824      7.890      98.71     -0.629      -0.01      93304   3887.641    34.5865    25.5682    1512.71    318.000 0.0000e+00
    318.997    15.3943   4.298985          1    34.5847      0.032     5.4473      7.890      98.71     -0.728      -0.11      93336   3888.966    34.5883    25.5674    1512.72    317.000 0.0000e+00
    317.990    15.4182   4.301343          1    34.5854      0.033     5.4222      7.890      98.71     -0.829      -0.05      93365   3890.157    34.5889    25.5626    1512.78    316.000 0.0000e+00
    316.983    15.4425   4.303845          1    34.5869      0.034     5.4918      7.890      98.71     -0.826       0.04      93395   3891.409    34.5905    25.5583    1512.84    315.000 0.0000e+00
    315.976    15.5020   4.310327          1    34.5922      0.032     5.5045      7.890      98.71     -0.776      -0.01      93425   3892.683    34.5969    25.5500    1513.02    314.000 0.0000e+00
    314.969    15.5859   4.318804          1    34.5941      0.032     5.4875      7.890      98.71     -0.868      -0.13      93451   3893.768    34.5999    25.5335    1513.27    313.000 0.0000e+00
    313.962    15.6599   4.326462          1    34.5971      0.031     5.4902      7.890      98.71     -0.977      -0.06      93476   3894.773    34.6041    25.5201    1513.49    312.000 0.0000e+00
    312.955    15.6939   4.329979          1    34.5995      0.034     5.5191      7.890      91.51     -0.983       0.05      93501   3895.839    34.6062    25.5141    1513.58    311.000 0.0000e+00
    311.948    15.7068   4.331420          1    34.6023      0.040     5.5295      7.890      77.55     -0.803       0.17      93534   3897.199    34.6081    25.5127    1513.60    310.000 0.0000e+00
    310.941    15.7666   4.337573          1    34.6052      0.031     5.5282      7.889      99.31     -0.542       0.07      93578   3899.027    34.6112    25.5015    1513.78    309.000 0.0000e+00
    309.934    15.7730   4.338366          1    34.6083      0.032     5.5415      7.889      98.71     -0.632      -0.17      93613   3900.518    34.6131    25.5016    1513.78    308.000 0.0000e+00
    308.927    15.8240   4.343381          1    34.6084      0.034     5.5342      7.889      98.71     -0.854      -0.23      93639   3901.576    34.6137    25.4905    1513.92    307.000 0.0000e+00
    307.920    15.8390   4.344863          1    34.6091      0.031     5.5276      7.888      98.71     -1.026      -0.12      93661   3902.510    34.6142    25.4874    1513.95    306.000 0.0000e+00
    306.913    15.8474   4.345673          1    34.6098      0.266     5.5566      7.888      87.63     -1.058       0.05      93685   3903.502    34.6145    25.4858    1513.96    305.000 0.0000e+00
    305.906    15.8538   4.346323          1    34.6110      0.044     5.5879      7.888      70.26     -0.907       0.15      93714   3904.700    34.6151    25.4848    1513.97    304.000 0.0000e+00
    304.899    15.8761   4.348646          1    34.6128      0.032     5.5560      7.888      98.76     -0.751       0.06      93747   3906.065    34.6167    25.4810    1514.02    303.000 0.0000e+00
    303.892    15.9177   4.352866          1    34.6141      0.032     5.5518      7.888      98.71     -0.725       0.01      93780   3907.462    34.6184    25.4728    1514.14    302.000 0.0000e+00
    302.885    15.9503   4.356145          1    34.6154      0.032     5.5710      7.887      98.71     -0.674       0.05      93816   3908.978    34.6196    25.4663    1514.22    301.000 0.0000e+00
    301.878    15.9792   4.359082          1    34.6169      0.032     5.5575      7.887      98.71     -0.662      -0.06      93852   3910.452    34.6208    25.4607    1514.30    300.000 0.0000e+00
    300.871    15.9896   4.360295          1    34.6192      0.031     5.5603      7.887      98.71     -0.801      -0.17      93880   3911.609    34.6229    25.4599    1514.31    299.000 0.0000e+00
    299.864    16.0287   4.364394          1    34.6215      0.032     5.5782      7.887      98.71     -0.959      -0.14      93903   3912.596    34.6257    25.4531    1514.42    298.000 0.0000e+00
    298.857    16.0511   4.366763          1    34.6235      0.033     5.5946      7.887      91.52     -1.025       0.00      93927   3913.598    34.6276    25.4494    1514.48    297.000 0.0000e+00
    297.850    16.0679   4.368531          1    34.6251      0.043     5.6614      7.886      52.79     -0.917       0.13      93956   3914.775    34.6291    25.4467    1514.51    296.000 0.0000e+00
    296.843    16.0959   4.371600          1    34.6282      0.031     5.7167      7.886      97.31     -0.739       0.11      93990   3916.206    34.6323    25.4428    1514.59    295.000 0.0000e+00
    295.836    16.1477   4.377033          1    34.6318      0.030     5.7477      7.885      98.71     -0.577       0.04      94032   3917.938    34.6358    25.4336    1514.73    294.000 0.0000e+00
    294.829    16.1376   4.375915          1    34.6318      0.029     5.7871      7.885      98.71     -0.658      -0.18      94065   3919.346    34.6350    25.4353    1514.68    293.000 0.0000e+00
    293.822    16.1500   4.377146          1    34.6325      0.030     5.8323      7.884      98.71     -0.890      -0.20      94090   3920.377    34.6355    25.4329    1514.71    292.000 0.0000e+00
    292.815    16.1574   4.377866          1    34.6331      0.031     5.8361      7.884      98.71     -0.974       0.03      94116   3921.439    34.6359    25.4315    1514.71    291.000 0.0000e+00
    291.808    16.1587   4.377966          1    34.6336      0.031     5.8281      7.884      98.71     -0.867       0.11      94145   3922.655    34.6360    25.4312    1514.70    290.000 0.0000e+00
    290.801    16.1624   4.378325          1    34.6342      0.029     5.7945      7.884      98.71     -0.797       0.01      94175   3923.922    34.6363    25.4307    1514.69    289.000 0.0000e+00
    289.794    16.2289   4.385399          1    34.6382      0.030     5.8064      7.883      98.71     -0.747       0.07      94209   3925.314    34.6415    25.4194    1514.89    288.000 0.0000e+00
    288.787    16.2596   4.388736          1    34.6412      0.029     5.7885      7.883      98.71     -0.681      -0.01      94243   3926.766    34.6447    25.4147    1514.97    287.000 0.0000e+00
    287.780    16.2926   4.392055          1    34.6421      0.031     5.8077      7.882      98.71     -0.775      -0.11      94273   3928.004    34.6457    25.4079    1515.06    286.000 0.0000e+00
