src/interpolation/Data/CTD/14w14h.cnv
* Sea-Bird SBE 9 Data File:
* FileName = E:\HOBAB2\w14.hex
* Software Version Seasave V 7.22.1
* Temperature SN = 5330
* Conductivity SN = 3693
* Number of Bytes Per Scan = 24
* Number of Voltage Words = 4
* Number of Scans Averaged by the Deck Unit = 1
* NMEA baud rate = 9600
# nquan = 18
# nvalues = 2510                        
# units = specified
# name 0 = prDM: Pressure, Digiquartz [db]
# name 1 = t090C: Temperature [ITS-90, deg C]
# name 2 = c0S/m: Conductivity [S/m]
# name 3 = pumps: Pump Status
# name 4 = sal00: Salinity, Practical [PSU]
# name 5 = seaTurbMtr: Turbidity, Seapoint [FTU]
# name 6 = sbeox0Mg/L: Oxygen, SBE 43 [mg/l]
# name 7 = ph: pH
# name 8 = altM: Altimeter [m]
# name 9 = dz/dtM: Descent Rate [m/s]
# name 10 = accM: Acceleration [m/s^2]
# name 11 = scan: Scan Count
# name 12 = timeS: Time, Elapsed [seconds]
# name 13 = sal00: Salinity, Practical [PSU]
# name 14 = sigma-t00: Density [sigma-t, kg/m^3 ]
# name 15 = svCM: Sound Velocity [Chen-Millero, m/s]
# name 16 = depSM: Depth [salt water, m], lat = 0
# name 17 = flag: flag
# span 0 =      1.006,   1272.853       
# span 1 =     3.9590,    24.0153       
# span 2 =   3.255936,   5.159974       
# span 3 =          1,          1       
# span 4 =    34.2315,    34.8045       
# span 5 =     -0.006,      0.483       
# span 6 =     2.1935,     6.9820       
# span 7 =      7.567,      8.011       
# span 8 =     -15.15,     130.09       
# span 9 =     -0.841,      0.890       
# span 10 =      -0.31,       0.44      
# span 11 =      21417,     175538      
# span 12 =    892.325,   7314.051      
# span 13 =    34.2322,    34.8033      
# span 14 =    23.3818,    27.3297      
# span 15 =    1482.98,    1531.77      
# span 16 =      1.000,   1262.000      
# span 17 = 0.0000e+00, 0.0000e+00      
# interval = meters: 1                  
# start_time = Apr 19 2014 04:25:29 [System UTC, header]
# bad_flag = -9.990e-29
*END*
[from data line 724]
    743.408     5.5579   3.365230          1    34.2699      0.030     2.6751      7.773      98.71      0.667       0.04      58343   2430.935    34.2693    27.0300    1484.28    738.000 0.0000e+00
    744.417     5.5474   3.364293          1    34.2696      0.030     2.6702      7.774      98.71      0.519      -0.12      58391   2432.900    34.2688    27.0309    1484.25    739.000 0.0000e+00
    745.426     5.5428   3.363925          1    34.2695      0.029     2.6724      7.773      98.71      0.466       0.11      58442   2435.034    34.2688    27.0315    1484.25    740.000 0.0000e+00
    746.435     5.5396   3.363731          1    34.2699      0.028     2.6763      7.828      98.71      0.652       0.09      58478   2436.528    34.2693    27.0322    1484.25    741.000 0.0000e+00
    747.444     5.5404   3.363924          1    34.2707      0.028     2.6719      7.779      98.71      0.643      -0.07      58516   2438.141    34.2703    27.0329    1484.27    742.000 0.0000e+00
    748.453     5.5467   3.364708          1    34.2724      0.030     2.6623      7.775      98.71      0.510      -0.03      58563   2440.096    34.2722    27.0337    1484.32    743.000 0.0000e+00
    749.463     5.5503   3.365133          1    34.2729      0.030     2.6615      7.776      98.71      0.571       0.08      58605   2441.843    34.2729    27.0338    1484.35    744.000 0.0000e+00
    750.472     5.5537   3.365546          1    34.2735      0.030     2.6687      7.775      98.71      0.570      -0.06      58648   2443.638    34.2737    27.0340    1484.38    745.000 0.0000e+00
    751.481     5.5579   3.366079          1    34.2748      0.029     2.6704      7.776      98.71      0.485       0.00      58698   2445.700    34.2750    27.0345    1484.42    746.000 0.0000e+00
    752.490     5.5529   3.365669          1    34.2749      0.029     2.6722      7.778      98.71      0.541       0.07      58742   2447.538    34.2749    27.0351    1484.41    747.000 0.0000e+00
    753.499     5.5764   3.368522          1    34.2818      0.030     2.6740      7.777      98.71      0.674       0.08      58777   2448.996    34.2829    27.0385    1484.54    748.000 0.0000e+00
    754.508     5.5560   3.367082          1    34.2868      0.029     2.6696      7.780      98.71      0.655      -0.09      58815   2450.588    34.2867    27.0440    1484.48    749.000 0.0000e+00
    755.518     5.5250   3.364262          1    34.2866      0.031     2.6777      7.781      98.71      0.503      -0.04      58863   2452.602    34.2857    27.0470    1484.37    750.000 0.0000e+00
    756.527     5.4922   3.361367          1    34.2870      0.032     2.6701      7.783      98.71      0.451       0.03      58916   2454.787    34.2856    27.0509    1484.25    751.000 0.0000e+00
    757.536     5.4726   3.359781          1    34.2887      0.031     2.6492      7.779      98.71      0.561       0.06      58959   2456.566    34.2870    27.0544    1484.19    752.000 0.0000e+00
    758.545     5.4534   3.358185          1    34.2897      0.030     2.6238      7.780      98.71      0.689       0.11      58992   2457.971    34.2879    27.0573    1484.13    753.000 0.0000e+00
    759.554     5.4489   3.357933          1    34.2907      0.029     2.6204      7.781      98.71      0.666      -0.13      59030   2459.554    34.2890    27.0588    1484.13    754.000 0.0000e+00
    760.564     5.4446   3.357745          1    34.2920      0.033     2.6138      7.795      98.71      0.365       0.03      59089   2462.005    34.2907    27.0607    1484.13    755.000 0.0000e+00
    761.573     5.4456   3.358046          1    34.2936      0.031     2.6172      7.802      98.71      0.566       0.11      59131   2463.751    34.2926    27.0620    1484.15    756.000 0.0000e+00
    762.582     5.4453   3.358257          1    34.2955      0.030     2.6204      7.803      98.71      0.719       0.10      59164   2465.106    34.2949    27.0638    1484.17    757.000 0.0000e+00
    763.591     5.4469   3.358648          1    34.2977      0.030     2.6170      7.812      98.71      0.588      -0.16      59206   2466.893    34.2972    27.0655    1484.20    758.000 0.0000e+00
    764.600     5.4460   3.358781          1    34.2994      0.029     2.6155      7.803      98.71      0.450       0.12      59258   2469.048    34.2991    27.0672    1484.22    759.000 0.0000e+00
    765.610     5.4491   3.359463          1    34.3035      0.030     2.6148      7.808      98.71      0.620       0.04      59297   2470.652    34.3033    27.0701    1484.25    760.000 0.0000e+00
    766.619     5.4443   3.359515          1    34.3083      0.031     2.6248      7.807      98.71      0.601      -0.03      59337   2472.345    34.3081    27.0745    1484.25    761.000 0.0000e+00
    767.628     5.4227   3.358069          1    34.3139      0.031     2.6277      7.801      98.71      0.558      -0.03      59381   2474.165    34.3132    27.0811    1484.19    762.000 0.0000e+00
    768.637     5.4091   3.357027          1    34.3156      0.034     2.6182      7.795      98.71      0.506       0.00      59428   2476.130    34.3146    27.0838    1484.15    763.000 0.0000e+00
    769.647     5.3645   3.353423          1    34.3203      0.033     2.6187      7.790      98.71      0.614       0.10      59467   2477.734    34.3184    27.0922    1483.99    764.000 0.0000e+00
    770.656     5.3403   3.351382          1    34.3215      0.042     2.6056      7.793      98.71      0.586      -0.11      59509   2479.496    34.3193    27.0958    1483.91    765.000 0.0000e+00
    771.665     5.3248   3.350260          1    34.3238      0.032     2.5886      7.804      98.71      0.422       0.09      59562   2481.718    34.3218    27.0996    1483.87    766.000 0.0000e+00
    772.674     5.3164   3.349734          1    34.3258      0.030     2.5796      7.801      98.71      0.647       0.12      59598   2483.213    34.3239    27.1022    1483.86    767.000 0.0000e+00
    773.684     5.3143   3.349635          1    34.3259      0.036     2.5753      7.794      98.71      0.671      -0.09      59635   2484.766    34.3243    27.1028    1483.87    768.000 0.0000e+00
    774.693     5.3127   3.349571          1    34.3259      0.031     2.5767      7.793      98.71      0.371      -0.07      59695   2487.269    34.3248    27.1034    1483.88    769.000 0.0000e+00
    775.702     5.3087   3.349347          1    34.3267      0.030     2.5800      7.799      98.71      0.475       0.11      59749   2489.511    34.3258    27.1047    1483.88    770.000 0.0000e+00
    776.712     5.3066   3.349241          1    34.3270      0.031     2.5743      7.796      98.71      0.552       0.01      59793   2491.326    34.3262    27.1052    1483.89    771.000 0.0000e+00
    777.721     5.2994   3.348729          1    34.3280      0.032     2.5730      7.794      98.71      0.656       0.08      59829   2492.831    34.3272    27.1069    1483.87    772.000 0.0000e+00
    778.730     5.2878   3.347872          1    34.3297      0.031     2.5698      7.792      98.71      0.571      -0.11      59872   2494.645    34.3288    27.1095    1483.85    773.000 0.0000e+00
    779.739     5.2777   3.347113          1    34.3309      0.031     2.5699      7.792      98.71      0.464       0.06      59924   2496.773    34.3299    27.1116    1483.82    774.000 0.0000e+00
    780.749     5.2673   3.346315          1    34.3318      0.030     2.5643      7.794      98.71      0.585       0.05      59965   2498.481    34.3308    27.1135    1483.80    775.000 0.0000e+00
    781.758     5.2586   3.345663          1    34.3328      0.032     2.5667      7.797      98.71      0.581      -0.06      60007   2500.248    34.3318    27.1153    1483.78    776.000 0.0000e+00
    782.767     5.2460   3.344707          1    34.3343      0.031     2.5573      7.811      98.71      0.419       0.01      60061   2502.497    34.3332    27.1180    1483.75    777.000 0.0000e+00
    783.777     5.2283   3.343381          1    34.3369      0.029     2.5531      7.817      98.71      0.612       0.13      60099   2504.095    34.3356    27.1219    1483.70    778.000 0.0000e+00
    784.786     5.2266   3.343285          1    34.3369      0.030     2.5527      7.802      98.71      0.669      -0.05      60136   2505.634    34.3357    27.1222    1483.71    779.000 0.0000e+00
    785.795     5.2254   3.343247          1    34.3370      0.034     2.5518      7.792      98.71      0.509      -0.03      60183   2507.567    34.3361    27.1226    1483.72    780.000 0.0000e+00
    786.805     5.2253   3.343283          1    34.3367      0.032     2.5491      7.792      98.71      0.604       0.05      60222   2509.227    34.3360    27.1226    1483.74    781.000 0.0000e+00
    787.814     5.2247   3.343294          1    34.3368      0.030     2.5501      7.792      98.71      0.481      -0.10      60272   2511.307    34.3363    27.1229    1483.75    782.000 0.0000e+00
    788.823     5.2244   3.343325          1    34.3368      0.030     2.5459      7.794      98.71      0.499       0.13      60321   2513.335    34.3364    27.1230    1483.77    783.000 0.0000e+00
    789.833     5.2245   3.343374          1    34.3367      0.032     2.5460      7.791      98.71      0.639       0.03      60359   2514.899    34.3364    27.1230    1483.78    784.000 0.0000e+00
    790.842     5.2251   3.343473          1    34.3366      0.031     2.5444      7.794      98.71      0.573      -0.06      60401   2516.684    34.3364    27.1229    1483.80    785.000 0.0000e+00
    791.851     5.2252   3.343520          1    34.3365      0.033     2.5475      7.792      98.71      0.488      -0.02      60450   2518.728    34.3363    27.1228    1483.82    786.000 0.0000e+00
    792.861     5.2258   3.343608          1    34.3364      0.033     2.5532      7.792      98.71      0.581       0.16      60490   2520.383    34.3363    27.1228    1483.84    787.000 0.0000e+00
    793.870     5.2257   3.343643          1    34.3363      0.034     2.5526      7.790      98.71      0.761       0.03      60522   2521.697    34.3362    27.1227    1483.85    788.000 0.0000e+00
    794.879     5.2256   3.343682          1    34.3364      0.031     2.5510      7.789      98.71      0.400      -0.14      60579   2524.066    34.3363    27.1228    1483.87    789.000 0.0000e+00
    795.889     5.2256   3.343718          1    34.3363      0.030     2.5496      7.788      98.71      0.488       0.12      60632   2526.285    34.3363    27.1228    1483.89    790.000 0.0000e+00
    796.898     5.2258   3.343781          1    34.3363      0.032     2.5443      7.788      98.71      0.630       0.10      60669   2527.835    34.3362    27.1227    1483.91    791.000 0.0000e+00
    797.908     5.2255   3.343805          1    34.3363      0.033     2.5438      7.787      98.71      0.764       0.07      60700   2529.120    34.3363    27.1228    1483.92    792.000 0.0000e+00
    798.917     5.2205   3.343479          1    34.3374      0.032     2.5422      7.787      98.71      0.681      -0.12      60737   2530.681    34.3372    27.1241    1483.92    793.000 0.0000e+00
    799.926     5.2196   3.343466          1    34.3376      0.029     2.5481      7.788      98.71      0.463      -0.05      60789   2532.820    34.3374    27.1244    1483.93    794.000 0.0000e+00
    800.936     5.2198   3.343514          1    34.3375      0.030     2.5458      7.785      98.71      0.477       0.06      60839   2534.931    34.3374    27.1243    1483.95    795.000 0.0000e+00
    801.945     5.2201   3.343586          1    34.3374      0.030     2.5491      7.783      98.71      0.613       0.12      60878   2536.521    34.3373    27.1242    1483.97    796.000 0.0000e+00
    802.955     5.2203   3.343643          1    34.3373      0.030     2.5458      7.782      98.71      0.741       0.03      60910   2537.876    34.3373    27.1242    1483.98    797.000 0.0000e+00
    803.964     5.2201   3.343678          1    34.3375      0.031     2.5433      7.781      98.71      0.512      -0.14      60957   2539.831    34.3374    27.1243    1484.00    798.000 0.0000e+00
    804.973     5.2198   3.343697          1    34.3375      0.033     2.5494      7.780      98.71      0.575       0.11      61000   2541.607    34.3374    27.1244    1484.01    799.000 0.0000e+00
    805.983     5.2199   3.343749          1    34.3374      0.030     2.5486      7.779      98.71      0.569      -0.06      61043   2543.396    34.3374    27.1243    1484.03    800.000 0.0000e+00
    806.992     5.2201   3.343824          1    34.3375      0.031     2.5392      7.778      98.71      0.613       0.11      61081   2545.002    34.3375    27.1244    1484.05    801.000 0.0000e+00
    808.002     5.2186   3.343751          1    34.3378      0.033     2.5494      7.776      98.71      0.619      -0.09      61121   2546.679    34.3377    27.1248    1484.06    802.000 0.0000e+00
    809.011     5.2173   3.343698          1    34.3381      0.031     2.5477      7.776      98.71      0.456       0.03      61172   2548.794    34.3380    27.1251    1484.07    803.000 0.0000e+00
    810.020     5.2146   3.343532          1    34.3385      0.032     2.5463      7.774      98.71      0.573       0.04      61214   2550.549    34.3384    27.1257    1484.08    804.000 0.0000e+00
    811.030     5.1922   3.341776          1    34.3412      0.033     2.5408      7.773      98.71      0.637       0.06      61251   2552.095    34.3406    27.1302    1484.01    805.000 0.0000e+00
    812.039     5.1571   3.338910          1    34.3447      0.032     2.5425      7.772      98.71      0.676      -0.05      61288   2553.624    34.3431    27.1362    1483.88    806.000 0.0000e+00
    813.049     5.1090   3.334931          1    34.3485      0.034     2.5351      7.770      98.71      0.507      -0.00      61334   2555.525    34.3461    27.1442    1483.71    807.000 0.0000e+00
    814.058     5.0714   3.331766          1    34.3508      0.033     2.5210      7.770      98.71      0.639       0.03      61371   2557.094    34.3478    27.1499    1483.58    808.000 0.0000e+00
    815.068     5.0640   3.331160          1    34.3504      0.037     2.5048      7.768      98.71      0.468      -0.09      61421   2559.181    34.3479    27.1509    1483.56    809.000 0.0000e+00
    816.077     5.0622   3.331070          1    34.3501      0.038     2.4894      7.766      98.71      0.544       0.05      61467   2561.068    34.3482    27.1513    1483.57    810.000 0.0000e+00
    817.087     5.0573   3.330699          1    34.3501      0.032     2.4899      7.766      98.71      0.543       0.04      61510   2562.876    34.3485    27.1521    1483.57    811.000 0.0000e+00
    818.096     5.0475   3.329942          1    34.3508      0.032     2.4911      7.764      98.71      0.713       0.13      61542   2564.219    34.3492    27.1538    1483.55    812.000 0.0000e+00
    819.106     5.0356   3.328948          1    34.3511      0.033     2.4953      7.763      98.71      0.691      -0.12      61579   2565.752    34.3495    27.1554    1483.52    813.000 0.0000e+00
    820.115     5.0220   3.327869          1    34.3521      0.033     2.4871      7.764      98.71      0.529      -0.03      61625   2567.671    34.3506    27.1578    1483.48    814.000 0.0000e+00
    821.125     4.9986   3.325901          1    34.3532      0.035     2.4870      7.760      98.71      0.443      -0.01      61678   2569.860    34.3514    27.1612    1483.40    815.000 0.0000e+00
    822.134     4.9872   3.325000          1    34.3540      0.032     2.4780      7.759      98.71      0.616       0.14      61716   2571.456    34.3523    27.1632    1483.37    816.000 0.0000e+00
    823.144     4.9823   3.324622          1    34.3539      0.034     2.4712      7.758      98.71      0.656      -0.06      61754   2573.029    34.3524    27.1638    1483.37    817.000 0.0000e+00
