src/interpolation/Data/CTD/14w14h.cnv
* Sea-Bird SBE 9 Data File:
* FileName = E:\HOBAB2\w14.hex
* Software Version Seasave V 7.22.1
* Temperature SN = 5330
* Conductivity SN = 3693
* Number of Bytes Per Scan = 24
* Number of Voltage Words = 4
* Number of Scans Averaged by the Deck Unit = 1
* NMEA baud rate = 9600
# nquan = 18
# nvalues = 2510                        
# units = specified
# name 0 = prDM: Pressure, Digiquartz [db]
# name 1 = t090C: Temperature [ITS-90, deg C]
# name 2 = c0S/m: Conductivity [S/m]
# name 3 = pumps: Pump Status
# name 4 = sal00: Salinity, Practical [PSU]
# name 5 = seaTurbMtr: Turbidity, Seapoint [FTU]
# name 6 = sbeox0Mg/L: Oxygen, SBE 43 [mg/l]
# name 7 = ph: pH
# name 8 = altM: Altimeter [m]
# name 9 = dz/dtM: Descent Rate [m/s]
# name 10 = accM: Acceleration [m/s^2]
# name 11 = scan: Scan Count
# name 12 = timeS: Time, Elapsed [seconds]
# name 13 = sal00: Salinity, Practical [PSU]
# name 14 = sigma-t00: Density [sigma-t, kg/m^3 ]
# name 15 = svCM: Sound Velocity [Chen-Millero, m/s]
# name 16 = depSM: Depth [salt water, m], lat = 0
# name 17 = flag: flag
# span 0 =      1.006,   1272.853       
# span 1 =     3.9590,    24.0153       
# span 2 =   3.255936,   5.159974       
# span 3 =          1,          1       
# span 4 =    34.2315,    34.8045       
# span 5 =     -0.006,      0.483       
# span 6 =     2.1935,     6.9820       
# span 7 =      7.567,      8.011       
# span 8 =     -15.15,     130.09       
# span 9 =     -0.841,      0.890       
# span 10 =      -0.31,       0.44      
# span 11 =      21417,     175538      
# span 12 =    892.325,   7314.051      
# span 13 =    34.2322,    34.8033      
# span 14 =    23.3818,    27.3297      
# span 15 =    1482.98,    1531.77      
# span 16 =      1.000,   1262.000      
# span 17 = 0.0000e+00, 0.0000e+00      
# interval = meters: 1                  
# start_time = Apr 19 2014 04:25:29 [System UTC, header]
# bad_flag = -9.990e-29
*END*
[from data line 1448]
   1070.618     4.1324   3.264540          1    34.4072      0.034     2.2337      7.830      98.71     -0.651      -0.03      95264   3969.299    34.4073    27.3008    1484.03   1062.000 0.0000e+00
   1069.608     4.1348   3.264687          1    34.4069      0.031     2.2326      7.831      98.71     -0.530       0.09      95310   3971.218    34.4070    27.3003    1484.02   1061.000 0.0000e+00
   1068.597     4.1378   3.264894          1    34.4067      0.034     2.2377      7.826      98.71     -0.507      -0.01      95359   3973.242    34.4068    27.2999    1484.02   1060.000 0.0000e+00
   1067.586     4.1373   3.264808          1    34.4067      0.033     2.2401      7.828      98.71     -0.459      -0.01      95410   3975.391    34.4068    27.2999    1484.00   1059.000 0.0000e+00
   1066.576     4.1365   3.264696          1    34.4068      0.032     2.2296      7.834      98.71     -0.574      -0.05      95453   3977.147    34.4069    27.3001    1483.98   1058.000 0.0000e+00
   1065.565     4.1346   3.264489          1    34.4069      0.031     2.2341      7.836      98.71     -0.591       0.00      95493   3978.849    34.4069    27.3003    1483.96   1057.000 0.0000e+00
   1064.554     4.1324   3.264275          1    34.4073      0.034     2.2401      7.837      98.71     -0.616       0.02      95533   3980.507    34.4072    27.3008    1483.93   1056.000 0.0000e+00
   1063.544     4.1319   3.264189          1    34.4072      0.033     2.2330      7.833      98.71     -0.412       0.06      95589   3982.826    34.4071    27.3008    1483.91   1055.000 0.0000e+00
   1062.533     4.1297   3.263954          1    34.4073      0.033     2.2354      7.812      98.71     -0.521      -0.07      95637   3984.824    34.4072    27.3011    1483.89   1054.000 0.0000e+00
   1061.522     4.1316   3.264071          1    34.4072      0.035     2.2327      7.791      98.71     -0.517       0.03      95684   3986.772    34.4072    27.3009    1483.88   1053.000 0.0000e+00
   1060.512     4.1308   3.263962          1    34.4072      0.035     2.2408      7.791      98.71     -0.584      -0.09      95725   3988.482    34.4071    27.3009    1483.86   1052.000 0.0000e+00
   1059.501     4.1278   3.263672          1    34.4075      0.032     2.2375      7.785      98.66     -0.621       0.04      95764   3990.127    34.4074    27.3015    1483.83   1051.000 0.0000e+00
   1058.490     4.1293   3.263749          1    34.4073      0.033     2.2375      7.809      98.71     -0.495       0.08      95813   3992.174    34.4073    27.3012    1483.82   1050.000 0.0000e+00
   1057.480     4.1270   3.263513          1    34.4075      0.034     2.2352      7.798      98.59     -0.461      -0.11      95865   3994.334    34.4074    27.3015    1483.79   1049.000 0.0000e+00
   1056.469     4.1248   3.263297          1    34.4078      0.034     2.2384      7.815      98.53     -0.556       0.04      95909   3996.163    34.4076    27.3019    1483.77   1048.000 0.0000e+00
   1055.459     4.1243   3.263211          1    34.4077      0.033     2.2351      7.827      98.71     -0.519      -0.05      95955   3998.079    34.4076    27.3020    1483.75   1047.000 0.0000e+00
   1054.448     4.1256   3.263280          1    34.4077      0.034     2.2353      7.831      98.43     -0.582       0.02      95997   3999.821    34.4076    27.3018    1483.74   1046.000 0.0000e+00
   1053.437     4.1269   3.263347          1    34.4076      0.047     2.2340      7.838      98.69     -0.562      -0.01      96040   4001.614    34.4075    27.3016    1483.72   1045.000 0.0000e+00
   1052.427     4.1279   3.263383          1    34.4074      0.034     2.2371      7.837      98.26     -0.617      -0.09      96078   4003.205    34.4075    27.3015    1483.71   1044.000 0.0000e+00
   1051.416     4.1287   3.263405          1    34.4073      0.036     2.2381      7.838      98.46     -0.702       0.02      96113   4004.658    34.4074    27.3013    1483.70   1043.000 0.0000e+00
   1050.405     4.1283   3.263326          1    34.4074      0.033     2.2335      7.864      97.47     -0.497       0.10      96162   4006.694    34.4074    27.3014    1483.68   1042.000 0.0000e+00
   1049.395     4.1287   3.263319          1    34.4074      0.038     2.2353      7.880      96.67     -0.451      -0.06      96215   4008.922    34.4074    27.3013    1483.66   1041.000 0.0000e+00
   1048.384     4.1286   3.263270          1    34.4074      0.034     2.2332      7.880      97.90     -0.560      -0.02      96258   4010.721    34.4074    27.3013    1483.65   1040.000 0.0000e+00
   1047.374     4.1282   3.263195          1    34.4074      0.032     2.2383      7.852      96.89     -0.560      -0.02      96301   4012.510    34.4074    27.3014    1483.63   1039.000 0.0000e+00
   1046.363     4.1286   3.263190          1    34.4075      0.034     2.2325      7.867      97.00     -0.656      -0.09      96337   4014.005    34.4075    27.3014    1483.61   1038.000 0.0000e+00
   1045.353     4.1288   3.263157          1    34.4074      0.034     2.2355      7.860      97.19     -0.666       0.08      96375   4015.570    34.4074    27.3013    1483.60   1037.000 0.0000e+00
   1044.342     4.1286   3.263087          1    34.4073      0.034     2.2335      7.847      96.32     -0.486       0.05      96425   4017.660    34.4073    27.3013    1483.58   1036.000 0.0000e+00
   1043.331     4.1283   3.263031          1    34.4074      0.039     2.2372      7.848      96.02     -0.316      -0.02      96491   4020.431    34.4074    27.3014    1483.56   1035.000 0.0000e+00
   1042.321     4.1288   3.263019          1    34.4072      0.037     2.2291      7.848      98.73     -0.644      -0.29      96526   4021.867    34.4073    27.3012    1483.55   1034.000 0.0000e+00
   1041.310     4.1288   3.262988          1    34.4074      0.036     2.2400      7.848      95.96     -0.841      -0.03      96555   4023.067    34.4074    27.3013    1483.53   1033.000 0.0000e+00
   1040.300     4.1286   3.262928          1    34.4074      0.034     2.2362      7.849      97.32     -0.566       0.17      96600   4024.939    34.4074    27.3014    1483.51   1032.000 0.0000e+00
   1039.289     4.1285   3.262877          1    34.4074      0.034     2.2343      7.840      95.60     -0.361      -0.02      96663   4027.569    34.4074    27.3014    1483.50   1031.000 0.0000e+00
   1038.279     4.1284   3.262816          1    34.4073      0.034     2.2371      7.852      93.58     -0.531      -0.14      96709   4029.494    34.4073    27.3013    1483.48   1030.000 0.0000e+00
   1037.268     4.1288   3.262815          1    34.4074      0.031     2.2373      7.853      98.61     -0.663      -0.02      96745   4031.011    34.4074    27.3013    1483.46   1029.000 0.0000e+00
   1036.258     4.1291   3.262792          1    34.4073      0.036     2.2376      7.851      94.63     -0.582       0.07      96788   4032.790    34.4073    27.3012    1483.45   1028.000 0.0000e+00
   1035.247     4.1291   3.262746          1    34.4073      0.034     2.2392      7.855      95.23     -0.345       0.03      96851   4035.404    34.4073    27.3012    1483.43   1027.000 0.0000e+00
   1034.237     4.1294   3.262734          1    34.4073      0.034     2.2344      7.863      98.58     -0.522      -0.07      96899   4037.432    34.4073    27.3012    1483.42   1026.000 0.0000e+00
   1033.226     4.1281   3.262576          1    34.4074      0.036     2.2426      7.841      95.45     -0.442       0.06      96954   4039.715    34.4074    27.3014    1483.39   1025.000 0.0000e+00
   1032.216     4.1286   3.262578          1    34.4073      0.034     2.2331      7.842      94.23     -0.225       0.04      97047   4043.571    34.4073    27.3013    1483.38   1024.000 0.0000e+00
   1031.205     4.1281   3.262493          1    34.4074      0.034     2.2392      7.861      95.61     -0.280       0.00      97139   4047.413    34.4074    27.3014    1483.36   1023.000 0.0000e+00
   1030.195     4.1280   3.262445          1    34.4074      0.035     2.2376      7.858      94.43     -0.332      -0.10      97222   4050.861    34.4074    27.3014    1483.34   1022.000 0.0000e+00
   1029.184     4.1285   3.262440          1    34.4074      0.035     2.2385      7.857      95.86     -0.247       0.02      97313   4054.684    34.4074    27.3013    1483.33   1021.000 0.0000e+00
   1028.174     4.1288   3.262422          1    34.4073      0.036     2.2365      7.852      93.48     -0.261       0.05      97399   4058.262    34.4074    27.3013    1483.31   1020.000 0.0000e+00
   1027.163     4.1303   3.262516          1    34.4073      0.040     2.2338      7.853      93.55     -0.285      -0.13      97493   4062.177    34.4073    27.3011    1483.30   1019.000 0.0000e+00
   1026.153     4.1345   3.262802          1    34.4067      0.033     2.2421      7.855      95.31     -0.299       0.04      97570   4065.356    34.4069    27.3003    1483.30   1018.000 0.0000e+00
   1025.142     4.1388   3.263129          1    34.4066      0.035     2.2384      7.856      94.51     -0.227       0.01      97672   4069.627    34.4068    27.2998    1483.30   1017.000 0.0000e+00
   1024.132     4.1524   3.264221          1    34.4056      0.034     2.2419      7.856      93.18     -0.279      -0.04      97764   4073.465    34.4060    27.2977    1483.34   1016.000 0.0000e+00
   1023.121     4.1635   3.265075          1    34.4045      0.036     2.2423      7.857      94.09     -0.239       0.02      97849   4076.999    34.4050    27.2958    1483.37   1015.000 0.0000e+00
   1022.111     4.1684   3.265438          1    34.4043      0.035     2.2460      7.857      93.93     -0.320      -0.02      97944   4080.967    34.4047    27.2950    1483.37   1014.000 0.0000e+00
   1021.100     4.1665   3.265195          1    34.4041      0.034     2.2484      7.856      91.93     -0.204       0.01      98046   4085.204    34.4043    27.2949    1483.35   1013.000 0.0000e+00
   1020.090     4.1750   3.265878          1    34.4037      0.033     2.2477      7.857      94.55     -0.269       0.02      98138   4089.056    34.4040    27.2937    1483.37   1012.000 0.0000e+00
   1019.079     4.1752   3.265863          1    34.4039      0.036     2.2432      7.857      93.17     -0.211      -0.04      98251   4093.763    34.4041    27.2938    1483.35   1011.000 0.0000e+00
   1018.069     4.1819   3.266349          1    34.4032      0.033     2.2421      7.857      93.32     -0.207       0.01      98362   4098.374    34.4034    27.2926    1483.36   1010.000 0.0000e+00
   1017.058     4.1853   3.266585          1    34.4030      0.033     2.2496      7.858      91.55     -0.264       0.00      98464   4102.630    34.4032    27.2920    1483.36   1009.000 0.0000e+00
   1016.048     4.1856   3.266560          1    34.4029      0.033     2.2471      7.858      94.37     -0.174      -0.02      98594   4108.035    34.4030    27.2919    1483.34   1008.000 0.0000e+00
   1015.038     4.1875   3.266667          1    34.4028      0.032     2.2476      7.855      91.94     -0.185       0.02      98715   4113.097    34.4029    27.2916    1483.33   1007.000 0.0000e+00
   1014.027     4.1890   3.266751          1    34.4027      0.043     2.2491      7.855      92.67     -0.169       0.01      98839   4118.232    34.4027    27.2913    1483.32   1006.000 0.0000e+00
   1013.017     4.1909   3.266873          1    34.4027      0.037     2.2456      7.853      92.95     -0.263      -0.05      98966   4123.536    34.4027    27.2911    1483.31   1005.000 0.0000e+00
   1012.006     4.1934   3.267019          1    34.4023      0.036     2.2494      7.853      90.32     -0.133       0.03      99117   4129.813    34.4024    27.2905    1483.31   1004.000 0.0000e+00
   1010.996     4.1920   3.266870          1    34.4025      0.034     2.2438      7.855      91.70     -0.181       0.01      99265   4136.000    34.4025    27.2908    1483.29   1003.000 0.0000e+00
   1009.985     4.2286   3.269819          1    34.3997      0.038     2.2571      7.862      88.79      0.045       0.00     104808   4366.963    34.3997    27.2847    1483.42   1002.000 0.0000e+00
   1008.975     4.2252   3.269503          1    34.4000      0.037     2.2555      7.860      87.43     -0.089       0.02     107313   4471.327    34.4000    27.2853    1483.39   1001.000 0.0000e+00
   1007.965     4.2258   3.269511          1    34.4000      0.037     2.2556      7.863      86.98     -0.078      -0.02     108042   4501.694    34.4000    27.2852    1483.37   1000.000 0.0000e+00
   1006.954     4.2261   3.269489          1    34.3999      0.039     2.2584      7.860      89.04     -0.198      -0.01     108252   4510.463    34.3999    27.2851    1483.36    999.000 0.0000e+00
   1005.944     4.2267   3.269487          1    34.3998      0.037     2.2579      7.861      86.09     -0.258      -0.05     108342   4514.209    34.3998    27.2849    1483.34    998.000 0.0000e+00
   1004.934     4.2271   3.269473          1    34.3997      0.040     2.2560      7.861      79.72     -0.485      -0.05     108391   4516.245    34.3997    27.2849    1483.33    997.000 0.0000e+00
   1003.923     4.2269   3.269417          1    34.3998      0.038     2.2544      7.860      85.03     -0.255       0.06     108471   4519.579    34.3998    27.2849    1483.31    996.000 0.0000e+00
   1002.913     4.2278   3.269452          1    34.3997      0.035     2.2520      7.858      91.86     -0.401      -0.11     108552   4522.945    34.3997    27.2848    1483.30    995.000 0.0000e+00
   1001.902     4.2370   3.270152          1    34.3987      0.039     2.2557      7.856      86.53     -0.331       0.06     108619   4525.739    34.3989    27.2832    1483.32    994.000 0.0000e+00
   1000.892     4.2379   3.270180          1    34.3986      0.041     2.2553      7.855      82.65     -0.397      -0.07     108688   4528.617    34.3988    27.2830    1483.30    993.000 0.0000e+00
    999.882     4.2463   3.270819          1    34.3978      0.042     2.2549      7.860      80.62     -0.436      -0.01     108744   4530.939    34.3981    27.2816    1483.32    992.000 0.0000e+00
    998.871     4.2444   3.270621          1    34.3981      0.036     2.2587      7.861      88.07     -0.259       0.03     108822   4534.196    34.3983    27.2819    1483.30    991.000 0.0000e+00
    997.861     4.2684   3.272644          1    34.3969      0.039     2.2552      7.860      78.27     -0.478      -0.06     108882   4536.699    34.3976    27.2788    1483.38    990.000 0.0000e+00
    996.851     4.2769   3.273294          1    34.3961      0.035     2.2621      7.848      85.49     -0.386       0.06     108942   4539.219    34.3968    27.2773    1483.40    989.000 0.0000e+00
    995.840     4.2766   3.273106          1    34.3952      0.038     2.2660      7.848      87.69     -0.231      -0.03     109039   4543.270    34.3955    27.2762    1483.38    988.000 0.0000e+00
    994.830     4.2955   3.274651          1    34.3936      0.039     2.2624      7.829      81.32     -0.308      -0.03     109119   4546.567    34.3945    27.2734    1483.44    987.000 0.0000e+00
    993.820     4.3309   3.277611          1    34.3914      0.043     2.2626      7.844      75.76     -0.591      -0.17     109158   4548.222    34.3930    27.2685    1483.57    986.000 0.0000e+00
    992.809     4.3311   3.277574          1    34.3917      0.038     2.2703      7.854      84.50     -0.383       0.09     109218   4550.709    34.3929    27.2683    1483.55    985.000 0.0000e+00
    991.799     4.3286   3.277305          1    34.3922      0.043     2.2781      7.859      75.30     -0.323      -0.22     109309   4554.481    34.3928    27.2685    1483.52    984.000 0.0000e+00
