src/interpolation/Data/CTD/14w14h.cnv
* Sea-Bird SBE 9 Data File:
* FileName = E:\HOBAB2\w14.hex
* Software Version Seasave V 7.22.1
* Temperature SN = 5330
* Conductivity SN = 3693
* Number of Bytes Per Scan = 24
* Number of Voltage Words = 4
* Number of Scans Averaged by the Deck Unit = 1
* NMEA baud rate = 9600
# nquan = 18
# nvalues = 2510                        
# units = specified
# name 0 = prDM: Pressure, Digiquartz [db]
# name 1 = t090C: Temperature [ITS-90, deg C]
# name 2 = c0S/m: Conductivity [S/m]
# name 3 = pumps: Pump Status
# name 4 = sal00: Salinity, Practical [PSU]
# name 5 = seaTurbMtr: Turbidity, Seapoint [FTU]
# name 6 = sbeox0Mg/L: Oxygen, SBE 43 [mg/l]
# name 7 = ph: pH
# name 8 = altM: Altimeter [m]
# name 9 = dz/dtM: Descent Rate [m/s]
# name 10 = accM: Acceleration [m/s^2]
# name 11 = scan: Scan Count
# name 12 = timeS: Time, Elapsed [seconds]
# name 13 = sal00: Salinity, Practical [PSU]
# name 14 = sigma-t00: Density [sigma-t, kg/m^3 ]
# name 15 = svCM: Sound Velocity [Chen-Millero, m/s]
# name 16 = depSM: Depth [salt water, m], lat = 0
# name 17 = flag: flag
# span 0 =      1.006,   1272.853       
# span 1 =     3.9590,    24.0153       
# span 2 =   3.255936,   5.159974       
# span 3 =          1,          1       
# span 4 =    34.2315,    34.8045       
# span 5 =     -0.006,      0.483       
# span 6 =     2.1935,     6.9820       
# span 7 =      7.567,      8.011       
# span 8 =     -15.15,     130.09       
# span 9 =     -0.841,      0.890       
# span 10 =      -0.31,       0.44      
# span 11 =      21417,     175538      
# span 12 =    892.325,   7314.051      
# span 13 =    34.2322,    34.8033      
# span 14 =    23.3818,    27.3297      
# span 15 =    1482.98,    1531.77      
# span 16 =      1.000,   1262.000      
# span 17 = 0.0000e+00, 0.0000e+00      
# interval = meters: 1                  
# start_time = Apr 19 2014 04:25:29 [System UTC, header]
# bad_flag = -9.990e-29
*END*
[from data line 403]
    419.729    13.7170   4.130431          1    34.4956      0.031     5.2117      7.956      96.48      0.465      -0.00      44259   1844.087    34.4926    25.8539    1508.90    417.000 0.0000e+00
    420.737    13.7094   4.129694          1    34.4946      0.036     5.2589      7.956      86.02      0.529       0.02      44305   1846.001    34.4921    25.8551    1508.89    418.000 0.0000e+00
    421.744    13.6934   4.128094          1    34.4934      0.041     5.2660      7.955      82.40      0.532       0.02      44350   1847.880    34.4911    25.8576    1508.86    419.000 0.0000e+00
    422.752    13.6783   4.126621          1    34.4927      0.031     5.2372      7.955      98.46      0.591       0.03      44391   1849.578    34.4905    25.8603    1508.82    420.000 0.0000e+00
    423.759    13.6656   4.125388          1    34.4919      0.036     5.2293      7.955      88.88      0.493      -0.10      44440   1851.631    34.4900    25.8624    1508.80    421.000 0.0000e+00
    424.767    13.6496   4.123739          1    34.4902      0.037     5.2443      7.955      83.87      0.344       0.11      44504   1854.301    34.4885    25.8646    1508.76    422.000 0.0000e+00
    425.775    13.6309   4.121985          1    34.4903      0.035     5.2408      7.955      98.81      0.625       0.14      44541   1855.824    34.4885    25.8685    1508.71    423.000 0.0000e+00
    426.782    13.6190   4.120851          1    34.4900      0.037     5.2228      7.954      82.58      0.674      -0.05      44577   1857.353    34.4882    25.8708    1508.69    424.000 0.0000e+00
    427.790    13.6036   4.119248          1    34.4884      0.037     5.2130      7.954      91.23      0.547      -0.06      44622   1859.218    34.4866    25.8727    1508.66    425.000 0.0000e+00
    428.797    13.5676   4.115304          1    34.4839      0.034     5.2264      7.955      93.46      0.432      -0.03      44677   1861.502    34.4817    25.8763    1508.55    426.000 0.0000e+00
    429.805    13.5082   4.109192          1    34.4803      0.035     5.2485      7.955      86.70      0.447       0.00      44732   1863.782    34.4774    25.8851    1508.36    427.000 0.0000e+00
    430.813    13.4654   4.105282          1    34.4819      0.068     5.2666      7.955      83.21      0.471       0.08      44782   1865.882    34.4789    25.8950    1508.24    428.000 0.0000e+00
    431.820    13.4450   4.103369          1    34.4819      0.033     5.2352      7.954      98.51      0.647       0.09      44818   1867.391    34.4789    25.8992    1508.19    429.000 0.0000e+00
    432.828    13.4149   4.100344          1    34.4803      0.039     5.1779      7.954      84.98      0.625      -0.08      44858   1869.047    34.4772    25.9040    1508.11    430.000 0.0000e+00
    433.835    13.3883   4.097671          1    34.4786      0.035     5.1682      7.954      89.03      0.470      -0.07      44910   1871.198    34.4756    25.9082    1508.03    431.000 0.0000e+00
    434.843    13.3540   4.094285          1    34.4770      0.032     5.1766      7.954      97.56      0.333       0.03      44977   1873.985    34.4743    25.9142    1507.94    432.000 0.0000e+00
    435.851    13.3271   4.091681          1    34.4765      0.056     5.1498      7.954      80.59      0.575       0.24      45017   1875.670    34.4736    25.9191    1507.86    433.000 0.0000e+00
    436.858    13.2578   4.084690          1    34.4740      0.036     5.1676      7.953      96.25      0.734      -0.04      45051   1877.066    34.4699    25.9303    1507.64    434.000 0.0000e+00
    437.866    13.2140   4.080160          1    34.4704      0.038     5.1221      7.953      88.55      0.499      -0.07      45099   1879.077    34.4663    25.9364    1507.51    435.000 0.0000e+00
    438.874    13.1253   4.070728          1    34.4620      0.038     5.1282      7.954      88.60      0.389      -0.02      45158   1881.552    34.4570    25.9470    1507.22    436.000 0.0000e+00
    439.881    13.0877   4.066699          1    34.4572      0.034     5.1386      7.953      94.01      0.532       0.18      45204   1883.439    34.4525    25.9511    1507.11    437.000 0.0000e+00
    440.889    13.0775   4.065561          1    34.4546      0.059     5.2023      7.953      88.76      0.685      -0.01      45239   1884.910    34.4505    25.9516    1507.09    438.000 0.0000e+00
    441.897    13.0678   4.064463          1    34.4516      0.035     5.2523      7.952      89.57      0.417      -0.09      45294   1887.218    34.4485    25.9520    1507.07    439.000 0.0000e+00
    442.904    13.0485   4.062312          1    34.4480      0.038     5.2813      7.952      87.68      0.432       0.05      45351   1889.600    34.4452    25.9533    1507.02    440.000 0.0000e+00
    443.912    12.9907   4.056368          1    34.4444      0.033     5.2920      7.953      98.55      0.564       0.14      45393   1891.333    34.4408    25.9615    1506.84    441.000 0.0000e+00
    444.920    12.9402   4.051207          1    34.4413      0.036     5.3123      7.952      86.07      0.727       0.04      45426   1892.700    34.4371    25.9687    1506.68    442.000 0.0000e+00
    445.927    12.9252   4.049712          1    34.4395      0.032     5.2966      7.952      96.29      0.467      -0.14      45477   1894.832    34.4362    25.9710    1506.65    443.000 0.0000e+00
    446.935    12.9135   4.048617          1    34.4386      0.035     5.3111      7.951      90.73      0.413       0.01      45536   1897.311    34.4359    25.9731    1506.62    444.000 0.0000e+00
    447.943    12.9018   4.047549          1    34.4382      0.036     5.2724      7.951      84.67      0.484       0.14      45586   1899.385    34.4359    25.9755    1506.60    445.000 0.0000e+00
    448.950    12.8620   4.043628          1    34.4372      0.031     5.2812      7.951      98.43      0.646       0.03      45623   1900.926    34.4343    25.9821    1506.48    446.000 0.0000e+00
    449.958    12.7634   4.033590          1    34.4326      0.034     5.2857      7.951      89.17      0.551      -0.09      45668   1902.790    34.4279    25.9967    1506.16    447.000 0.0000e+00
    450.966    12.6740   4.024539          1    34.4278      0.033     5.2664      7.951      87.59      0.438       0.04      45721   1905.008    34.4224    26.0100    1505.87    448.000 0.0000e+00
    451.974    12.5908   4.016162          1    34.4240      0.031     5.2567      7.951      98.61      0.578       0.06      45763   1906.734    34.4177    26.0227    1505.60    449.000 0.0000e+00
    452.981    12.4928   4.006224          1    34.4183      0.034     5.2347      7.951      90.58      0.494      -0.10      45812   1908.775    34.4113    26.0369    1505.28    450.000 0.0000e+00
    453.989    12.4562   4.002604          1    34.4153      0.034     5.2229      7.951      87.70      0.428       0.09      45868   1911.114    34.4095    26.0427    1505.17    451.000 0.0000e+00
    454.997    12.4521   4.002293          1    34.4145      0.031     5.2187      7.951      98.79      0.569       0.06      45910   1912.867    34.4099    26.0438    1505.17    452.000 0.0000e+00
    456.005    12.4417   4.001336          1    34.4137      0.040     5.2009      7.951      86.98      0.596      -0.01      45951   1914.563    34.4098    26.0457    1505.15    453.000 0.0000e+00
    457.012    12.4310   4.000311          1    34.4125      0.033     5.2109      7.951      91.36      0.557      -0.05      45994   1916.394    34.4093    26.0474    1505.14    454.000 0.0000e+00
    458.020    12.4027   3.997517          1    34.4109      0.032     5.2239      7.951      96.41      0.438      -0.02      46049   1918.646    34.4079    26.0518    1505.05    455.000 0.0000e+00
    459.028    12.3721   3.994507          1    34.4096      0.033     5.2029      7.951      88.44      0.472       0.03      46100   1920.796    34.4065    26.0567    1504.97    456.000 0.0000e+00
    460.036    12.2771   3.984785          1    34.4040      0.034     5.2129      7.951      91.12      0.562       0.07      46143   1922.568    34.3992    26.0694    1504.65    457.000 0.0000e+00
    461.043    12.2069   3.977663          1    34.3998      0.032     5.1916      7.951      95.21      0.581      -0.05      46185   1924.327    34.3944    26.0791    1504.42    458.000 0.0000e+00
    462.051    12.1850   3.975512          1    34.3976      0.033     5.1612      7.952      90.13      0.431      -0.02      46239   1926.583    34.3933    26.0825    1504.36    459.000 0.0000e+00
    463.059    12.1771   3.974833          1    34.3969      0.035     5.1698      7.952      89.58      0.495       0.02      46288   1928.640    34.3934    26.0841    1504.35    460.000 0.0000e+00
    464.067    12.1659   3.973841          1    34.3966      0.034     5.1736      7.952      98.99      0.511       0.05      46335   1930.573    34.3937    26.0865    1504.33    461.000 0.0000e+00
    465.074    12.1626   3.973603          1    34.3964      0.037     5.1783      7.952      86.93      0.660       0.08      46371   1932.063    34.3940    26.0873    1504.34    462.000 0.0000e+00
    466.082    12.1475   3.972156          1    34.3956      0.033     5.1479      7.952      94.17      0.492      -0.12      46420   1934.127    34.3935    26.0898    1504.30    463.000 0.0000e+00
    467.090    12.1286   3.970325          1    34.3945      0.031     5.1551      7.952      96.30      0.379      -0.00      46483   1936.744    34.3926    26.0928    1504.25    464.000 0.0000e+00
    468.098    12.1148   3.969083          1    34.3946      0.034     5.1354      7.952      86.55      0.500       0.17      46531   1938.759    34.3929    26.0957    1504.22    465.000 0.0000e+00
    469.106    12.1062   3.968391          1    34.3953      0.033     5.1568      7.952      98.65      0.715       0.09      46564   1940.118    34.3936    26.0978    1504.21    466.000 0.0000e+00
    470.113    12.0934   3.967179          1    34.3949      0.035     5.1351      7.952      89.71      0.667      -0.09      46602   1941.689    34.3932    26.1000    1504.18    467.000 0.0000e+00
    471.121    12.0792   3.965805          1    34.3941      0.034     5.1182      7.953      90.88      0.520      -0.04      46648   1943.643    34.3926    26.1022    1504.15    468.000 0.0000e+00
    472.129    11.9921   3.956778          1    34.3880      0.032     5.1176      7.953      96.43      0.384      -0.04      46708   1946.111    34.3845    26.1125    1503.86    469.000 0.0000e+00
    473.137    11.9109   3.948671          1    34.3845      0.034     5.1034      7.953      91.28      0.539       0.21      46752   1947.972    34.3800    26.1244    1503.59    470.000 0.0000e+00
    474.145    11.8994   3.947485          1    34.3826      0.032     5.0928      7.953      98.60      0.757       0.09      46783   1949.250    34.3786    26.1255    1503.57    471.000 0.0000e+00
    475.152    11.8930   3.946854          1    34.3813      0.034     5.0916      7.953      90.58      0.669      -0.13      46821   1950.833    34.3779    26.1262    1503.56    472.000 0.0000e+00
    476.160    11.8893   3.946518          1    34.3803      0.032     5.0771      7.954      90.92      0.510      -0.00      46868   1952.790    34.3777    26.1267    1503.57    473.000 0.0000e+00
    477.168    11.8879   3.946441          1    34.3798      0.031     5.1168      7.954      98.82      0.532       0.02      46913   1954.672    34.3778    26.1270    1503.58    474.000 0.0000e+00
    478.176    11.8866   3.946342          1    34.3792      0.034     5.1239      7.954      87.88      0.630       0.11      46950   1956.216    34.3776    26.1271    1503.59    475.000 0.0000e+00
    479.184    11.8856   3.946291          1    34.3789      0.032     5.1059      7.955      96.91      0.624      -0.12      46990   1957.881    34.3776    26.1274    1503.60    476.000 0.0000e+00
    480.192    11.8854   3.946315          1    34.3786      0.033     5.0989      7.955      91.15      0.429       0.13      47041   1960.001    34.3776    26.1274    1503.62    477.000 0.0000e+00
    481.200    11.8853   3.946358          1    34.3785      0.032     5.1073      7.955      91.81      0.635      -0.01      47079   1961.567    34.3777    26.1275    1503.63    478.000 0.0000e+00
    482.207    11.8838   3.946247          1    34.3782      0.031     5.1072      7.955      98.13      0.507      -0.01      47124   1963.472    34.3776    26.1277    1503.65    479.000 0.0000e+00
    483.215    11.8835   3.946277          1    34.3782      0.034     5.1003      7.955      89.64      0.657       0.10      47160   1964.967    34.3777    26.1278    1503.66    480.000 0.0000e+00
    484.223    11.8827   3.946276          1    34.3784      0.031     5.0998      7.955      98.69      0.610      -0.10      47201   1966.662    34.3780    26.1282    1503.68    481.000 0.0000e+00
    485.231    11.8821   3.946289          1    34.3786      0.032     5.1006      7.955      90.94      0.568       0.05      47243   1968.423    34.3783    26.1285    1503.69    482.000 0.0000e+00
    486.239    11.8815   3.946384          1    34.3796      0.031     5.0718      7.956      96.30      0.557      -0.05      47287   1970.247    34.3793    26.1295    1503.71    483.000 0.0000e+00
    487.247    11.8801   3.946369          1    34.3802      0.032     5.0968      7.956      93.89      0.535       0.05      47331   1972.100    34.3800    26.1303    1503.72    484.000 0.0000e+00
    488.255    11.8695   3.945509          1    34.3814      0.033     5.0888      7.956      91.81      0.622      -0.00      47370   1973.722    34.3810    26.1330    1503.70    485.000 0.0000e+00
    489.263    11.8249   3.941287          1    34.3821      0.029     5.0710      7.956      98.75      0.536      -0.03      47415   1975.593    34.3805    26.1411    1503.57    486.000 0.0000e+00
    490.270    11.7555   3.934169          1    34.3774      0.034     5.0174      7.956      93.16      0.526      -0.03      47462   1977.523    34.3746    26.1495    1503.34    487.000 0.0000e+00
    491.278    11.7212   3.931473          1    34.3822      0.031     5.0040      7.956      95.78      0.504       0.08      47508   1979.472    34.3795    26.1598    1503.24    488.000 0.0000e+00
    492.286    11.7057   3.930510          1    34.3866      0.034     4.9700      7.956      95.73      0.553      -0.07      47552   1981.305    34.3840    26.1661    1503.21    489.000 0.0000e+00
    493.294    11.6336   3.922752          1    34.3783      0.032     4.8625      7.957      93.41      0.462       0.02      47604   1983.469    34.3743    26.1721    1502.96    490.000 0.0000e+00
    494.302    11.5606   3.914809          1    34.3682      0.032     4.8706      7.957      96.55      0.500       0.05      47652   1985.456    34.3635    26.1773    1502.72    491.000 0.0000e+00
    495.310    11.5029   3.908550          1    34.3604      0.034     4.9431      7.958      94.20      0.650       0.08      47688   1986.967    34.3550    26.1814    1502.52    492.000 0.0000e+00
    496.318    11.4606   3.903865          1    34.3529      0.033     5.0013      7.959      93.48      0.597      -0.09      47730   1988.697    34.3477    26.1835    1502.38    493.000 0.0000e+00
    497.326    11.4342   3.900959          1    34.3476      0.029     5.0546      7.959      98.77      0.478      -0.03      47780   1990.790    34.3432    26.1849    1502.30    494.000 0.0000e+00
    498.334    11.4000   3.897229          1    34.3421      0.032     5.0776      7.959      92.90      0.498       0.07      47828   1992.789    34.3377    26.1869    1502.19    495.000 0.0000e+00
