src/interpolation/Data/CTD/14w14h.cnv
* Sea-Bird SBE 9 Data File:
* FileName = E:\HOBAB2\w14.hex
* Software Version Seasave V 7.22.1
* Temperature SN = 5330
* Conductivity SN = 3693
* Number of Bytes Per Scan = 24
* Number of Voltage Words = 4
* Number of Scans Averaged by the Deck Unit = 1
* NMEA baud rate = 9600
# nquan = 18
# nvalues = 2510                        
# units = specified
# name 0 = prDM: Pressure, Digiquartz [db]
# name 1 = t090C: Temperature [ITS-90, deg C]
# name 2 = c0S/m: Conductivity [S/m]
# name 3 = pumps: Pump Status
# name 4 = sal00: Salinity, Practical [PSU]
# name 5 = seaTurbMtr: Turbidity, Seapoint [FTU]
# name 6 = sbeox0Mg/L: Oxygen, SBE 43 [mg/l]
# name 7 = ph: pH
# name 8 = altM: Altimeter [m]
# name 9 = dz/dtM: Descent Rate [m/s]
# name 10 = accM: Acceleration [m/s^2]
# name 11 = scan: Scan Count
# name 12 = timeS: Time, Elapsed [seconds]
# name 13 = sal00: Salinity, Practical [PSU]
# name 14 = sigma-t00: Density [sigma-t, kg/m^3 ]
# name 15 = svCM: Sound Velocity [Chen-Millero, m/s]
# name 16 = depSM: Depth [salt water, m], lat = 0
# name 17 = flag: flag
# span 0 =      1.006,   1272.853       
# span 1 =     3.9590,    24.0153       
# span 2 =   3.255936,   5.159974       
# span 3 =          1,          1       
# span 4 =    34.2315,    34.8045       
# span 5 =     -0.006,      0.483       
# span 6 =     2.1935,     6.9820       
# span 7 =      7.567,      8.011       
# span 8 =     -15.15,     130.09       
# span 9 =     -0.841,      0.890       
# span 10 =      -0.31,       0.44      
# span 11 =      21417,     175538      
# span 12 =    892.325,   7314.051      
# span 13 =    34.2322,    34.8033      
# span 14 =    23.3818,    27.3297      
# span 15 =    1482.98,    1531.77      
# span 16 =      1.000,   1262.000      
# span 17 = 0.0000e+00, 0.0000e+00      
# interval = meters: 1                  
# start_time = Apr 19 2014 04:25:29 [System UTC, header]
# bad_flag = -9.990e-29
*END*
[from data line 2171]
    341.154    15.4944   4.310102          1    34.5888      0.031     5.7190      7.892      95.07     -0.492       0.06     152607   6358.585    34.5918    25.5478    1513.41    339.000 0.0000e+00
    340.147    15.5966   4.320878          1    34.5943      0.038     5.7268      7.892      82.49     -0.524      -0.05     152653   6360.500    34.5993    25.5307    1513.72    338.000 0.0000e+00
    339.140    15.6765   4.329227          1    34.5989      0.031     5.7364      7.891      98.73     -0.626      -0.09     152691   6362.065    34.6045    25.5167    1513.96    337.000 0.0000e+00
    338.133    15.6853   4.330099          1    34.6002      0.038     5.7027      7.881      81.72     -0.708       0.01     152725   6363.499    34.6050    25.5151    1513.97    336.000 0.0000e+00
    337.125    15.6973   4.331232          1    34.6010      0.033     5.6395      7.879      94.24     -0.572       0.08     152768   6365.286    34.6050    25.5124    1513.99    335.000 0.0000e+00
    336.118    15.6984   4.331274          1    34.6018      0.035     5.6332      7.862      88.73     -0.508       0.00     152815   6367.256    34.6048    25.5120    1513.97    334.000 0.0000e+00
    335.111    15.7066   4.332074          1    34.6026      0.038     5.6597      7.874      83.89     -0.576      -0.11     152856   6368.946    34.6052    25.5105    1513.98    333.000 0.0000e+00
    334.104    15.7156   4.332937          1    34.6031      0.032     5.6204      7.863      95.14     -0.745      -0.08     152887   6370.252    34.6054    25.5086    1514.00    332.000 0.0000e+00
    333.097    15.7159   4.332921          1    34.6035      0.036     5.6503      7.880      84.07     -0.685       0.11     152924   6371.785    34.6054    25.5085    1513.98    331.000 0.0000e+00
    332.090    15.7223   4.333558          1    34.6043      0.033     5.6400      7.861      96.78     -0.577       0.02     152966   6373.541    34.6059    25.5075    1513.98    330.000 0.0000e+00
    331.082    15.7574   4.337152          1    34.6058      0.038     5.6488      7.879      85.34     -0.499       0.03     153014   6375.540    34.6078    25.5010    1514.08    329.000 0.0000e+00
    330.075    15.8045   4.342245          1    34.6096      0.031     5.6321      7.893      98.78     -0.568      -0.11     153056   6377.280    34.6125    25.4939    1514.21    328.000 0.0000e+00
    329.068    15.8362   4.345505          1    34.6114      0.058     5.6590      7.893      83.12     -0.640       0.05     153094   6378.879    34.6142    25.4881    1514.30    327.000 0.0000e+00
    328.061    15.8514   4.347148          1    34.6134      0.031     5.7187      7.895      91.13     -0.570      -0.05     153135   6380.594    34.6160    25.4860    1514.33    326.000 0.0000e+00
    327.054    15.8755   4.349617          1    34.6146      0.037     5.7242      7.885      86.26     -0.698      -0.06     153169   6382.015    34.6173    25.4816    1514.39    325.000 0.0000e+00
    326.047    15.9088   4.353088          1    34.6167      0.035     5.7486      7.888      86.80     -0.614       0.08     153209   6383.678    34.6196    25.4758    1514.48    324.000 0.0000e+00
    325.040    15.9518   4.357650          1    34.6196      0.032     5.7362      7.893      93.12     -0.614      -0.02     153249   6385.319    34.6230    25.4686    1514.60    323.000 0.0000e+00
    324.033    16.0081   4.363467          1    34.6222      0.035     5.7683      7.882      82.03     -0.573       0.03     153291   6387.083    34.6261    25.4581    1514.76    322.000 0.0000e+00
    323.026    16.0429   4.367102          1    34.6247      0.028     5.7732      7.860      98.13     -0.562       0.02     153334   6388.892    34.6285    25.4520    1514.85    321.000 0.0000e+00
    322.018    16.0981   4.372769          1    34.6271      0.034     5.7585      7.855      80.24     -0.490      -0.02     153382   6390.886    34.6311    25.4414    1515.01    320.000 0.0000e+00
    321.011    16.1936   4.382969          1    34.6329      0.027     5.7834      7.855      98.76     -0.648      -0.15     153418   6392.358    34.6388    25.4254    1515.29    319.000 0.0000e+00
    320.004    16.2306   4.386756          1    34.6350      0.041     5.8060      7.846      77.20     -0.733       0.05     153451   6393.768    34.6405    25.4182    1515.39    318.000 0.0000e+00
    318.997    16.2418   4.387880          1    34.6366      0.036     5.8466      7.900      90.07     -0.554       0.04     153494   6395.547    34.6411    25.4161    1515.41    317.000 0.0000e+00
    317.990    16.3359   4.397957          1    34.6428      0.035     5.8175      7.905      85.35     -0.661      -0.10     153530   6397.028    34.6488    25.4002    1515.69    316.000 0.0000e+00
    316.983    16.3811   4.402482          1    34.6443      0.035     5.8027      7.902      80.70     -0.599       0.11     153571   6398.763    34.6498    25.3906    1515.82    315.000 0.0000e+00
    315.976    16.4283   4.407427          1    34.6474      0.027     5.8480      7.899      98.91     -0.534      -0.08     153616   6400.618    34.6529    25.3820    1515.94    314.000 0.0000e+00
    314.969    16.4970   4.414667          1    34.6518      0.035     5.8539      7.897      81.85     -0.573       0.06     153658   6402.395    34.6574    25.3695    1516.14    313.000 0.0000e+00
    313.962    16.5022   4.415165          1    34.6532      0.030     5.8389      7.896      99.40     -0.510      -0.10     153704   6404.280    34.6577    25.3685    1516.14    312.000 0.0000e+00
    312.955    16.5345   4.418490          1    34.6550      0.046     5.8463      7.896      73.06     -0.698      -0.07     153737   6405.684    34.6594    25.3623    1516.23    311.000 0.0000e+00
    311.948    16.5460   4.419684          1    34.6565      0.028     5.8523      7.895      99.15     -0.649       0.06     153775   6407.255    34.6603    25.3603    1516.25    310.000 0.0000e+00
    310.941    16.5903   4.424280          1    34.6586      0.032     5.8593      7.894      98.71     -0.677      -0.06     153810   6408.716    34.6627    25.3518    1516.37    309.000 0.0000e+00
    309.934    16.6293   4.428271          1    34.6603      0.032     5.8743      7.893      85.96     -0.602       0.12     153852   6410.445    34.6644    25.3440    1516.47    308.000 0.0000e+00
    308.927    16.6386   4.429192          1    34.6614      0.034     5.8700      7.893      92.69     -0.475      -0.04     153901   6412.517    34.6648    25.3421    1516.48    307.000 0.0000e+00
    307.920    16.7139   4.437204          1    34.6659      0.042     5.8471      7.892      73.69     -0.582      -0.05     153942   6414.227    34.6703    25.3287    1516.70    306.000 0.0000e+00
    306.913    16.7758   4.443767          1    34.6697      0.029     5.8444      7.891      98.65     -0.649      -0.04     153979   6415.767    34.6747    25.3175    1516.88    305.000 0.0000e+00
    305.906    16.8491   4.451679          1    34.6753      0.036     5.8768      7.891      74.75     -0.645       0.03     154017   6417.347    34.6809    25.3050    1517.09    304.000 0.0000e+00
    304.899    16.8904   4.456059          1    34.6786      0.039     5.9418      7.890      98.78     -0.593       0.01     154058   6419.046    34.6840    25.2977    1517.20    303.000 0.0000e+00
    303.892    16.9359   4.460850          1    34.6817      0.040     5.9648      7.890      72.57     -0.605      -0.02     154098   6420.698    34.6869    25.2891    1517.32    302.000 0.0000e+00
    302.885    16.9714   4.464511          1    34.6836      0.029     6.0042      7.889      97.39     -0.657      -0.02     154134   6422.224    34.6886    25.2820    1517.42    301.000 0.0000e+00
    301.878    16.9815   4.465481          1    34.6847      0.037     6.0073      7.888      79.00     -0.549       0.09     154179   6424.074    34.6887    25.2797    1517.43    300.000 0.0000e+00
    300.871    17.0046   4.467839          1    34.6860      0.029     5.9730      7.888      98.68     -0.569      -0.11     154220   6425.810    34.6898    25.2750    1517.48    299.000 0.0000e+00
    299.864    17.0263   4.469974          1    34.6867      0.025     5.9820      7.887      98.71     -0.597       0.08     154262   6427.531    34.6900    25.2701    1517.53    298.000 0.0000e+00
    298.857    17.0258   4.469846          1    34.6872      0.040     5.9808      7.886      70.93     -0.505      -0.09     154307   6429.428    34.6898    25.2700    1517.51    297.000 0.0000e+00
    297.850    17.0370   4.470957          1    34.6878      0.174     5.9859      7.886      98.73     -0.699      -0.10     154341   6430.814    34.6901    25.2676    1517.53    296.000 0.0000e+00
    296.843    17.0395   4.471169          1    34.6883      0.042     5.9895      7.885      66.88     -0.755      -0.02     154372   6432.143    34.6903    25.2671    1517.52    295.000 0.0000e+00
    295.836    17.0426   4.471434          1    34.6885      0.029     5.9286      7.884      96.84     -0.667       0.12     154411   6433.733    34.6902    25.2664    1517.52    294.000 0.0000e+00
    294.829    17.0416   4.471277          1    34.6889      0.038     5.9255      7.883      76.62     -0.384       0.01     154467   6436.098    34.6901    25.2665    1517.49    293.000 0.0000e+00
    293.822    17.0455   4.471599          1    34.6890      0.039     5.9965      7.883      69.94     -0.563      -0.08     154510   6437.895    34.6899    25.2654    1517.49    292.000 0.0000e+00
    292.815    17.0483   4.471840          1    34.6891      0.029     5.9769      7.882      99.66     -0.623      -0.08     154548   6439.445    34.6900    25.2648    1517.48    291.000 0.0000e+00
    291.808    17.0562   4.472613          1    34.6894      0.034     5.9500      7.882      89.52     -0.812      -0.17     154575   6440.589    34.6903    25.2632    1517.49    290.000 0.0000e+00
    290.801    17.0618   4.473139          1    34.6896      0.036     5.9502      7.882      77.69     -0.764       0.17     154609   6442.017    34.6904    25.2620    1517.49    289.000 0.0000e+00
    289.794    17.0654   4.473510          1    34.6902      0.037     5.9587      7.882      78.05     -0.459       0.07     154661   6444.166    34.6909    25.2615    1517.48    288.000 0.0000e+00
    288.787    17.0890   4.475898          1    34.6907      0.030     5.9820      7.881      95.23     -0.441      -0.08     154714   6446.390    34.6918    25.2565    1517.54    287.000 0.0000e+00
    287.780    17.1552   4.482736          1    34.6922      0.043     5.9520      7.881      64.59     -0.676      -0.19     154747   6447.765    34.6946    25.2429    1517.72    286.000 0.0000e+00
    286.773    17.1761   4.484795          1    34.6925      0.029     5.9273      7.880      97.99     -0.760       0.06     154780   6449.137    34.6950    25.2382    1517.77    285.000 0.0000e+00
    285.766    17.1850   4.485644          1    34.6929      0.045     5.9236      7.880      65.67     -0.612       0.03     154820   6450.777    34.6950    25.2361    1517.78    284.000 0.0000e+00
    284.759    17.1944   4.486575          1    34.6935      0.036     5.8949      7.880      86.01     -0.631       0.02     154858   6452.391    34.6954    25.2341    1517.79    283.000 0.0000e+00
    283.753    17.2061   4.487729          1    34.6941      0.033     5.9088      7.879      82.76     -0.495       0.05     154906   6454.387    34.6958    25.2317    1517.81    282.000 0.0000e+00
    282.746    17.2180   4.488969          1    34.6950      0.042     5.8814      7.879      62.68     -0.583      -0.12     154947   6456.077    34.6967    25.2295    1517.83    281.000 0.0000e+00
    281.739    17.2331   4.490526          1    34.6959      0.030     5.8804      7.879      98.37     -0.666       0.03     154984   6457.609    34.6976    25.2266    1517.86    280.000 0.0000e+00
    280.732    17.2469   4.491907          1    34.6964      0.039     5.8927      7.879      65.41     -0.594       0.00     155024   6459.297    34.6980    25.2236    1517.88    279.000 0.0000e+00
    279.725    17.2732   4.494554          1    34.6970      0.029     5.8955      7.878      98.05     -0.579       0.04     155066   6461.054    34.6988    25.2179    1517.95    278.000 0.0000e+00
    278.718    17.2903   4.496354          1    34.6982      0.042     5.9010      7.878      64.49     -0.554      -0.04     155109   6462.846    34.7001    25.2148    1517.98    277.000 0.0000e+00
    277.711    17.3143   4.498893          1    34.6999      0.034     5.8836      7.878      88.57     -0.625      -0.03     155148   6464.442    34.7019    25.2104    1518.04    276.000 0.0000e+00
    276.704    17.3272   4.500182          1    34.7004      0.039     5.8980      7.878      70.44     -0.669      -0.04     155183   6465.929    34.7023    25.2076    1518.06    275.000 0.0000e+00
    275.697    17.3341   4.500862          1    34.7009      0.034     5.9104      7.877      86.20     -0.681       0.03     155219   6467.432    34.7026    25.2062    1518.07    274.000 0.0000e+00
    274.691    17.3413   4.501560          1    34.7014      0.036     5.8971      7.877      82.60     -0.489       0.10     155268   6469.475    34.7029    25.2047    1518.07    273.000 0.0000e+00
    273.684    17.3457   4.501953          1    34.7017      0.042     5.9029      7.877      60.47     -0.508      -0.15     155315   6471.431    34.7029    25.2036    1518.07    272.000 0.0000e+00
    272.677    17.3549   4.502843          1    34.7020      0.031     5.9145      7.876      98.28     -0.690      -0.05     155350   6472.858    34.7031    25.2016    1518.08    271.000 0.0000e+00
    271.670    17.3601   4.503339          1    34.7022      0.042     5.9024      7.876      59.55     -0.679       0.02     155385   6474.348    34.7033    25.2005    1518.08    270.000 0.0000e+00
    270.663    17.3983   4.507293          1    34.7033      0.031     5.8909      7.876      97.88     -0.684      -0.00     155421   6475.823    34.7051    25.1927    1518.18    269.000 0.0000e+00
    269.656    17.4177   4.509317          1    34.7045      0.039     5.9072      7.876      72.72     -0.553       0.11     155465   6477.684    34.7063    25.1889    1518.22    268.000 0.0000e+00
    268.650    17.4217   4.509647          1    34.7047      0.040     5.9293      7.875      71.79     -0.457      -0.09     155516   6479.801    34.7061    25.1878    1518.21    267.000 0.0000e+00
    267.643    17.4527   4.512773          1    34.7052      0.032     5.9053      7.875      89.23     -0.641      -0.07     155553   6481.337    34.7070    25.1810    1518.29    266.000 0.0000e+00
    266.636    17.4639   4.513916          1    34.7059      0.039     5.8819      7.875      63.86     -0.655       0.00     155590   6482.870    34.7076    25.1788    1518.31    265.000 0.0000e+00
    265.629    17.4755   4.515071          1    34.7064      0.031     5.8791      7.875      93.38     -0.650       0.03     155628   6484.443    34.7080    25.1763    1518.33    264.000 0.0000e+00
    264.622    17.4818   4.515668          1    34.7068      0.042     5.8999      7.874      61.49     -0.567       0.02     155670   6486.202    34.7082    25.1749    1518.33    263.000 0.0000e+00
    263.615    17.4977   4.517275          1    34.7073      0.029     5.8824      7.874      98.38     -0.636      -0.07     155707   6487.756    34.7088    25.1715    1518.36    262.000 0.0000e+00
    262.609    17.5048   4.517988          1    34.7079      0.037     5.8963      7.874      69.43     -0.595       0.10     155749   6489.495    34.7092    25.1701    1518.36    261.000 0.0000e+00
    261.602    17.5074   4.518208          1    34.7082      0.038     5.8911      7.873      79.90     -0.451      -0.06     155800   6491.610    34.7093    25.1695    1518.36    260.000 0.0000e+00
