src/interpolation/Data/CTD/16w16h.cnv
* Sea-Bird SBE 9 Data File:
* FileName = E:\HOBAB2\w16.hex
* Software Version Seasave V 7.22.1
* Temperature SN = 5330
* Conductivity SN = 3693
* Number of Bytes Per Scan = 24
* Number of Voltage Words = 4
* Number of Scans Averaged by the Deck Unit = 1
* NMEA baud rate = 9600
# nquan = 18
# nvalues = 2713                        
# units = specified
# name 0 = prDM: Pressure, Digiquartz [db]
# name 1 = t090C: Temperature [ITS-90, deg C]
# name 2 = c0S/m: Conductivity [S/m]
# name 3 = pumps: Pump Status
# name 4 = sal00: Salinity, Practical [PSU]
# name 5 = seaTurbMtr: Turbidity, Seapoint [FTU]
# name 6 = sbeox0Mg/L: Oxygen, SBE 43 [mg/l]
# name 7 = ph: pH
# name 8 = altM: Altimeter [m]
# name 9 = dz/dtM: Descent Rate [m/s]
# name 10 = accM: Acceleration [m/s^2]
# name 11 = scan: Scan Count
# name 12 = timeS: Time, Elapsed [seconds]
# name 13 = sal00: Salinity, Practical [PSU]
# name 14 = sigma-t00: Density [sigma-t, kg/m^3 ]
# name 15 = svCM: Sound Velocity [Chen-Millero, m/s]
# name 16 = depSM: Depth [salt water, m], lat = 0
# name 17 = flag: flag
# span 0 =      1.005,   1374.043       
# span 1 =     3.8571,    24.4935       
# span 2 =   3.252503,   5.212258       
# span 3 =          1,          1       
# span 4 =    34.2242,    34.8049       
# span 5 =      0.026,      1.074       
# span 6 =     2.1671,     7.0384       
# span 7 =      7.582,      8.075       
# span 8 =       1.46,     103.01       
# span 9 =     -1.181,      1.040       
# span 10 =      -0.91,       0.38      
# span 11 =     150828,     247467      
# span 12 =   6284.471,  10311.078      
# span 13 =    34.2279,    34.8048      
# span 14 =    23.2546,    27.3466      
# span 15 =    1483.43,    1533.03      
# span 16 =      1.000,   1362.000      
# span 17 = 0.0000e+00, 0.0000e+00      
# interval = meters: 1                  
# start_time = Apr 19 2014 08:52:05 [System UTC, header]
# bad_flag = -9.990e-29
*END*
[from data line 1448]
   1275.888     3.8864   3.253092          1    34.4263      0.201     2.1913      7.611      98.71     -0.866      -0.03     200465   8352.683    34.4262    27.3413    1486.44   1265.000 0.0000e+00
   1274.877     3.8875   3.253140          1    34.4261      0.197     2.1878      7.608      98.71     -0.785       0.12     200498   8354.054    34.4261    27.3412    1486.42   1264.000 0.0000e+00
   1273.865     3.8876   3.253100          1    34.4260      0.210     2.1855      7.602      98.71     -0.591       0.02     200538   8355.721    34.4260    27.3411    1486.41   1263.000 0.0000e+00
   1272.853     3.8877   3.253076          1    34.4262      0.204     2.1815      7.600      98.71     -0.733      -0.17     200569   8357.003    34.4261    27.3412    1486.39   1262.000 0.0000e+00
   1271.842     3.8895   3.253177          1    34.4259      0.199     2.1890      7.596      98.71     -0.878      -0.08     200596   8358.120    34.4260    27.3408    1486.38   1261.000 0.0000e+00
   1270.830     3.8901   3.253178          1    34.4258      0.194     2.1844      7.599      98.71     -0.918      -0.02     200622   8359.216    34.4258    27.3407    1486.37   1260.000 0.0000e+00
   1269.818     3.8896   3.253098          1    34.4258      0.196     2.1868      7.599      57.77     -0.928       0.01     200648   8360.309    34.4259    27.3408    1486.35   1259.000 0.0000e+00
   1268.807     3.8895   3.253050          1    34.4259      0.194     2.1847      7.599      95.36     -0.877       0.09     200677   8361.521    34.4260    27.3409    1486.33   1258.000 0.0000e+00
   1267.795     3.8897   3.253023          1    34.4259      0.195     2.1886      7.599      98.72     -0.728       0.07     200712   8362.942    34.4259    27.3408    1486.32   1257.000 0.0000e+00
   1266.784     3.8896   3.252967          1    34.4258      0.190     2.1851      7.597      98.71     -0.726      -0.05     200744   8364.306    34.4258    27.3408    1486.30   1256.000 0.0000e+00
   1265.772     3.8896   3.252910          1    34.4258      0.193     2.1865      7.595      98.71     -0.773      -0.02     200775   8365.599    34.4257    27.3407    1486.28   1255.000 0.0000e+00
   1264.760     3.8894   3.252865          1    34.4259      0.192     2.1908      7.596      98.71     -0.821      -0.05     200804   8366.807    34.4259    27.3408    1486.26   1254.000 0.0000e+00
   1263.749     3.8893   3.252808          1    34.4259      0.197     2.1836      7.596      98.54     -0.804       0.08     200836   8368.123    34.4258    27.3408    1486.25   1253.000 0.0000e+00
   1262.737     3.8895   3.252785          1    34.4258      0.194     2.1868      7.592      98.72     -0.675      -0.00     200871   8369.582    34.4258    27.3408    1486.23   1252.000 0.0000e+00
   1261.725     3.8903   3.252816          1    34.4258      0.188     2.1808      7.593      98.71     -0.818      -0.20     200898   8370.708    34.4258    27.3407    1486.22   1251.000 0.0000e+00
   1260.714     3.8907   3.252799          1    34.4257      0.188     2.1811      7.592      98.71     -0.954      -0.03     200923   8371.765    34.4257    27.3406    1486.20   1250.000 0.0000e+00
   1259.702     3.8909   3.252780          1    34.4257      0.189     2.1835      7.620      98.21     -0.904       0.08     200951   8372.927    34.4257    27.3406    1486.19   1249.000 0.0000e+00
   1258.691     3.8913   3.252754          1    34.4256      0.197     2.1838      7.662      98.71     -0.847       0.01     200980   8374.124    34.4256    27.3404    1486.17   1248.000 0.0000e+00
   1257.679     3.8926   3.252823          1    34.4255      0.192     2.1846      7.705      98.71     -0.800       0.08     201012   8375.443    34.4256    27.3402    1486.16   1247.000 0.0000e+00
   1256.668     3.8917   3.252720          1    34.4258      0.179     2.1905      7.659      98.71     -0.629       0.07     201051   8377.064    34.4258    27.3405    1486.14   1246.000 0.0000e+00
   1255.656     3.8945   3.252888          1    34.4253      0.176     2.1775      7.600      98.71     -0.686      -0.14     201084   8378.457    34.4254    27.3399    1486.13   1245.000 0.0000e+00
   1254.644     3.8963   3.252997          1    34.4251      0.177     2.1828      7.618      98.71     -0.843      -0.10     201111   8379.603    34.4253    27.3396    1486.13   1244.000 0.0000e+00
   1253.633     3.8997   3.253232          1    34.4248      0.163     2.1807      7.650      98.71     -0.902      -0.01     201139   8380.733    34.4250    27.3391    1486.12   1243.000 0.0000e+00
   1252.621     3.9058   3.253688          1    34.4242      0.160     2.1792      7.648      98.71     -0.879       0.01     201166   8381.878    34.4245    27.3381    1486.13   1242.000 0.0000e+00
   1251.610     3.9101   3.254015          1    34.4239      0.137     2.1798      7.632      98.71     -0.916      -0.04     201192   8382.964    34.4243    27.3375    1486.13   1241.000 0.0000e+00
   1250.598     3.9082   3.253788          1    34.4239      0.126     2.1848      7.615      98.71     -0.836       0.15     201224   8384.281    34.4242    27.3376    1486.11   1240.000 0.0000e+00
   1249.587     3.9011   3.253199          1    34.4251      0.131     2.1939      7.604      53.73     -0.544       0.02     201265   8386.002    34.4251    27.3390    1486.06   1239.000 0.0000e+00
   1248.575     3.9158   3.254335          1    34.4233      0.109     2.1965      7.615      99.52     -0.773      -0.31     201292   8387.127    34.4238    27.3364    1486.10   1238.000 0.0000e+00
   1247.563     3.9165   3.254343          1    34.4232      0.105     2.1888      7.625      92.48     -0.988      -0.10     201316   8388.117    34.4236    27.3362    1486.09   1237.000 0.0000e+00
   1246.552     3.9222   3.254791          1    34.4230      0.097     2.1881      7.627      98.59     -0.935       0.15     201344   8389.290    34.4234    27.3355    1486.09   1236.000 0.0000e+00
   1245.540     3.9250   3.254975          1    34.4227      0.082     2.1950      7.628      98.71     -0.736       0.06     201377   8390.677    34.4232    27.3351    1486.09   1235.000 0.0000e+00
   1244.529     3.9287   3.255227          1    34.4224      0.069     2.1916      7.627      98.71     -0.769      -0.05     201408   8391.962    34.4229    27.3344    1486.09   1234.000 0.0000e+00
   1243.517     3.9326   3.255494          1    34.4220      0.065     2.1895      7.620      98.71     -0.755       0.07     201441   8393.343    34.4225    27.3337    1486.09   1233.000 0.0000e+00
   1242.506     3.9386   3.255970          1    34.4218      0.059     2.1945      7.612      98.71     -0.695      -0.04     201475   8394.759    34.4223    27.3329    1486.09   1232.000 0.0000e+00
   1241.494     3.9490   3.256765          1    34.4205      0.059     2.1907      7.613      98.71     -0.821      -0.14     201503   8395.905    34.4214    27.3311    1486.12   1231.000 0.0000e+00
   1240.483     3.9498   3.256787          1    34.4206      0.052     2.1899      7.608      98.71     -0.926      -0.03     201529   8396.998    34.4213    27.3310    1486.11   1230.000 0.0000e+00
   1239.471     3.9509   3.256837          1    34.4206      0.051     2.1907      7.604      98.71     -0.846       0.11     201559   8398.256    34.4213    27.3308    1486.10   1229.000 0.0000e+00
   1238.460     3.9522   3.256904          1    34.4206      0.050     2.1965      7.600      98.71     -0.763      -0.02     201590   8399.553    34.4211    27.3306    1486.08   1228.000 0.0000e+00
   1237.448     3.9529   3.256907          1    34.4205      0.065     2.1913      7.595      42.84     -0.843      -0.05     201618   8400.726    34.4210    27.3304    1486.07   1227.000 0.0000e+00
   1236.437     3.9529   3.256864          1    34.4205      0.046     2.1944      7.595      97.01     -0.834       0.06     201649   8401.984    34.4210    27.3304    1486.05   1226.000 0.0000e+00
   1235.425     3.9497   3.256562          1    34.4210      0.049     2.1956      7.598      94.71     -0.558       0.16     201694   8403.889    34.4212    27.3309    1486.02   1225.000 0.0000e+00
   1234.414     3.9470   3.256284          1    34.4212      0.051     2.1990      7.598      98.19     -0.212       0.04     201797   8408.179    34.4213    27.3312    1486.00   1224.000 0.0000e+00
   1233.402     3.9545   3.256866          1    34.4207      0.064     2.1912      7.596      81.81     -0.147      -0.05     202013   8417.186    34.4208    27.3301    1486.01   1223.000 0.0000e+00
   1232.391     3.9500   3.256446          1    34.4211      0.054     2.1952      7.601      95.99     -0.035       0.01     202345   8430.995    34.4211    27.3308    1485.97   1222.000 0.0000e+00
   1231.380     3.9518   3.256550          1    34.4209      0.051     2.1956      7.603      97.40     -0.210      -0.01     202662   8444.206    34.4209    27.3305    1485.96   1221.000 0.0000e+00
   1230.368     3.9502   3.256370          1    34.4210      0.054     2.1964      7.599      83.83     -0.131      -0.02     202787   8449.426    34.4210    27.3307    1485.94   1220.000 0.0000e+00
   1229.357     3.9482   3.256179          1    34.4213      0.051     2.1924      7.604      99.52     -0.161       0.03     202927   8455.230    34.4213    27.3311    1485.92   1219.000 0.0000e+00
   1228.345     3.9494   3.256228          1    34.4211      0.057     2.1948      7.608      81.88     -0.202      -0.03     203060   8460.805    34.4211    27.3309    1485.90   1218.000 0.0000e+00
   1227.334     3.9512   3.256330          1    34.4210      0.050     2.2003      7.613      94.48     -0.424      -0.07     203139   8464.075    34.4210    27.3306    1485.89   1217.000 0.0000e+00
   1226.322     3.9542   3.256543          1    34.4208      0.049     2.1935      7.617      93.71     -0.332       0.05     203207   8466.912    34.4209    27.3302    1485.89   1216.000 0.0000e+00
   1225.311     3.9554   3.256596          1    34.4206      0.052     2.1986      7.626      98.85     -0.420      -0.15     203270   8469.552    34.4208    27.3300    1485.88   1215.000 0.0000e+00
   1224.299     3.9540   3.256433          1    34.4208      0.052     2.2010      7.630      98.71     -0.573      -0.01     203312   8471.305    34.4208    27.3302    1485.86   1214.000 0.0000e+00
   1223.288     3.9516   3.256192          1    34.4210      0.056     2.1972      7.630      90.12     -0.505       0.02     203360   8473.296    34.4210    27.3305    1485.83   1213.000 0.0000e+00
   1222.277     3.9504   3.256048          1    34.4210      0.049     2.1977      7.625      98.74     -0.509      -0.01     203408   8475.278    34.4210    27.3307    1485.81   1212.000 0.0000e+00
   1221.265     3.9491   3.255906          1    34.4213      0.047     2.1962      7.628      98.71     -0.567      -0.05     203450   8477.045    34.4212    27.3309    1485.79   1211.000 0.0000e+00
   1220.254     3.9476   3.255738          1    34.4213      0.047     2.1977      7.623      98.71     -0.622       0.00     203489   8478.677    34.4212    27.3312    1485.76   1210.000 0.0000e+00
   1219.242     3.9454   3.255512          1    34.4215      0.052     2.1951      7.616      98.71     -0.581      -0.00     203531   8480.402    34.4213    27.3314    1485.74   1209.000 0.0000e+00
   1218.231     3.9449   3.255420          1    34.4214      0.051     2.1981      7.621      98.71     -0.665      -0.09     203566   8481.872    34.4213    27.3315    1485.72   1208.000 0.0000e+00
   1217.220     3.9535   3.256094          1    34.4207      0.050     2.1970      7.651      98.71     -0.717       0.05     203601   8483.318    34.4208    27.3302    1485.74   1207.000 0.0000e+00
   1216.208     3.9512   3.255864          1    34.4210      0.047     2.1981      7.618      98.71     -0.442       0.08     203654   8485.551    34.4210    27.3306    1485.71   1206.000 0.0000e+00
   1215.197     3.9485   3.255599          1    34.4212      0.046     2.1946      7.609      98.71     -0.367       0.00     203718   8488.216    34.4212    27.3310    1485.68   1205.000 0.0000e+00
   1214.185     3.9521   3.255800          1    34.4203      0.042     2.1961      7.612      98.71     -0.349       0.06     203784   8490.953    34.4203    27.3300    1485.68   1204.000 0.0000e+00
   1213.174     3.9567   3.256233          1    34.4209      0.042     2.1948      7.615      98.71     -0.277      -0.09     203873   8494.684    34.4211    27.3301    1485.68   1203.000 0.0000e+00
   1212.163     3.9890   3.258835          1    34.4178      0.041     2.1977      7.616      91.61     -0.329       0.02     203944   8497.634    34.4187    27.3248    1485.80   1202.000 0.0000e+00
   1211.151     3.9918   3.258977          1    34.4173      0.042     2.2050      7.627      98.57     -0.308       0.02     204021   8500.852    34.4180    27.3240    1485.79   1201.000 0.0000e+00
   1210.140     3.9905   3.258825          1    34.4183      0.043     2.2041      7.750      95.59     -0.017       0.07     205294   8553.857    34.4181    27.3242    1485.77   1200.000 0.0000e+00
   1209.129     3.9915   3.258855          1    34.4179      0.039     2.2054      7.744      98.74     -0.460      -0.13     205811   8575.404    34.4179    27.3240    1485.76   1199.000 0.0000e+00
   1208.117     3.9886   3.258579          1    34.4183      0.054     2.2043      7.744      98.71     -0.597      -0.02     205837   8576.487    34.4182    27.3245    1485.73   1198.000 0.0000e+00
   1207.106     3.9874   3.258423          1    34.4182      0.041     2.2046      7.742      98.71     -0.637      -0.10     205873   8578.008    34.4180    27.3245    1485.71   1197.000 0.0000e+00
   1206.095     3.9866   3.258332          1    34.4185      0.041     2.2012      7.739      98.71     -0.806      -0.14     205901   8579.174    34.4183    27.3248    1485.69   1196.000 0.0000e+00
   1205.083     3.9865   3.258279          1    34.4184      0.038     2.2002      7.739      98.71     -0.912      -0.02     205928   8580.282    34.4183    27.3248    1485.67   1195.000 0.0000e+00
   1204.072     3.9892   3.258464          1    34.4182      0.042     2.2046      7.738      98.71     -0.869       0.06     205956   8581.477    34.4181    27.3244    1485.66   1194.000 0.0000e+00
   1203.061     3.9905   3.258522          1    34.4180      0.039     2.2050      7.734      98.71     -0.843      -0.03     205985   8582.656    34.4180    27.3242    1485.65   1193.000 0.0000e+00
   1202.049     3.9903   3.258468          1    34.4180      0.038     2.2043      7.736      98.71     -0.856       0.05     206014   8583.875    34.4180    27.3242    1485.63   1192.000 0.0000e+00
   1201.038     3.9916   3.258527          1    34.4179      0.037     2.2038      7.753      98.71     -0.721       0.07     206048   8585.297    34.4179    27.3240    1485.62   1191.000 0.0000e+00
   1200.027     3.9913   3.258467          1    34.4179      0.040     2.2047      7.773      98.71     -0.770      -0.12     206078   8586.538    34.4180    27.3240    1485.61   1190.000 0.0000e+00
   1199.015     3.9913   3.258418          1    34.4179      0.051     2.2039      7.784      76.97     -0.840       0.03     206108   8587.773    34.4179    27.3240    1485.59   1189.000 0.0000e+00
   1198.004     3.9913   3.258372          1    34.4179      0.035     2.1996      7.779      99.26     -0.734       0.05     206141   8589.158    34.4179    27.3240    1485.57   1188.000 0.0000e+00
   1196.993     3.9915   3.258348          1    34.4179      0.036     2.2041      7.789      98.71     -0.797      -0.13     206169   8590.337    34.4179    27.3240    1485.56   1187.000 0.0000e+00
