src/interpolation/Data/CTD/16w16h.cnv
* Sea-Bird SBE 9 Data File:
* FileName = E:\HOBAB2\w16.hex
* Software Version Seasave V 7.22.1
* Temperature SN = 5330
* Conductivity SN = 3693
* Number of Bytes Per Scan = 24
* Number of Voltage Words = 4
* Number of Scans Averaged by the Deck Unit = 1
* NMEA baud rate = 9600
# nquan = 18
# nvalues = 2713                        
# units = specified
# name 0 = prDM: Pressure, Digiquartz [db]
# name 1 = t090C: Temperature [ITS-90, deg C]
# name 2 = c0S/m: Conductivity [S/m]
# name 3 = pumps: Pump Status
# name 4 = sal00: Salinity, Practical [PSU]
# name 5 = seaTurbMtr: Turbidity, Seapoint [FTU]
# name 6 = sbeox0Mg/L: Oxygen, SBE 43 [mg/l]
# name 7 = ph: pH
# name 8 = altM: Altimeter [m]
# name 9 = dz/dtM: Descent Rate [m/s]
# name 10 = accM: Acceleration [m/s^2]
# name 11 = scan: Scan Count
# name 12 = timeS: Time, Elapsed [seconds]
# name 13 = sal00: Salinity, Practical [PSU]
# name 14 = sigma-t00: Density [sigma-t, kg/m^3 ]
# name 15 = svCM: Sound Velocity [Chen-Millero, m/s]
# name 16 = depSM: Depth [salt water, m], lat = 0
# name 17 = flag: flag
# span 0 =      1.005,   1374.043       
# span 1 =     3.8571,    24.4935       
# span 2 =   3.252503,   5.212258       
# span 3 =          1,          1       
# span 4 =    34.2242,    34.8049       
# span 5 =      0.026,      1.074       
# span 6 =     2.1671,     7.0384       
# span 7 =      7.582,      8.075       
# span 8 =       1.46,     103.01       
# span 9 =     -1.181,      1.040       
# span 10 =      -0.91,       0.38      
# span 11 =     150828,     247467      
# span 12 =   6284.471,  10311.078      
# span 13 =    34.2279,    34.8048      
# span 14 =    23.2546,    27.3466      
# span 15 =    1483.43,    1533.03      
# span 16 =      1.000,   1362.000      
# span 17 = 0.0000e+00, 0.0000e+00      
# interval = meters: 1                  
# start_time = Apr 19 2014 08:52:05 [System UTC, header]
# bad_flag = -9.990e-29
*END*
[from data line 2332]
    383.460    14.4164   4.199793          1    34.5237      0.028     5.6151      7.607      98.71     -0.689       0.06     232045   9668.507    34.5248    25.7317    1510.61    381.000 0.0000e+00
    382.453    14.4301   4.201226          1    34.5251      0.029     5.5561      7.609      98.71     -0.638       0.05     232084   9670.118    34.5262    25.7299    1510.64    380.000 0.0000e+00
    381.445    14.4518   4.203252          1    34.5245      0.036     5.5669      7.607      86.15     -0.464       0.10     232137   9672.327    34.5259    25.7250    1510.69    379.000 0.0000e+00
    380.438    14.4976   4.207847          1    34.5267      0.027     5.6307      7.612     103.01     -0.091      -0.05     232316   9679.778    34.5278    25.7167    1510.82    378.000 0.0000e+00
    379.430    14.4988   4.207930          1    34.5271      0.031     5.6020      7.612      98.71     -0.418      -0.11     232386   9682.717    34.5279    25.7165    1510.81    377.000 0.0000e+00
    378.423    14.5136   4.209399          1    34.5276      0.028     5.6268      7.612      98.71     -0.610      -0.09     232424   9684.280    34.5286    25.7139    1510.84    376.000 0.0000e+00
    377.416    14.5224   4.210271          1    34.5282      0.029     5.6330      7.612      98.71     -0.704      -0.10     232456   9685.644    34.5292    25.7124    1510.85    375.000 0.0000e+00
    376.408    14.5616   4.214319          1    34.5300      0.031     5.6320      7.611      94.84     -0.859      -0.14     232483   9686.742    34.5319    25.7061    1510.97    374.000 0.0000e+00
    375.401    14.5891   4.217001          1    34.5303      0.042     5.6190      7.610      62.41     -0.929       0.01     232509   9687.838    34.5325    25.7007    1511.04    373.000 0.0000e+00
    374.394    14.6110   4.219258          1    34.5316      0.030     5.6095      7.612      99.16     -0.911      -0.01     232535   9688.930    34.5341    25.6972    1511.09    372.000 0.0000e+00
    373.386    14.6267   4.220904          1    34.5330      0.031     5.6265      7.613      98.71     -0.950      -0.04     232561   9689.982    34.5356    25.6950    1511.13    371.000 0.0000e+00
    372.379    14.6514   4.223386          1    34.5341      0.031     5.6297      7.621      98.71     -0.923       0.07     232588   9691.112    34.5368    25.6906    1511.19    370.000 0.0000e+00
    371.372    14.6643   4.224700          1    34.5352      0.028     5.6215      7.623      98.71     -0.869       0.00     232615   9692.259    34.5379    25.6886    1511.22    369.000 0.0000e+00
    370.364    14.6780   4.226053          1    34.5358      0.033     5.6043      7.627      98.71     -0.919      -0.06     232641   9693.326    34.5384    25.6861    1511.25    368.000 0.0000e+00
    369.357    14.7134   4.229738          1    34.5381      0.033     5.6044      7.633      98.71     -0.951       0.00     232666   9694.393    34.5412    25.6805    1511.35    367.000 0.0000e+00
    368.350    14.7159   4.229778          1    34.5372      0.030     5.6126      7.631      98.71     -0.897       0.08     232695   9695.564    34.5398    25.6789    1511.34    366.000 0.0000e+00
    367.342    14.7217   4.230617          1    34.5402      0.030     5.6261      7.623      98.71     -0.797       0.05     232725   9696.845    34.5426    25.6799    1511.34    365.000 0.0000e+00
    366.335    14.7453   4.232981          1    34.5410      0.030     5.6238      7.624      98.71     -0.833      -0.12     232753   9697.981    34.5437    25.6756    1511.40    364.000 0.0000e+00
    365.328    14.7956   4.238170          1    34.5433      0.067     5.6041      7.626      98.71     -0.943      -0.04     232778   9699.036    34.5469    25.6671    1511.55    363.000 0.0000e+00
    364.321    14.8216   4.240847          1    34.5452      0.030     5.5993      7.641      98.71     -0.913       0.06     232805   9700.168    34.5488    25.6630    1511.62    362.000 0.0000e+00
    363.313    14.8303   4.241718          1    34.5460      0.028     5.6238      7.631      98.71     -0.905      -0.05     232831   9701.241    34.5494    25.6616    1511.63    361.000 0.0000e+00
    362.306    14.9061   4.249780          1    34.5512      0.043     5.5964      7.641      56.23     -0.971      -0.04     232856   9702.277    34.5562    25.6503    1511.86    360.000 0.0000e+00
    361.299    14.9688   4.256230          1    34.5543      0.030     5.6042      7.639      96.01     -0.902       0.11     232884   9703.450    34.5598    25.6394    1512.05    359.000 0.0000e+00
    360.291    14.9912   4.258568          1    34.5562      0.034     5.6110      7.647      98.69     -0.833      -0.02     232912   9704.631    34.5616    25.6359    1512.10    358.000 0.0000e+00
    359.284    15.0830   4.268122          1    34.5612      0.032     5.5992      7.719      98.69     -0.918      -0.10     232937   9705.675    34.5678    25.6205    1512.39    357.000 0.0000e+00
    358.277    15.1282   4.272704          1    34.5628      0.028     5.6184      7.778      98.71     -0.972       0.00     232962   9706.725    34.5698    25.6121    1512.51    356.000 0.0000e+00
    357.270    15.1493   4.274843          1    34.5646      0.028     5.6272      7.696      98.71     -0.918       0.07     232990   9707.859    34.5709    25.6083    1512.57    355.000 0.0000e+00
    356.262    15.1584   4.275703          1    34.5656      0.027     5.6714      7.659      98.71     -0.848       0.03     233018   9709.057    34.5711    25.6065    1512.58    354.000 0.0000e+00
    355.255    15.1648   4.276316          1    34.5665      0.029     5.6766      7.816      98.31     -0.848      -0.01     233047   9710.243    34.5714    25.6053    1512.58    353.000 0.0000e+00
    354.248    15.1828   4.278129          1    34.5678      0.030     5.6875      7.706      98.71     -0.834       0.02     233076   9711.462    34.5723    25.6020    1512.62    352.000 0.0000e+00
    353.241    15.2015   4.280018          1    34.5689      0.027     5.7108      7.690      98.71     -0.841      -0.06     233104   9712.614    34.5734    25.5987    1512.67    351.000 0.0000e+00
    352.233    15.2378   4.283754          1    34.5710      0.031     5.7175      7.694      98.71     -0.952      -0.13     233128   9713.608    34.5756    25.5924    1512.77    350.000 0.0000e+00
    351.226    15.2765   4.287646          1    34.5721      0.047     5.7130      7.748      43.07     -1.013       0.01     233152   9714.624    34.5771    25.5850    1512.87    349.000 0.0000e+00
    350.219    15.3058   4.290713          1    34.5743      0.032     5.7202      7.766      98.33     -0.936       0.09     233179   9715.742    34.5794    25.5802    1512.95    348.000 0.0000e+00
    349.212    15.3750   4.297966          1    34.5783      0.029     5.7429      7.791      98.71     -0.887      -0.02     233206   9716.860    34.5843    25.5686    1513.16    347.000 0.0000e+00
    348.204    15.4179   4.302284          1    34.5796      0.029     5.7626      7.820      98.71     -0.953      -0.09     233230   9717.863    34.5859    25.5603    1513.28    346.000 0.0000e+00
    347.197    15.4481   4.305495          1    34.5826      0.032     5.7776      7.788      98.71     -1.024      -0.01     233254   9718.854    34.5886    25.5557    1513.36    345.000 0.0000e+00
    346.190    15.4391   4.304106          1    34.5797      0.041     5.8100      7.813      98.71     -0.882       0.18     233284   9720.110    34.5845    25.5545    1513.31    344.000 0.0000e+00
    345.183    15.4067   4.301409          1    34.5858      0.031     5.8290      7.831      98.71     -0.703       0.00     233317   9721.515    34.5890    25.5652    1513.20    343.000 0.0000e+00
    344.176    15.5194   4.313029          1    34.5893      0.046     5.7816      7.818      44.34     -0.813      -0.13     233345   9722.678    34.5950    25.5447    1513.54    342.000 0.0000e+00
    343.168    15.6081   4.322210          1    34.5931      0.031     5.7358      7.815      99.09     -0.893      -0.01     233373   9723.820    34.6000    25.5287    1513.80    341.000 0.0000e+00
    342.161    15.6700   4.328688          1    34.5968      0.031     5.7827      7.823      92.75     -0.876      -0.01     233400   9724.948    34.6042    25.5180    1513.99    340.000 0.0000e+00
    341.154    15.7143   4.333161          1    34.5985      0.028     5.8075      7.839      98.64     -0.957      -0.12     233423   9725.926    34.6059    25.5093    1514.11    339.000 0.0000e+00
    340.147    15.7396   4.335909          1    34.6015      0.030     5.7969      7.830      98.71     -1.073      -0.10     233445   9726.834    34.6087    25.5057    1514.17    338.000 0.0000e+00
    339.140    15.7528   4.337229          1    34.6029      0.031     5.8398      7.847      98.71     -1.073       0.09     233469   9727.834    34.6094    25.5032    1514.20    337.000 0.0000e+00
    338.132    15.7508   4.336792          1    34.6023      0.031     5.8707      7.846      98.71     -0.880       0.16     233498   9729.051    34.6076    25.5023    1514.17    336.000 0.0000e+00
    337.125    15.7487   4.336649          1    34.6039      0.028     5.8654      7.857      98.71     -0.823      -0.05     233527   9730.241    34.6085    25.5035    1514.15    335.000 0.0000e+00
    336.118    15.7676   4.338578          1    34.6054      0.030     5.8753      7.869      98.71     -0.870      -0.01     233555   9731.400    34.6096    25.5001    1514.20    334.000 0.0000e+00
    335.111    15.7813   4.339968          1    34.6064      0.029     5.8548      7.870      98.71     -0.863      -0.00     233583   9732.563    34.6105    25.4977    1514.22    333.000 0.0000e+00
    334.104    15.8193   4.343950          1    34.6089      0.029     5.8557      7.871      98.71     -0.885      -0.03     233609   9733.685    34.6131    25.4911    1514.33    332.000 0.0000e+00
    333.097    15.8518   4.347336          1    34.6109      0.027     5.8449      7.869      98.71     -0.899       0.02     233637   9734.824    34.6154    25.4854    1514.41    331.000 0.0000e+00
    332.090    15.8660   4.348744          1    34.6119      0.032     5.8578      7.870      98.71     -0.833       0.06     233666   9736.060    34.6159    25.4827    1514.44    330.000 0.0000e+00
    331.082    15.8718   4.349287          1    34.6125      0.044     5.8567      7.870      48.26     -0.821      -0.06     233695   9737.243    34.6161    25.4815    1514.44    329.000 0.0000e+00
    330.075    15.8872   4.350881          1    34.6138      0.033     5.8159      7.859      87.11     -0.927      -0.13     233719   9738.263    34.6172    25.4788    1514.48    328.000 0.0000e+00
    329.068    15.8909   4.351197          1    34.6142      0.031     5.8466      7.870      97.87     -1.021      -0.04     233743   9739.238    34.6172    25.4780    1514.47    327.000 0.0000e+00
    328.061    15.8928   4.351372          1    34.6148      0.042     5.8667      7.876      88.79     -1.009       0.05     233767   9740.262    34.6175    25.4777    1514.46    326.000 0.0000e+00
    327.054    15.8945   4.351475          1    34.6149      0.031     5.8447      7.872      98.72     -0.958       0.04     233793   9741.334    34.6173    25.4773    1514.45    325.000 0.0000e+00
    326.047    15.9086   4.352864          1    34.6155      0.029     5.8460      7.871      98.71     -0.888       0.10     233822   9742.528    34.6178    25.4744    1514.47    324.000 0.0000e+00
    325.040    15.9001   4.351800          1    34.6145      0.030     5.8257      7.879      98.71     -0.711       0.12     233858   9744.027    34.6161    25.4751    1514.43    323.000 0.0000e+00
    324.033    15.9788   4.360261          1    34.6201      0.030     5.7949      7.882      98.71     -0.386       0.12     233921   9746.684    34.6232    25.4625    1514.66    322.000 0.0000e+00
    323.025    16.1625   4.379760          1    34.6333      0.034     5.8741      7.881      88.78     -0.053      -0.04     234117   9754.842    34.6366    25.4309    1515.23    321.000 0.0000e+00
    322.018    16.1407   4.377297          1    34.6331      0.030     5.9124      7.889      99.47     -0.346      -0.06     234251   9760.402    34.6341    25.4339    1515.14    320.000 0.0000e+00
    321.011    16.1942   4.383274          1    34.6386      0.029     5.8591      7.888      98.71     -0.587      -0.24     234284   9761.776    34.6410    25.4269    1515.30    319.000 0.0000e+00
    320.004    16.2729   4.391386          1    34.6409      0.028     5.8754      7.884      98.71     -0.814      -0.11     234312   9762.944    34.6447    25.4117    1515.53    318.000 0.0000e+00
    318.997    16.3546   4.400175          1    34.6464      0.029     5.9376      7.883      98.71     -0.896      -0.08     234338   9764.023    34.6517    25.3981    1515.77    317.000 0.0000e+00
    317.990    16.4739   4.412434          1    34.6489      0.031     5.9735      7.891      98.71     -0.977      -0.04     234362   9765.045    34.6567    25.3743    1516.12    316.000 0.0000e+00
    316.983    16.5321   4.418608          1    34.6532      0.030     5.9816      7.893      98.71     -0.946       0.07     234389   9766.152    34.6609    25.3640    1516.29    315.000 0.0000e+00
    315.976    16.5637   4.421915          1    34.6557      0.029     5.9041      7.892      98.71     -0.846       0.07     234418   9767.376    34.6630    25.3583    1516.37    314.000 0.0000e+00
    314.969    16.6284   4.428411          1    34.6568      0.029     5.8350      7.896      98.71     -0.820      -0.03     234447   9768.575    34.6644    25.3442    1516.55    313.000 0.0000e+00
    313.962    16.6904   4.435116          1    34.6622      0.033     5.8872      7.897      98.71     -0.888      -0.06     234473   9769.676    34.6701    25.3340    1516.73    312.000 0.0000e+00
    312.955    16.7561   4.442006          1    34.6655      0.029     5.9116      7.895      98.71     -0.934      -0.03     234499   9770.752    34.6740    25.3216    1516.92    311.000 0.0000e+00
    311.948    16.8349   4.450138          1    34.6682      0.032     5.8825      7.896      98.71     -0.915       0.04     234526   9771.875    34.6775    25.3058    1517.14    310.000 0.0000e+00
    310.941    16.9459   4.462013          1    34.6755      0.030     5.8851      7.897      98.71     -0.875       0.02     234554   9773.030    34.6858    25.2859    1517.47    309.000 0.0000e+00
    309.934    16.9951   4.467263          1    34.6795      0.028     5.9117      7.896      98.71     -0.893      -0.05     234580   9774.128    34.6896    25.2771    1517.60    308.000 0.0000e+00
    308.927    17.0519   4.473238          1    34.6830      0.029     5.9342      7.895      98.71     -0.960      -0.08     234604   9775.137    34.6930    25.2663    1517.76    307.000 0.0000e+00
    307.920    17.0766   4.475719          1    34.6845      0.028     5.9556      7.895      98.71     -1.010       0.00     234629   9776.148    34.6937    25.2610    1517.82    306.000 0.0000e+00
    306.913    17.0673   4.474533          1    34.6843      0.030     5.9486      7.895      98.71     -0.877       0.17     234658   9777.392    34.6918    25.2617    1517.77    305.000 0.0000e+00
    305.906    17.0642   4.474009          1    34.6840      0.030     5.9323      7.895      98.71     -0.755      -0.04     234689   9778.675    34.6903    25.2613    1517.75    304.000 0.0000e+00
    304.899    17.1097   4.478917          1    34.6879      0.034     5.9467      7.895      80.98     -0.889      -0.16     234714   9779.718    34.6942    25.2534    1517.87    303.000 0.0000e+00
    303.892    17.1278   4.480590          1    34.6876      0.030     5.9670      7.894      96.18     -0.993      -0.02     234739   9780.744    34.6935    25.2486    1517.91    302.000 0.0000e+00
