src/interpolation/Data/CTD/16w16h.cnv
* Sea-Bird SBE 9 Data File:
* FileName = E:\HOBAB2\w16.hex
* Software Version Seasave V 7.22.1
* Temperature SN = 5330
* Conductivity SN = 3693
* Number of Bytes Per Scan = 24
* Number of Voltage Words = 4
* Number of Scans Averaged by the Deck Unit = 1
* NMEA baud rate = 9600
# nquan = 18
# nvalues = 2713                        
# units = specified
# name 0 = prDM: Pressure, Digiquartz [db]
# name 1 = t090C: Temperature [ITS-90, deg C]
# name 2 = c0S/m: Conductivity [S/m]
# name 3 = pumps: Pump Status
# name 4 = sal00: Salinity, Practical [PSU]
# name 5 = seaTurbMtr: Turbidity, Seapoint [FTU]
# name 6 = sbeox0Mg/L: Oxygen, SBE 43 [mg/l]
# name 7 = ph: pH
# name 8 = altM: Altimeter [m]
# name 9 = dz/dtM: Descent Rate [m/s]
# name 10 = accM: Acceleration [m/s^2]
# name 11 = scan: Scan Count
# name 12 = timeS: Time, Elapsed [seconds]
# name 13 = sal00: Salinity, Practical [PSU]
# name 14 = sigma-t00: Density [sigma-t, kg/m^3 ]
# name 15 = svCM: Sound Velocity [Chen-Millero, m/s]
# name 16 = depSM: Depth [salt water, m], lat = 0
# name 17 = flag: flag
# span 0 =      1.005,   1374.043       
# span 1 =     3.8571,    24.4935       
# span 2 =   3.252503,   5.212258       
# span 3 =          1,          1       
# span 4 =    34.2242,    34.8049       
# span 5 =      0.026,      1.074       
# span 6 =     2.1671,     7.0384       
# span 7 =      7.582,      8.075       
# span 8 =       1.46,     103.01       
# span 9 =     -1.181,      1.040       
# span 10 =      -0.91,       0.38      
# span 11 =     150828,     247467      
# span 12 =   6284.471,  10311.078      
# span 13 =    34.2279,    34.8048      
# span 14 =    23.2546,    27.3466      
# span 15 =    1483.43,    1533.03      
# span 16 =      1.000,   1362.000      
# span 17 = 0.0000e+00, 0.0000e+00      
# interval = meters: 1                  
# start_time = Apr 19 2014 08:52:05 [System UTC, header]
# bad_flag = -9.990e-29
*END*
[from data line 965]
    983.717     4.3511   3.278872          1    34.3934      0.036     2.2908      7.670      98.71      0.666      -0.03     182042   7585.051    34.3919    27.2654    1483.48    976.000 0.0000e+00
    984.727     4.3511   3.278931          1    34.3933      0.032     2.2705      7.660      98.71      0.702       0.07     182076   7586.441    34.3920    27.2655    1483.50    977.000 0.0000e+00
    985.737     4.3512   3.278984          1    34.3930      0.033     2.2705      7.661      98.71      0.818       0.11     182104   7587.610    34.3920    27.2655    1483.52    978.000 0.0000e+00
    986.747     4.3510   3.278994          1    34.3927      0.031     2.2804      7.666      98.71      0.935       0.11     182128   7588.634    34.3918    27.2654    1483.53    979.000 0.0000e+00
    987.758     4.3500   3.278953          1    34.3928      0.035     2.2788      7.661      98.71      1.002       0.00     182153   7589.660    34.3919    27.2656    1483.54    980.000 0.0000e+00
    988.768     4.3495   3.278964          1    34.3928      0.033     2.2679      7.657      98.71      0.843      -0.19     182184   7590.970    34.3921    27.2657    1483.56    981.000 0.0000e+00
    989.778     4.3492   3.278991          1    34.3927      0.032     2.2715      7.664      98.71      0.648      -0.03     182222   7592.524    34.3922    27.2658    1483.57    982.000 0.0000e+00
    990.789     4.3493   3.279042          1    34.3926      0.031     2.2808      7.753      98.71      0.700       0.09     182255   7593.910    34.3921    27.2658    1483.59    983.000 0.0000e+00
    991.799     4.3496   3.279119          1    34.3926      0.033     2.2719      7.788      98.71      0.827       0.09     182283   7595.086    34.3922    27.2658    1483.61    984.000 0.0000e+00
    992.809     4.3498   3.279177          1    34.3925      0.031     2.2805      7.769      98.71      0.868      -0.00     182311   7596.253    34.3922    27.2658    1483.63    985.000 0.0000e+00
    993.820     4.3524   3.279466          1    34.3926      0.032     2.2784      7.741      98.71      0.868       0.01     182339   7597.405    34.3924    27.2656    1483.65    986.000 0.0000e+00
    994.830     4.3522   3.279500          1    34.3926      0.032     2.2753      7.665      98.71      0.885      -0.01     182366   7598.559    34.3925    27.2657    1483.67    987.000 0.0000e+00
    995.840     4.3504   3.279390          1    34.3927      0.031     2.2709      7.682      98.71      0.821      -0.08     182397   7599.834    34.3925    27.2660    1483.68    988.000 0.0000e+00
    996.851     4.3493   3.279338          1    34.3927      0.032     2.2820      7.730      98.71      0.727      -0.03     182431   7601.235    34.3926    27.2661    1483.69    989.000 0.0000e+00
    997.861     4.3419   3.278761          1    34.3934      0.032     2.2763      7.703      98.71      0.756       0.06     182462   7602.532    34.3931    27.2673    1483.68    990.000 0.0000e+00
    998.871     4.3400   3.278643          1    34.3935      0.032     2.2794      7.761      98.71      0.796      -0.02     182493   7603.819    34.3931    27.2676    1483.69    991.000 0.0000e+00
    999.882     4.3404   3.278719          1    34.3934      0.037     2.2739      7.671      98.71      0.747      -0.00     182525   7605.162    34.3931    27.2675    1483.71    992.000 0.0000e+00
   1000.892     4.3394   3.278674          1    34.3933      0.032     2.2798      7.700      98.71      0.818       0.11     182553   7606.332    34.3931    27.2676    1483.72    993.000 0.0000e+00
   1001.902     4.3347   3.278327          1    34.3937      0.033     2.2787      7.748      98.71      0.921       0.05     182579   7607.405    34.3934    27.2683    1483.72    994.000 0.0000e+00
   1002.913     4.3375   3.278607          1    34.3934      0.032     2.2719      7.743      98.71      0.936      -0.02     182605   7608.501    34.3932    27.2679    1483.74    995.000 0.0000e+00
   1003.923     4.3349   3.278422          1    34.3935      0.031     2.2723      7.779      98.71      0.830      -0.13     182636   7609.801    34.3933    27.2683    1483.75    996.000 0.0000e+00
   1004.934     4.3228   3.277466          1    34.3947      0.032     2.2668      7.685      98.71      0.649      -0.03     182673   7611.340    34.3941    27.2702    1483.72    997.000 0.0000e+00
   1005.944     4.3095   3.276382          1    34.3955      0.034     2.2783      7.701      98.71      0.754       0.17     182703   7612.578    34.3947    27.2721    1483.68    998.000 0.0000e+00
   1006.954     4.2899   3.274794          1    34.3971      0.035     2.2745      7.716      98.71      0.915       0.10     182729   7613.646    34.3959    27.2751    1483.62    999.000 0.0000e+00
   1007.965     4.2837   3.274298          1    34.3974      0.033     2.2706      7.684      98.71      0.870      -0.14     182758   7614.893    34.3961    27.2759    1483.61   1000.000 0.0000e+00
   1008.975     4.2807   3.274085          1    34.3973      0.032     2.2651      7.677      98.71      0.684      -0.03     182793   7616.349    34.3962    27.2763    1483.61   1001.000 0.0000e+00
   1009.985     4.2787   3.273969          1    34.3974      0.031     2.2599      7.665      98.71      0.784       0.11     182823   7617.578    34.3964    27.2767    1483.62   1002.000 0.0000e+00
   1010.996     4.2750   3.273702          1    34.3976      0.034     2.2584      7.669      98.71      0.834      -0.02     182852   7618.810    34.3966    27.2773    1483.62   1003.000 0.0000e+00
   1012.006     4.2739   3.273663          1    34.3975      0.034     2.2600      7.675      98.71      0.789      -0.01     182883   7620.082    34.3967    27.2775    1483.64   1004.000 0.0000e+00
   1013.017     4.2731   3.273649          1    34.3976      0.043     2.2592      7.779      98.71      0.843       0.08     182911   7621.242    34.3969    27.2777    1483.65   1005.000 0.0000e+00
   1014.027     4.2725   3.273639          1    34.3976      0.035     2.2582      7.701      98.71      0.875      -0.04     182939   7622.425    34.3969    27.2778    1483.66   1006.000 0.0000e+00
   1015.038     4.2710   3.273564          1    34.3976      0.033     2.2551      7.697      98.71      0.764      -0.07     182972   7623.784    34.3971    27.2781    1483.67   1007.000 0.0000e+00
   1016.048     4.2671   3.273289          1    34.3979      0.033     2.2567      7.728      98.71      0.773       0.10     183002   7625.024    34.3973    27.2787    1483.67   1008.000 0.0000e+00
   1017.058     4.2683   3.273431          1    34.3977      0.038     2.2599      7.776      98.71      0.893       0.06     183028   7626.133    34.3973    27.2785    1483.70   1009.000 0.0000e+00
   1018.069     4.2607   3.272842          1    34.3983      0.034     2.2592      7.739      98.71      0.782      -0.17     183062   7627.528    34.3978    27.2798    1483.68   1010.000 0.0000e+00
   1019.079     4.2627   3.273050          1    34.3981      0.033     2.2585      7.659      98.71      0.638       0.07     183098   7629.021    34.3976    27.2794    1483.71   1011.000 0.0000e+00
   1020.090     4.2621   3.273041          1    34.3980      0.034     2.2496      7.681      98.71      0.831       0.17     183124   7630.145    34.3977    27.2795    1483.72   1012.000 0.0000e+00
   1021.100     4.2618   3.273079          1    34.3982      0.035     2.2608      7.692      98.71      0.915      -0.01     183152   7631.272    34.3979    27.2797    1483.74   1013.000 0.0000e+00
   1022.111     4.2617   3.273103          1    34.3980      0.033     2.2473      7.659      98.71      0.814      -0.09     183182   7632.561    34.3978    27.2797    1483.75   1014.000 0.0000e+00
   1023.121     4.2556   3.272642          1    34.3986      0.037     2.2537      7.654      98.71      0.771       0.03     183213   7633.845    34.3982    27.2806    1483.74   1015.000 0.0000e+00
   1024.132     4.2562   3.272737          1    34.3985      0.035     2.2531      7.656      98.71      0.827       0.02     183242   7635.062    34.3981    27.2805    1483.76   1016.000 0.0000e+00
   1025.142     4.2564   3.272792          1    34.3984      0.035     2.2505      7.657      98.71      0.782      -0.06     183274   7636.388    34.3981    27.2805    1483.78   1017.000 0.0000e+00
   1026.153     4.2574   3.272925          1    34.3983      0.035     2.2503      7.650      98.71      0.765       0.07     183305   7637.653    34.3981    27.2804    1483.80   1018.000 0.0000e+00
   1027.163     4.2578   3.272998          1    34.3981      0.044     2.2507      7.710      98.71      0.896       0.12     183330   7638.721    34.3980    27.2802    1483.82   1019.000 0.0000e+00
   1028.174     4.2552   3.272819          1    34.3984      0.046     2.2602      7.768      98.71      0.879      -0.13     183360   7639.961    34.3982    27.2807    1483.83   1020.000 0.0000e+00
   1029.184     4.2538   3.272753          1    34.3985      0.037     2.2492      7.650      98.71      0.662      -0.04     183396   7641.470    34.3983    27.2809    1483.84   1021.000 0.0000e+00
   1030.195     4.2532   3.272749          1    34.3986      0.035     2.2560      7.650      98.71      0.750       0.08     183428   7642.778    34.3984    27.2810    1483.85   1022.000 0.0000e+00
   1031.205     4.2540   3.272860          1    34.3985      0.048     2.2545      7.648      98.71      0.763      -0.03     183460   7644.115    34.3984    27.2810    1483.87   1023.000 0.0000e+00
   1032.215     4.2550   3.272985          1    34.3983      0.032     2.2574      7.646      98.71      0.796       0.10     183489   7645.315    34.3983    27.2807    1483.89   1024.000 0.0000e+00
   1033.226     4.2556   3.273090          1    34.3984      0.035     2.2572      7.646      98.71      0.923       0.10     183514   7646.370    34.3983    27.2807    1483.91   1025.000 0.0000e+00
   1034.237     4.2461   3.272343          1    34.3992      0.034     2.2577      7.645      98.71      0.920      -0.09     183542   7647.527    34.3990    27.2822    1483.89   1026.000 0.0000e+00
   1035.247     4.2350   3.271452          1    34.4001      0.033     2.2547      7.645      98.71      0.773      -0.07     183574   7648.859    34.3996    27.2839    1483.86   1027.000 0.0000e+00
   1036.258     4.2326   3.271297          1    34.4003      0.035     2.2551      7.646      98.71      0.794       0.08     183603   7650.083    34.3997    27.2843    1483.87   1028.000 0.0000e+00
   1037.268     4.2325   3.271333          1    34.4002      0.032     2.2569      7.643      98.71      0.857      -0.00     183632   7651.273    34.3997    27.2843    1483.89   1029.000 0.0000e+00
   1038.279     4.2333   3.271444          1    34.4000      0.033     2.2526      7.638      98.71      0.782      -0.07     183664   7652.604    34.3997    27.2842    1483.91   1030.000 0.0000e+00
   1039.289     4.2339   3.271531          1    34.3999      0.034     2.2554      7.637      98.71      0.747       0.03     183695   7653.936    34.3996    27.2840    1483.92   1031.000 0.0000e+00
   1040.300     4.2348   3.271660          1    34.3998      0.037     2.2506      7.636      98.71      0.786      -0.01     183727   7655.230    34.3997    27.2840    1483.94   1032.000 0.0000e+00
   1041.310     4.2327   3.271519          1    34.3999      0.034     2.2410      7.635      98.71      0.708      -0.06     183761   7656.683    34.3997    27.2843    1483.95   1033.000 0.0000e+00
   1042.321     4.2249   3.270936          1    34.4009      0.032     2.2492      7.635      98.71      0.733       0.12     183792   7657.973    34.4004    27.2857    1483.94   1034.000 0.0000e+00
   1043.331     4.2252   3.270999          1    34.4007      0.032     2.2508      7.634      98.71      0.904       0.17     183817   7659.005    34.4004    27.2856    1483.96   1035.000 0.0000e+00
   1044.342     4.2246   3.270996          1    34.4007      0.031     2.2522      7.633      98.71      1.021       0.07     183841   7659.983    34.4004    27.2857    1483.97   1036.000 0.0000e+00
   1045.353     4.2241   3.270989          1    34.4007      0.030     2.2466      7.633      98.71      0.929      -0.18     183869   7661.181    34.4004    27.2858    1483.99   1037.000 0.0000e+00
   1046.363     4.2237   3.270999          1    34.4006      0.031     2.2538      7.632      98.71      0.640      -0.09     183907   7662.756    34.4004    27.2857    1484.00   1038.000 0.0000e+00
   1047.374     4.2258   3.271227          1    34.4005      0.033     2.2519      7.631      98.71      0.710       0.11     183940   7664.131    34.4004    27.2855    1484.03   1039.000 0.0000e+00
   1048.384     4.2243   3.271139          1    34.4006      0.058     2.2421      7.630      98.71      0.778       0.02     183971   7665.411    34.4004    27.2857    1484.04   1040.000 0.0000e+00
   1049.395     4.2227   3.271059          1    34.4008      0.035     2.2459      7.647      98.71      0.832       0.05     183999   7666.597    34.4007    27.2861    1484.05   1041.000 0.0000e+00
   1050.405     4.2223   3.271062          1    34.4008      0.033     2.2504      7.659      98.71      0.874       0.03     184027   7667.745    34.4006    27.2861    1484.06   1042.000 0.0000e+00
   1051.416     4.2217   3.271061          1    34.4008      0.032     2.2486      7.631      98.71      0.888      -0.01     184054   7668.887    34.4006    27.2862    1484.08   1043.000 0.0000e+00
   1052.427     4.2210   3.271043          1    34.4008      0.034     2.2488      7.629      98.71      0.834      -0.08     184085   7670.152    34.4007    27.2863    1484.09   1044.000 0.0000e+00
   1053.437     4.2204   3.271044          1    34.4009      0.043     2.2468      7.629      98.71      0.708      -0.04     184119   7671.580    34.4008    27.2864    1484.11   1045.000 0.0000e+00
   1054.448     4.2197   3.271030          1    34.4010      0.031     2.2453      7.629      98.71      0.776       0.11     184149   7672.814    34.4008    27.2865    1484.12   1046.000 0.0000e+00
   1055.459     4.2185   3.270973          1    34.4011      0.031     2.2414      7.628      98.71      0.874       0.04     184176   7673.961    34.4010    27.2868    1484.13   1047.000 0.0000e+00
   1056.469     4.2144   3.270684          1    34.4015      0.031     2.2453      7.627      98.71      0.811      -0.11     184208   7675.273    34.4013    27.2874    1484.13   1048.000 0.0000e+00
   1057.480     4.2111   3.270466          1    34.4019      0.030     2.2531      7.684      98.71      0.676      -0.02     184243   7676.751    34.4017    27.2881    1484.13   1049.000 0.0000e+00
   1058.490     4.2075   3.270212          1    34.4023      0.031     2.2594      7.683      98.71      0.776       0.15     184272   7677.960    34.4020    27.2887    1484.14   1050.000 0.0000e+00
   1059.501     4.2071   3.270227          1    34.4023      0.032     2.2518      7.630      98.71      0.917       0.09     184298   7679.024    34.4020    27.2888    1484.15   1051.000 0.0000e+00
   1060.512     4.2054   3.270129          1    34.4024      0.034     2.2513      7.629      98.71      0.949      -0.02     184324   7680.109    34.4021    27.2891    1484.16   1052.000 0.0000e+00
   1061.522     4.2045   3.270094          1    34.4024      0.034     2.2414      7.627      98.71      0.828      -0.15     184355   7681.423    34.4021    27.2892    1484.17   1053.000 0.0000e+00
   1062.533     4.2026   3.269979          1    34.4025      0.032     2.2463      7.627      98.71      0.627      -0.03     184393   7682.997    34.4023    27.2895    1484.19   1054.000 0.0000e+00
   1063.544     4.1981   3.269668          1    34.4031      0.033     2.2449      7.626      98.71      0.758       0.18     184422   7684.227    34.4027    27.2903    1484.18   1055.000 0.0000e+00
