src/interpolation/Data/CTD/16w16h.cnv
* Sea-Bird SBE 9 Data File:
* FileName = E:\HOBAB2\w16.hex
* Software Version Seasave V 7.22.1
* Temperature SN = 5330
* Conductivity SN = 3693
* Number of Bytes Per Scan = 24
* Number of Voltage Words = 4
* Number of Scans Averaged by the Deck Unit = 1
* NMEA baud rate = 9600
# nquan = 18
# nvalues = 2713                        
# units = specified
# name 0 = prDM: Pressure, Digiquartz [db]
# name 1 = t090C: Temperature [ITS-90, deg C]
# name 2 = c0S/m: Conductivity [S/m]
# name 3 = pumps: Pump Status
# name 4 = sal00: Salinity, Practical [PSU]
# name 5 = seaTurbMtr: Turbidity, Seapoint [FTU]
# name 6 = sbeox0Mg/L: Oxygen, SBE 43 [mg/l]
# name 7 = ph: pH
# name 8 = altM: Altimeter [m]
# name 9 = dz/dtM: Descent Rate [m/s]
# name 10 = accM: Acceleration [m/s^2]
# name 11 = scan: Scan Count
# name 12 = timeS: Time, Elapsed [seconds]
# name 13 = sal00: Salinity, Practical [PSU]
# name 14 = sigma-t00: Density [sigma-t, kg/m^3 ]
# name 15 = svCM: Sound Velocity [Chen-Millero, m/s]
# name 16 = depSM: Depth [salt water, m], lat = 0
# name 17 = flag: flag
# span 0 =      1.005,   1374.043       
# span 1 =     3.8571,    24.4935       
# span 2 =   3.252503,   5.212258       
# span 3 =          1,          1       
# span 4 =    34.2242,    34.8049       
# span 5 =      0.026,      1.074       
# span 6 =     2.1671,     7.0384       
# span 7 =      7.582,      8.075       
# span 8 =       1.46,     103.01       
# span 9 =     -1.181,      1.040       
# span 10 =      -0.91,       0.38      
# span 11 =     150828,     247467      
# span 12 =   6284.471,  10311.078      
# span 13 =    34.2279,    34.8048      
# span 14 =    23.2546,    27.3466      
# span 15 =    1483.43,    1533.03      
# span 16 =      1.000,   1362.000      
# span 17 = 0.0000e+00, 0.0000e+00      
# interval = meters: 1                  
# start_time = Apr 19 2014 08:52:05 [System UTC, header]
# bad_flag = -9.990e-29
*END*
[from data line 2493]
    221.334    18.6096   4.632507          1    34.7583      0.029     6.0273      7.874      98.71     -0.238      -0.04     237114   9879.710    34.7617    24.9378    1520.97    220.000 0.0000e+00
    220.327    18.5946   4.630843          1    34.7590      0.032     6.0019      7.873      98.60     -0.343      -0.08     237189   9882.813    34.7607    24.9409    1520.91    219.000 0.0000e+00
    219.321    18.5988   4.631249          1    34.7594      0.030     5.9836      7.872      98.71     -0.521      -0.12     237234   9884.728    34.7610    24.9400    1520.90    218.000 0.0000e+00
    218.314    18.6232   4.633729          1    34.7599      0.031     5.9729      7.872      98.71     -0.666      -0.03     237270   9886.216    34.7616    24.9343    1520.96    217.000 0.0000e+00
    217.307    18.6450   4.636086          1    34.7616      0.030     5.9980      7.872      98.71     -0.608       0.03     237309   9887.851    34.7635    24.9303    1521.00    216.000 0.0000e+00
    216.301    18.6694   4.638724          1    34.7633      0.031     5.9912      7.871      98.71     -0.732      -0.18     237340   9889.119    34.7655    24.9257    1521.06    215.000 0.0000e+00
    215.294    18.7070   4.642518          1    34.7636      0.030     5.9730      7.871      98.71     -0.834       0.05     237370   9890.363    34.7661    24.9167    1521.15    214.000 0.0000e+00
    214.288    18.7170   4.643639          1    34.7652      0.031     6.0057      7.871      98.71     -0.474       0.14     237420   9892.474    34.7674    24.9152    1521.16    213.000 0.0000e+00
    213.281    18.7662   4.648810          1    34.7673      0.033     5.9956      7.870      98.71     -0.426      -0.02     237478   9894.867    34.7698    24.9046    1521.29    212.000 0.0000e+00
    212.275    18.7693   4.649204          1    34.7689      0.031     5.9945      7.870      98.71     -0.463      -0.03     237530   9897.043    34.7709    24.9046    1521.28    211.000 0.0000e+00
    211.268    18.8087   4.653319          1    34.7704      0.070     6.0200      7.870      98.71     -0.437       0.04     237584   9899.303    34.7726    24.8960    1521.38    210.000 0.0000e+00
    210.261    18.8328   4.655728          1    34.7706      0.031     6.0137      7.869      98.71     -0.546      -0.19     237628   9901.113    34.7729    24.8901    1521.44    209.000 0.0000e+00
    209.255    18.8596   4.658509          1    34.7716      0.032     6.0262      7.869      98.71     -0.648       0.07     237666   9902.692    34.7741    24.8842    1521.50    208.000 0.0000e+00
    208.248    18.8824   4.660674          1    34.7712      0.031     6.0206      7.868      98.71     -0.393       0.02     237723   9905.071    34.7734    24.8779    1521.55    207.000 0.0000e+00
    207.242    18.8861   4.661094          1    34.7725      0.032     6.0044      7.868      98.71     -0.506      -0.08     237771   9907.079    34.7742    24.8775    1521.54    206.000 0.0000e+00
    206.235    18.9195   4.664285          1    34.7713      0.034     6.0188      7.868      88.56     -0.568       0.02     237814   9908.861    34.7733    24.8684    1521.62    205.000 0.0000e+00
    205.229    18.9543   4.667912          1    34.7724      0.037     6.0098      7.867      84.45     -0.438       0.06     237868   9911.125    34.7747    24.8606    1521.70    204.000 0.0000e+00
    204.222    18.9702   4.669501          1    34.7731      0.031     6.0268      7.867      99.16     -0.424      -0.10     237925   9913.488    34.7750    24.8568    1521.73    203.000 0.0000e+00
    203.216    18.9911   4.671749          1    34.7747      0.032     6.0114      7.867      98.71     -0.585      -0.02     237966   9915.195    34.7766    24.8527    1521.78    202.000 0.0000e+00
    202.209    19.0300   4.675437          1    34.7729      0.032     6.0025      7.866      98.71     -0.487       0.06     238015   9917.249    34.7752    24.8417    1521.87    201.000 0.0000e+00
    201.203    19.1427   4.687080          1    34.7773      0.033     6.0349      7.863      98.71      0.006       0.03     238710   9946.193    34.7783    24.8153    1522.17    200.000 0.0000e+00
    200.196    19.1379   4.686547          1    34.7777      0.034     6.0195      7.862      98.71     -0.566      -0.11     239581   9982.521    34.7782    24.8164    1522.15    199.000 0.0000e+00
    199.190    19.1881   4.691852          1    34.7790      0.034     6.0391      7.861      98.71     -0.726      -0.12     239583   9982.572    34.7807    24.8055    1522.27    198.000 0.0000e+00
    198.183    19.2188   4.694944          1    34.7792      0.035     6.0153      7.861      90.71     -0.762       0.07     239616   9983.941    34.7811    24.7979    1522.34    197.000 0.0000e+00
    197.177    19.1772   4.690697          1    34.7803      0.046     6.0498      7.861      60.07     -0.633       0.01     239653   9985.512    34.7809    24.8084    1522.21    196.000 0.0000e+00
    196.170    19.2889   4.702854          1    34.7853      0.034     6.0611      7.861      94.08     -0.728      -0.14     239684   9986.805    34.7890    24.7859    1522.52    195.000 0.0000e+00
    195.164    19.4117   4.715935          1    34.7899      0.055     6.0401      7.861      90.56     -0.896      -0.14     239710   9987.860    34.7953    24.7591    1522.85    194.000 0.0000e+00
    194.157    19.4379   4.718546          1    34.7901      0.039     6.0753      7.861      98.57     -0.956       0.02     239736   9988.939    34.7955    24.7524    1522.91    193.000 0.0000e+00
    193.151    19.4622   4.720777          1    34.7892      0.037     6.1776      7.860      98.71     -0.864       0.09     239765   9990.148    34.7941    24.7451    1522.96    192.000 0.0000e+00
    192.144    19.4386   4.718237          1    34.7893      0.039     6.2113      7.860      98.71     -0.806       0.02     239795   9991.404    34.7930    24.7503    1522.88    191.000 0.0000e+00
    191.138    19.4438   4.718159          1    34.7853      0.034     6.1695      7.860      98.71     -0.784       0.01     239826   9992.699    34.7884    24.7455    1522.87    190.000 0.0000e+00
    190.132    19.4734   4.720779          1    34.7827      0.037     6.1105      7.859      98.71     -0.771       0.00     239857   9994.006    34.7858    24.7358    1522.93    189.000 0.0000e+00
    189.125    19.5002   4.722963          1    34.7787      0.037     6.1611      7.859      98.71     -0.773      -0.01     239888   9995.295    34.7818    24.7259    1522.99    188.000 0.0000e+00
    188.119    19.5574   4.728420          1    34.7756      0.036     6.1774      7.859      98.71     -0.813      -0.04     239917   9996.509    34.7797    24.7094    1523.13    187.000 0.0000e+00
    187.112    19.6077   4.733338          1    34.7744      0.040     6.2087      7.859      98.71     -0.847       0.00     239946   9997.704    34.7788    24.6957    1523.25    186.000 0.0000e+00
    186.106    19.6018   4.732361          1    34.7728      0.061     6.2415      7.858      98.71     -0.765       0.09     239979   9999.074    34.7761    24.6951    1523.22    185.000 0.0000e+00
    185.099    19.6116   4.733823          1    34.7766      0.038     6.2862      7.858      98.71     -0.702      -0.05     240012  10000.465    34.7804    24.6959    1523.23    184.000 0.0000e+00
    184.093    19.6652   4.739094          1    34.7758      0.041     6.2646      7.857      95.77     -0.817      -0.10     240040  10001.642    34.7796    24.6813    1523.36    183.000 0.0000e+00
    183.087    19.6876   4.741226          1    34.7751      0.046     6.2941      7.857      87.80     -0.870       0.00     240068  10002.808    34.7789    24.6750    1523.41    182.000 0.0000e+00
    182.080    19.7182   4.744308          1    34.7753      0.041     6.3176      7.856      98.69     -0.843       0.03     240097  10004.019    34.7793    24.6672    1523.48    181.000 0.0000e+00
    181.074    19.7466   4.747245          1    34.7763      0.041     6.3222      7.855      98.71     -0.798       0.03     240128  10005.295    34.7802    24.6606    1523.54    180.000 0.0000e+00
    180.067    19.7770   4.750371          1    34.7772      0.040     6.3640      7.855      98.71     -0.803      -0.04     240158  10006.522    34.7811    24.6533    1523.61    179.000 0.0000e+00
    179.061    19.8369   4.755820          1    34.7720      0.039     6.3420      7.855      98.71     -0.820       0.03     240188  10007.773    34.7765    24.6341    1523.76    178.000 0.0000e+00
    178.054    19.8682   4.758744          1    34.7703      0.036     6.3739      7.855      98.71     -0.786      -0.02     240218  10009.030    34.7749    24.6247    1523.83    177.000 0.0000e+00
    177.048    19.8959   4.761540          1    34.7708      0.038     6.4604      7.854      98.71     -0.857      -0.07     240245  10010.166    34.7753    24.6177    1523.88    176.000 0.0000e+00
    176.042    19.9077   4.762754          1    34.7717      0.036     6.4939      7.854      98.71     -0.870       0.08     240274  10011.373    34.7758    24.6150    1523.90    175.000 0.0000e+00
    175.035    19.8807   4.760013          1    34.7734      0.035     6.4937      7.853      98.71     -0.631       0.13     240313  10013.012    34.7761    24.6223    1523.81    174.000 0.0000e+00
    174.029    19.8868   4.760975          1    34.7770      0.036     6.4563      7.853      98.71     -0.641      -0.17     240348  10014.471    34.7792    24.6231    1523.81    173.000 0.0000e+00
    173.023    19.9425   4.766541          1    34.7759      0.035     6.4558      7.852      98.71     -0.865      -0.19     240374  10015.543    34.7792    24.6084    1523.95    172.000 0.0000e+00
    172.016    19.9513   4.767591          1    34.7778      0.037     6.4585      7.852      98.71     -0.967      -0.02     240399  10016.574    34.7808    24.6073    1523.96    171.000 0.0000e+00
    171.010    19.9555   4.768027          1    34.7787      0.044     6.4693      7.851      78.44     -0.977       0.00     240423  10017.603    34.7813    24.6067    1523.96    170.000 0.0000e+00
    170.004    19.9571   4.768205          1    34.7794      0.036     6.5033      7.851      98.46     -0.972       0.02     240449  10018.653    34.7818    24.6066    1523.95    169.000 0.0000e+00
    168.997    19.9591   4.768375          1    34.7799      0.037     6.4766      7.851      98.71     -0.871       0.14     240479  10019.899    34.7819    24.6062    1523.94    168.000 0.0000e+00
    167.991    19.9518   4.767482          1    34.7795      0.036     6.4920      7.850      98.71     -0.635       0.09     240517  10021.505    34.7809    24.6073    1523.90    167.000 0.0000e+00
    166.985    19.9676   4.769101          1    34.7800      0.038     6.5113      7.849      98.71     -0.667      -0.10     240552  10022.953    34.7815    24.6036    1523.92    166.000 0.0000e+00
    165.978    20.0382   4.776110          1    34.7780      0.034     6.4877      7.849      98.71     -0.785      -0.06     240582  10024.208    34.7808    24.5845    1524.10    165.000 0.0000e+00
    164.972    20.0719   4.779390          1    34.7770      0.038     6.5089      7.849      98.71     -0.818      -0.01     240611  10025.434    34.7801    24.5751    1524.18    164.000 0.0000e+00
    163.965    20.0890   4.781060          1    34.7770      0.037     6.5627      7.849      98.71     -0.827      -0.00     240641  10026.647    34.7800    24.5705    1524.21    163.000 0.0000e+00
    162.959    20.1018   4.782283          1    34.7770      0.039     6.5788      7.848      98.71     -0.836      -0.01     240669  10027.841    34.7798    24.5669    1524.23    162.000 0.0000e+00
    161.953    20.1133   4.783366          1    34.7769      0.040     6.5596      7.847      98.71     -0.868      -0.04     240697  10028.981    34.7795    24.5636    1524.24    161.000 0.0000e+00
    160.947    20.1167   4.783622          1    34.7768      0.037     6.5568      7.847      98.71     -0.881       0.02     240724  10030.140    34.7792    24.5625    1524.23    160.000 0.0000e+00
    159.940    20.1200   4.783917          1    34.7772      0.038     6.5715      7.847      98.71     -0.831       0.04     240754  10031.375    34.7792    24.5617    1524.23    159.000 0.0000e+00
    158.934    20.1235   4.784106          1    34.7765      0.045     6.5792      7.846      78.22     -0.783       0.04     240785  10032.683    34.7782    24.5600    1524.22    158.000 0.0000e+00
    157.928    20.1307   4.784808          1    34.7768      0.037     6.5991      7.846      98.90     -0.714       0.05     240820  10034.117    34.7784    24.5582    1524.22    157.000 0.0000e+00
    156.921    20.1399   4.785636          1    34.7764      0.049     6.5938      7.846      98.71     -0.705      -0.06     240853  10035.502    34.7779    24.5554    1524.23    156.000 0.0000e+00
    155.915    20.1525   4.786793          1    34.7758      0.038     6.6044      7.844      98.71     -0.808      -0.07     240882  10036.712    34.7773    24.5516    1524.25    155.000 0.0000e+00
    154.909    20.1739   4.788762          1    34.7743      0.036     6.5967      7.844      98.71     -0.839       0.00     240911  10037.912    34.7760    24.5450    1524.29    154.000 0.0000e+00
    153.902    20.2023   4.791721          1    34.7750      0.036     6.6242      7.845      98.71     -0.844      -0.02     240939  10039.094    34.7771    24.5383    1524.35    153.000 0.0000e+00
    152.896    20.2206   4.793608          1    34.7755      0.038     6.6396      7.844      98.71     -0.855       0.01     240968  10040.277    34.7778    24.5339    1524.39    152.000 0.0000e+00
    151.890    20.2326   4.794821          1    34.7759      0.039     6.6640      7.845      98.71     -0.849       0.00     240996  10041.459    34.7781    24.5310    1524.40    151.000 0.0000e+00
    150.884    20.2339   4.794911          1    34.7763      0.039     6.6981      7.844      98.71     -0.831       0.05     241026  10042.704    34.7781    24.5307    1524.39    150.000 0.0000e+00
    149.877    20.2398   4.795519          1    34.7769      0.036     6.6500      7.844      98.71     -0.723       0.07     241060  10044.128    34.7786    24.5295    1524.39    149.000 0.0000e+00
    148.871    20.2565   4.797227          1    34.7774      0.038     6.6392      7.843      98.71     -0.714      -0.06     241093  10045.485    34.7791    24.5254    1524.42    148.000 0.0000e+00
    147.865    20.3040   4.801947          1    34.7763      0.048     6.6624      7.843      90.72     -0.829      -0.07     241121  10046.663    34.7787    24.5125    1524.53    147.000 0.0000e+00
    146.859    20.3184   4.803304          1    34.7759      0.050     6.6946      7.843      81.40     -0.825       0.06     241151  10047.916    34.7783    24.5084    1524.55    146.000 0.0000e+00
    145.852    20.3240   4.803828          1    34.7761      0.040     6.7691      7.842      98.81     -0.780      -0.01     241182  10049.195    34.7782    24.5068    1524.55    145.000 0.0000e+00
    144.846    20.3272   4.804104          1    34.7764      0.040     6.7937      7.842      98.71     -0.813      -0.02     241211  10050.429    34.7782    24.5060    1524.54    144.000 0.0000e+00
    143.840    20.3379   4.805138          1    34.7764      0.044     6.7609      7.818      98.71     -0.774       0.05     241243  10051.756    34.7782    24.5031    1524.56    143.000 0.0000e+00
    142.834    20.3555   4.807009          1    34.7773      0.053     6.7452      7.788      98.71     -0.773      -0.07     241273  10053.007    34.7793    24.4993    1524.59    142.000 0.0000e+00
