src/interpolation/Data/CTD/18w18h.cnv
* Sea-Bird SBE 9 Data File:
* FileName = E:\HOBAB2\w18.hex
* Software Version Seasave V 7.22.1
* Temperature SN = 5330
* Conductivity SN = 3693
* Number of Bytes Per Scan = 24
* Number of Voltage Words = 4
* Number of Scans Averaged by the Deck Unit = 1
* NMEA baud rate = 9600
# nquan = 18
# nvalues = 2709                        
# units = specified
# name 0 = prDM: Pressure, Digiquartz [db]
# name 1 = t090C: Temperature [ITS-90, deg C]
# name 2 = c0S/m: Conductivity [S/m]
# name 3 = pumps: Pump Status
# name 4 = sal00: Salinity, Practical [PSU]
# name 5 = seaTurbMtr: Turbidity, Seapoint [FTU]
# name 6 = sbeox0Mg/L: Oxygen, SBE 43 [mg/l]
# name 7 = ph: pH
# name 8 = altM: Altimeter [m]
# name 9 = dz/dtM: Descent Rate [m/s]
# name 10 = accM: Acceleration [m/s^2]
# name 11 = scan: Scan Count
# name 12 = timeS: Time, Elapsed [seconds]
# name 13 = sal00: Salinity, Practical [PSU]
# name 14 = sigma-t00: Density [sigma-t, kg/m^3 ]
# name 15 = svCM: Sound Velocity [Chen-Millero, m/s]
# name 16 = depSM: Depth [salt water, m], lat = 0
# name 17 = flag: flag
# span 0 =      1.005,   1384.165       
# span 1 =     3.8406,    24.1287       
# span 2 =   3.252851,   5.172791       
# span 3 =          1,          1       
# span 4 =    34.2344,    34.8054       
# span 5 =      0.025,      0.293       
# span 6 =     2.1667,     7.0220       
# span 7 =      7.532,      8.052       
# span 8 =      -0.36,     109.65       
# span 9 =     -1.746,      1.650       
# span 10 =      -0.89,       0.86      
# span 11 =      15738,     123164      
# span 12 =    655.698,   5131.787      
# span 13 =    34.2364,    34.8011      
# span 14 =    23.3537,    27.3497      
# span 15 =    1482.98,    1532.09      
# span 16 =      1.000,   1372.000      
# span 17 = 0.0000e+00, 0.0000e+00      
# interval = meters: 1                  
# start_time = Apr 20 2014 10:07:16 [System UTC, header]
# bad_flag = -9.990e-29
*END*
[from data line 1769]
    947.350     4.4417   3.284805          1    34.3853      0.031     2.2998      7.685      98.71     -0.642      -0.08      84194   3508.049    34.3856    27.2506    1483.25    940.000 0.0000e+00
    946.340     4.4548   3.285889          1    34.3845      0.032     2.3017      7.684      98.71     -0.832      -0.17      84221   3509.181    34.3851    27.2488    1483.28    939.000 0.0000e+00
    945.330     4.4583   3.286134          1    34.3843      0.048     2.3020      7.696      55.14     -0.870       0.08      84251   3510.404    34.3849    27.2483    1483.28    938.000 0.0000e+00
    944.319     4.4615   3.286359          1    34.3841      0.042     2.3024      7.836      70.95     -0.606       0.13      84291   3512.086    34.3847    27.2477    1483.28    937.000 0.0000e+00
    943.309     4.4672   3.286782          1    34.3837      0.040     2.3097      7.736      81.22     -0.658      -0.19      84325   3513.511    34.3843    27.2468    1483.28    936.000 0.0000e+00
    942.299     4.4744   3.287321          1    34.3829      0.031     2.3180      7.713      98.83     -0.873      -0.18      84351   3514.570    34.3836    27.2455    1483.29    935.000 0.0000e+00
    941.289     4.4769   3.287489          1    34.3828      0.031     2.3024      7.929      98.71     -1.011      -0.11      84373   3515.521    34.3835    27.2451    1483.29    934.000 0.0000e+00
    940.279     4.4783   3.287550          1    34.3827      0.032     2.3082      7.890      98.71     -1.085      -0.05      84396   3516.438    34.3833    27.2448    1483.28    933.000 0.0000e+00
    939.269     4.4797   3.287620          1    34.3825      0.032     2.3128      7.887      98.71     -1.065       0.10      84420   3517.447    34.3832    27.2445    1483.27    932.000 0.0000e+00
    938.259     4.4757   3.287245          1    34.3830      0.031     2.3172      7.902      98.71     -0.611       0.28      84463   3519.234    34.3834    27.2452    1483.23    931.000 0.0000e+00
    937.249     4.4761   3.287224          1    34.3830      0.034     2.3160      7.914      98.71     -0.511      -0.31      84507   3521.073    34.3833    27.2450    1483.22    930.000 0.0000e+00
    936.239     4.4816   3.287650          1    34.3826      0.031     2.3138      7.871      98.65     -0.838      -0.22      84533   3522.157    34.3830    27.2442    1483.22    929.000 0.0000e+00
    935.229     4.4837   3.287774          1    34.3824      0.052     2.3134      7.868      38.42     -0.973      -0.06      84557   3523.174    34.3828    27.2438    1483.22    928.000 0.0000e+00
    934.219     4.4855   3.287864          1    34.3821      0.034     2.3115      7.895      98.57     -0.980       0.03      84582   3524.227    34.3825    27.2434    1483.20    927.000 0.0000e+00
    933.209     4.4882   3.288056          1    34.3821      0.030     2.2995      7.948      98.71     -0.929       0.04      84609   3525.339    34.3825    27.2431    1483.20    926.000 0.0000e+00
    932.199     4.4910   3.288237          1    34.3818      0.031     2.3093      7.898      98.71     -0.855       0.08      84639   3526.571    34.3822    27.2425    1483.19    925.000 0.0000e+00
    931.189     4.4918   3.288262          1    34.3818      0.033     2.3142      7.886      98.71     -0.727       0.09      84673   3528.003    34.3821    27.2424    1483.18    924.000 0.0000e+00
    930.179     4.4915   3.288182          1    34.3817      0.031     2.3144      7.880      98.71     -0.661      -0.00      84710   3529.522    34.3820    27.2424    1483.16    923.000 0.0000e+00
    929.169     4.4934   3.288305          1    34.3818      0.031     2.3218      7.828      98.71     -0.723      -0.09      84741   3530.852    34.3821    27.2422    1483.15    922.000 0.0000e+00
    928.159     4.4980   3.288637          1    34.3814      0.031     2.3187      7.835      98.71     -0.857      -0.12      84768   3531.966    34.3817    27.2414    1483.16    921.000 0.0000e+00
    927.149     4.5008   3.288826          1    34.3811      0.039     2.3188      7.830      62.00     -0.954      -0.05      84793   3533.013    34.3815    27.2409    1483.15    920.000 0.0000e+00
    926.139     4.5028   3.288950          1    34.3810      0.035     2.3207      7.857      82.58     -0.887       0.13      84823   3534.234    34.3814    27.2406    1483.14    919.000 0.0000e+00
    925.129     4.5012   3.288774          1    34.3812      0.032     2.3198      7.778      99.14     -0.694       0.06      84857   3535.684    34.3815    27.2409    1483.12    918.000 0.0000e+00
    924.119     4.5036   3.288922          1    34.3809      0.031     2.3197      7.738      98.71     -0.789      -0.19      84885   3536.848    34.3812    27.2404    1483.11    917.000 0.0000e+00
    923.109     4.5046   3.288960          1    34.3809      0.035     2.3178      7.735      84.63     -0.954      -0.09      84910   3537.877    34.3811    27.2402    1483.10    916.000 0.0000e+00
    922.099     4.5041   3.288884          1    34.3810      0.034     2.3202      7.732      94.60     -0.839       0.20      84942   3539.212    34.3812    27.2403    1483.08    915.000 0.0000e+00
    921.089     4.5028   3.288725          1    34.3811      0.034     2.3220      7.728      87.97     -0.474       0.03      84989   3541.168    34.3813    27.2405    1483.06    914.000 0.0000e+00
    920.079     4.5053   3.288908          1    34.3812      0.031     2.3257      7.725      98.93     -0.681      -0.25      85021   3542.510    34.3813    27.2402    1483.05    913.000 0.0000e+00
    919.069     4.5093   3.289169          1    34.3805      0.030     2.3218      7.727      98.71     -0.919      -0.23      85045   3543.486    34.3808    27.2394    1483.05    912.000 0.0000e+00
    918.059     4.5115   3.289344          1    34.3808      0.037     2.3124      7.724      82.94     -1.090      -0.15      85066   3544.356    34.3810    27.2394    1483.04    911.000 0.0000e+00
    917.049     4.5132   3.289451          1    34.3807      0.043     2.3157      7.724      72.44     -1.163      -0.02      85087   3545.236    34.3810    27.2391    1483.03    910.000 0.0000e+00
    916.039     4.5123   3.289336          1    34.3808      0.031     2.3226      7.721      97.09     -1.031       0.22      85113   3546.345    34.3810    27.2393    1483.01    909.000 0.0000e+00
    915.029     4.5115   3.289214          1    34.3808      0.031     2.3199      7.717      98.71     -0.388       0.16      85170   3548.689    34.3810    27.2393    1482.99    908.000 0.0000e+00
    914.019     4.5114   3.289169          1    34.3810      0.032     2.3164      7.717      98.71     -0.520      -0.22      85218   3550.703    34.3811    27.2394    1482.98    907.000 0.0000e+00
    913.009     4.5433   3.292100          1    34.3817      0.032     2.3214      7.789      98.71     -0.792      -0.28      85244   3551.777    34.3828    27.2373    1483.09    906.000 0.0000e+00
    911.999     4.5733   3.294636          1    34.3801      0.032     2.3148      7.774      96.02     -1.043      -0.29      85264   3552.614    34.3818    27.2332    1483.20    905.000 0.0000e+00
    910.989     4.5846   3.295652          1    34.3805      0.044     2.3182      7.757      66.84     -1.228      -0.17      85282   3553.394    34.3824    27.2325    1483.23    904.000 0.0000e+00
    909.979     4.5965   3.296690          1    34.3806      0.031     2.3279      7.736      98.44     -1.287       0.02      85302   3554.202    34.3827    27.2314    1483.26    903.000 0.0000e+00
    908.969     4.5876   3.295766          1    34.3801      0.031     2.3445      7.716      96.54     -1.102       0.28      85328   3555.284    34.3817    27.2315    1483.21    902.000 0.0000e+00
    907.959     4.5777   3.294882          1    34.3813      0.033     2.3578      7.818      91.88     -0.408       0.15      85379   3557.423    34.3822    27.2330    1483.15    901.000 0.0000e+00
    906.949     4.5866   3.295639          1    34.3813      0.032     2.3483      7.820      98.74     -0.615      -0.19      85418   3559.051    34.3823    27.2321    1483.17    900.000 0.0000e+00
    905.940     4.6280   3.299310          1    34.3809      0.032     2.3467      7.784      98.71     -0.726      -0.01      85452   3560.440    34.3828    27.2279    1483.32    899.000 0.0000e+00
    904.930     4.6330   3.299694          1    34.3807      0.032     2.3495      7.812      98.71     -0.751      -0.05      85483   3561.734    34.3825    27.2272    1483.33    898.000 0.0000e+00
    903.920     4.6415   3.300319          1    34.3798      0.031     2.3579      7.795      98.71     -0.890      -0.20      85507   3562.755    34.3815    27.2255    1483.35    897.000 0.0000e+00
    902.910     4.6532   3.301238          1    34.3788      0.031     2.3738      7.773      98.71     -1.050      -0.13      85529   3563.679    34.3806    27.2234    1483.38    896.000 0.0000e+00
    901.900     4.6734   3.302853          1    34.3769      0.046     2.3714      7.750      45.90     -1.042       0.11      85554   3564.723    34.3791    27.2199    1483.44    895.000 0.0000e+00
    900.890     4.6932   3.304495          1    34.3758      0.032     2.3732      7.724      99.41     -0.809       0.16      85586   3566.037    34.3781    27.2170    1483.50    894.000 0.0000e+00
    899.880     4.6836   3.303764          1    34.3784      0.035     2.3807      7.737      98.71     -0.797      -0.11      85615   3567.236    34.3801    27.2196    1483.45    893.000 0.0000e+00
    898.870     4.7209   3.306830          1    34.3753      0.038     2.3827      7.716      77.36     -0.868       0.03      85643   3568.434    34.3777    27.2136    1483.58    892.000 0.0000e+00
    897.861     4.6700   3.302425          1    34.3789      0.031     2.3934      7.716      99.54     -0.513       0.18      85691   3570.401    34.3796    27.2207    1483.36    891.000 0.0000e+00
    896.851     4.6929   3.304423          1    34.3787      0.044     2.3953      7.712      80.80     -0.553      -0.31      85731   3572.101    34.3797    27.2183    1483.44    890.000 0.0000e+00
    895.841     4.7545   3.309539          1    34.3737      0.031     2.3785      7.709      98.65     -0.888      -0.35      85754   3573.036    34.3761    27.2085    1483.67    889.000 0.0000e+00
    894.831     4.7745   3.311171          1    34.3717      0.031     2.3706      7.709      98.71     -1.139      -0.28      85773   3573.824    34.3748    27.2053    1483.73    888.000 0.0000e+00
    893.821     4.7815   3.311725          1    34.3716      0.030     2.3716      7.709      98.71     -1.291      -0.11      85791   3574.584    34.3746    27.2043    1483.74    887.000 0.0000e+00
    892.811     4.7839   3.311864          1    34.3717      0.031     2.3911      7.709      98.71     -1.270       0.15      85812   3575.464    34.3742    27.2037    1483.74    886.000 0.0000e+00
    891.801     4.7698   3.310637          1    34.3732      0.035     2.4149      7.706      92.50     -0.700       0.31      85854   3577.210    34.3750    27.2060    1483.66    885.000 0.0000e+00
    890.792     4.7704   3.310634          1    34.3738      0.033     2.4146      7.701      99.72     -0.256      -0.20      85924   3580.121    34.3749    27.2058    1483.65    884.000 0.0000e+00
    889.782     4.7840   3.311738          1    34.3729      0.033     2.4055      7.700      98.71     -0.690      -0.42      85951   3581.237    34.3741    27.2036    1483.69    883.000 0.0000e+00
    888.772     4.8175   3.314429          1    34.3694      0.039     2.4032      7.701      80.46     -1.028      -0.41      85970   3582.024    34.3714    27.1977    1483.80    882.000 0.0000e+00
    887.762     4.8326   3.315565          1    34.3671      0.035     2.4021      7.700      85.42     -1.291      -0.35      85986   3582.696    34.3695    27.1944    1483.85    881.000 0.0000e+00
    886.752     4.8379   3.315979          1    34.3669      0.031     2.4000      7.700      98.67     -1.478      -0.23      86001   3583.332    34.3693    27.1937    1483.85    880.000 0.0000e+00
    885.742     4.8396   3.316077          1    34.3670      0.030     2.4096      7.700      98.71     -1.556      -0.01      86017   3584.012    34.3692    27.1935    1483.84    879.000 0.0000e+00
    884.733     4.8360   3.315738          1    34.3678      0.035     2.4229      7.699      88.64     -0.841       0.31      86059   3585.761    34.3695    27.1941    1483.81    878.000 0.0000e+00
    883.723     4.8354   3.315611          1    34.3682      0.040     2.4186      7.695      84.00     -0.105      -0.45      86152   3589.641    34.3691    27.1939    1483.79    877.000 0.0000e+00
    882.713     4.8342   3.315470          1    34.3684      0.043     2.4218      7.698      60.91     -0.748      -0.59      86167   3590.265    34.3692    27.1941    1483.77    876.000 0.0000e+00
    881.703     4.8376   3.315717          1    34.3683      0.047     2.4289      7.699      40.97     -1.140      -0.49      86184   3590.956    34.3691    27.1936    1483.77    875.000 0.0000e+00
    880.694     4.8410   3.315928          1    34.3676      0.030     2.4299      7.699      97.52     -1.419      -0.44      86198   3591.550    34.3685    27.1927    1483.76    874.000 0.0000e+00
    879.684     4.8424   3.315997          1    34.3676      0.031     2.4275      7.696      98.71     -1.630      -0.29      86212   3592.117    34.3684    27.1925    1483.75    873.000 0.0000e+00
    878.674     4.8442   3.316101          1    34.3674      0.031     2.4250      7.695      98.71     -1.746      -0.09      86226   3592.706    34.3682    27.1922    1483.74    872.000 0.0000e+00
    877.664     4.8421   3.315868          1    34.3675      0.032     2.4237      7.694      98.71     -1.637       0.30      86244   3593.457    34.3682    27.1924    1483.72    871.000 0.0000e+00
    876.654     4.8413   3.315775          1    34.3680      0.036     2.4251      7.692      89.04     -0.132       0.20      86327   3596.900    34.3685    27.1927    1483.70    870.000 0.0000e+00
    875.645     4.8418   3.315750          1    34.3679      0.033     2.4249      7.691      98.83     -0.825      -0.51      86370   3598.726    34.3682    27.1924    1483.68    869.000 0.0000e+00
    874.635     4.8428   3.315779          1    34.3677      0.032     2.4218      7.690      98.71     -1.084      -0.12      86392   3599.615    34.3680    27.1921    1483.67    868.000 0.0000e+00
    873.625     4.8432   3.315779          1    34.3678      0.032     2.4264      7.690      98.71     -1.117       0.01      86414   3600.530    34.3680    27.1921    1483.66    867.000 0.0000e+00
    872.615     4.8449   3.315866          1    34.3676      0.037     2.4263      7.689      85.56     -1.090       0.03      86436   3601.468    34.3678    27.1917    1483.65    866.000 0.0000e+00
    871.606     4.8490   3.316146          1    34.3670      0.045     2.4299      7.688      65.16     -1.078      -0.00      86459   3602.403    34.3674    27.1910    1483.64    865.000 0.0000e+00
    870.596     4.8513   3.316275          1    34.3666      0.050     2.4328      7.688      54.08     -1.085       0.00      86481   3603.330    34.3670    27.1904    1483.63    864.000 0.0000e+00
    869.586     4.8533   3.316404          1    34.3665      0.032     2.4348      7.688      96.92     -1.063       0.06      86505   3604.323    34.3669    27.1901    1483.63    863.000 0.0000e+00
    868.577     4.8471   3.315871          1    34.3674      0.036     2.4302      7.687      87.82     -0.405       0.22      86564   3606.778    34.3676    27.1913    1483.59    862.000 0.0000e+00
    867.567     4.8480   3.315890          1    34.3674      0.032     2.4270      7.686      98.54     -0.439      -0.74      86626   3609.361    34.3674    27.1911    1483.57    861.000 0.0000e+00
