src/interpolation/Data/CTD/18w18h.cnv
* Sea-Bird SBE 9 Data File:
* FileName = E:\HOBAB2\w18.hex
* Software Version Seasave V 7.22.1
* Temperature SN = 5330
* Conductivity SN = 3693
* Number of Bytes Per Scan = 24
* Number of Voltage Words = 4
* Number of Scans Averaged by the Deck Unit = 1
* NMEA baud rate = 9600
# nquan = 18
# nvalues = 2709                        
# units = specified
# name 0 = prDM: Pressure, Digiquartz [db]
# name 1 = t090C: Temperature [ITS-90, deg C]
# name 2 = c0S/m: Conductivity [S/m]
# name 3 = pumps: Pump Status
# name 4 = sal00: Salinity, Practical [PSU]
# name 5 = seaTurbMtr: Turbidity, Seapoint [FTU]
# name 6 = sbeox0Mg/L: Oxygen, SBE 43 [mg/l]
# name 7 = ph: pH
# name 8 = altM: Altimeter [m]
# name 9 = dz/dtM: Descent Rate [m/s]
# name 10 = accM: Acceleration [m/s^2]
# name 11 = scan: Scan Count
# name 12 = timeS: Time, Elapsed [seconds]
# name 13 = sal00: Salinity, Practical [PSU]
# name 14 = sigma-t00: Density [sigma-t, kg/m^3 ]
# name 15 = svCM: Sound Velocity [Chen-Millero, m/s]
# name 16 = depSM: Depth [salt water, m], lat = 0
# name 17 = flag: flag
# span 0 =      1.005,   1384.165       
# span 1 =     3.8406,    24.1287       
# span 2 =   3.252851,   5.172791       
# span 3 =          1,          1       
# span 4 =    34.2344,    34.8054       
# span 5 =      0.025,      0.293       
# span 6 =     2.1667,     7.0220       
# span 7 =      7.532,      8.052       
# span 8 =      -0.36,     109.65       
# span 9 =     -1.746,      1.650       
# span 10 =      -0.89,       0.86      
# span 11 =      15738,     123164      
# span 12 =    655.698,   5131.787      
# span 13 =    34.2364,    34.8011      
# span 14 =    23.3537,    27.3497      
# span 15 =    1482.98,    1532.09      
# span 16 =      1.000,   1372.000      
# span 17 = 0.0000e+00, 0.0000e+00      
# interval = meters: 1                  
# start_time = Apr 20 2014 10:07:16 [System UTC, header]
# bad_flag = -9.990e-29
*END*
[from data line 2171]
    541.680    10.0276   3.768863          1    34.3183      0.034     4.4570      7.615      94.56     -0.657       0.21      98967   4123.587    34.3195    26.4159    1498.03    538.000 0.0000e+00
    540.672    10.0377   3.769880          1    34.3192      0.044     4.4475      7.615      65.81     -0.370      -0.17      99023   4125.910    34.3206    26.4150    1498.05    537.000 0.0000e+00
    539.664    10.1606   3.782154          1    34.3254      0.035     4.4341      7.615      99.86     -0.726      -0.39      99049   4127.006    34.3296    26.4010    1498.49    536.000 0.0000e+00
    538.656    10.1982   3.785722          1    34.3257      0.035     4.4437      7.615      98.71     -1.052      -0.43      99068   4127.775    34.3306    26.3954    1498.61    535.000 0.0000e+00
    537.647    10.2090   3.786694          1    34.3261      0.072     4.4530      7.615      98.71     -1.313      -0.33      99084   4128.453    34.3308    26.3936    1498.63    534.000 0.0000e+00
    536.639    10.2143   3.787191          1    34.3268      0.031     4.4491      7.615      98.71     -1.464      -0.12      99100   4129.135    34.3312    26.3931    1498.63    533.000 0.0000e+00
    535.631    10.2142   3.787092          1    34.3269      0.032     4.4414      7.615      98.71     -1.424       0.17      99119   4129.934    34.3307    26.3927    1498.62    532.000 0.0000e+00
    534.623    10.1915   3.784854          1    34.3275      0.034     4.4420      7.614      93.20     -0.576       0.35      99167   4131.924    34.3300    26.3960    1498.52    531.000 0.0000e+00
    533.615    10.1948   3.785116          1    34.3280      0.034     4.4423      7.614      98.90     -0.479      -0.36      99219   4134.072    34.3299    26.3954    1498.51    530.000 0.0000e+00
    532.607    10.2016   3.785101          1    34.3226      0.033     4.4471      7.614      98.71     -0.842      -0.23      99244   4135.132    34.3238    26.3895    1498.51    529.000 0.0000e+00
    531.599    10.1630   3.779874          1    34.3083      0.043     4.4471      7.614      74.07     -0.980      -0.07      99268   4136.135    34.3078    26.3836    1498.34    528.000 0.0000e+00
    530.591    10.1368   3.776306          1    34.2973      0.037     4.4566      7.614      84.04     -1.014      -0.03      99292   4137.105    34.2967    26.3794    1498.21    527.000 0.0000e+00
    529.582    10.1456   3.776488          1    34.2909      0.030     4.4997      7.613      98.77     -1.089      -0.13      99312   4137.962    34.2907    26.3733    1498.22    526.000 0.0000e+00
    528.574    10.1801   3.779540          1    34.2888      0.030     4.5612      7.614      98.71     -1.197      -0.11      99332   4138.779    34.2895    26.3664    1498.33    525.000 0.0000e+00
    527.566    10.2179   3.783024          1    34.2877      0.031     4.6388      7.614      98.71     -1.201       0.09      99353   4139.679    34.2897    26.3600    1498.45    524.000 0.0000e+00
    526.558    10.1760   3.779577          1    34.2942      0.036     4.7292      7.614      72.38     -0.769       0.32      99390   4141.219    34.2946    26.3711    1498.29    523.000 0.0000e+00
    525.550    10.1945   3.781025          1    34.2915      0.030     4.7071      7.612     100.01     -0.425      -0.12      99442   4143.362    34.2924    26.3662    1498.33    522.000 0.0000e+00
    524.542    10.3257   3.793755          1    34.2937      0.029     4.6682      7.613      98.71     -0.687      -0.20      99474   4144.711    34.2979    26.3479    1498.79    521.000 0.0000e+00
    523.534    10.3995   3.800950          1    34.2960      0.028     4.7005      7.613      98.71     -0.887      -0.17      99499   4145.748    34.3015    26.3379    1499.04    520.000 0.0000e+00
    522.526    10.4665   3.808039          1    34.3033      0.030     4.7300      7.612      98.71     -1.025      -0.11      99521   4146.686    34.3103    26.3330    1499.28    519.000 0.0000e+00
    521.518    10.5858   3.820184          1    34.3115      0.034     4.7521      7.611      86.92     -1.087      -0.04      99544   4147.604    34.3209    26.3203    1499.70    518.000 0.0000e+00
    520.510    10.6206   3.823353          1    34.3121      0.032     4.7795      7.611      92.58     -1.093       0.01      99566   4148.538    34.3205    26.3139    1499.80    517.000 0.0000e+00
    519.502    10.6220   3.822924          1    34.3077      0.030     4.7717      7.611      98.66     -1.060       0.05      99589   4149.514    34.3153    26.3096    1499.78    516.000 0.0000e+00
    518.494    10.6357   3.823914          1    34.3062      0.030     4.7522      7.611      98.71     -0.960       0.14      99617   4150.647    34.3129    26.3053    1499.81    515.000 0.0000e+00
    517.486    10.5391   3.814805          1    34.3091      0.035     4.8265      7.611      79.94     -0.618       0.19      99658   4152.372    34.3124    26.3219    1499.45    514.000 0.0000e+00
    516.478    10.6492   3.825154          1    34.3087      0.032     4.7812      7.610      99.55     -0.510      -0.14      99703   4154.245    34.3135    26.3034    1499.83    513.000 0.0000e+00
    515.470    10.7231   3.832264          1    34.3096      0.029     4.7304      7.610      98.71     -0.760      -0.29      99730   4155.385    34.3159    26.2922    1500.08    512.000 0.0000e+00
    514.462    10.7513   3.834796          1    34.3090      0.052     4.7713      7.609      31.58     -1.021      -0.29      99751   4156.233    34.3153    26.2868    1500.16    511.000 0.0000e+00
    513.454    10.7592   3.835601          1    34.3104      0.030     4.8192      7.609      92.76     -1.212      -0.18      99769   4157.019    34.3164    26.2862    1500.17    510.000 0.0000e+00
    512.446    10.7722   3.836949          1    34.3125      0.028     4.8745      7.609      98.57     -1.244       0.08      99790   4157.887    34.3182    26.2853    1500.20    509.000 0.0000e+00
    511.438    10.7554   3.835235          1    34.3132      0.028     4.9267      7.609      98.71     -0.922       0.32      99821   4159.171    34.3172    26.2875    1500.13    508.000 0.0000e+00
    510.430    10.7563   3.835297          1    34.3141      0.037     4.9032      7.608      78.42     -0.581       0.01      99861   4160.844    34.3174    26.2875    1500.11    507.000 0.0000e+00
    509.422    10.8670   3.846229          1    34.3175      0.029     4.8367      7.609      99.14     -0.702      -0.11      99894   4162.218    34.3234    26.2725    1500.49    506.000 0.0000e+00
    508.414    10.9656   3.855993          1    34.3217      0.030     4.8723      7.607      98.71     -0.806      -0.07      99923   4163.434    34.3291    26.2592    1500.83    505.000 0.0000e+00
    507.406    10.9816   3.857503          1    34.3230      0.032     4.9038      7.607      98.71     -0.874      -0.06      99950   4164.547    34.3296    26.2568    1500.87    504.000 0.0000e+00
    506.398    10.9908   3.858383          1    34.3242      0.033     4.9292      7.607      98.71     -0.954      -0.10      99974   4165.555    34.3302    26.2556    1500.89    503.000 0.0000e+00
    505.390    11.0100   3.860382          1    34.3268      0.030     4.9352      7.606      98.71     -1.045      -0.09      99996   4166.478    34.3326    26.2540    1500.94    502.000 0.0000e+00
    504.382    11.0317   3.862626          1    34.3294      0.041     4.9308      7.606      66.33     -1.082       0.03     100020   4167.442    34.3352    26.2521    1501.00    501.000 0.0000e+00
    503.374    11.0268   3.862110          1    34.3306      0.033     4.9292      7.605      92.84     -0.875       0.23     100051   4168.750    34.3350    26.2528    1500.97    500.000 0.0000e+00
    502.366    11.0662   3.866259          1    34.3351      0.032     4.8880      7.604      93.39     -0.427       0.05     100101   4170.846    34.3399    26.2495    1501.10    499.000 0.0000e+00
    501.358    11.2455   3.885784          1    34.3577      0.046     4.8988      7.604      51.06     -0.642      -0.25     100136   4172.283    34.3667    26.2378    1501.74    498.000 0.0000e+00
    500.350    11.4607   3.907835          1    34.3718      0.030     4.8753      7.603      99.46     -0.902      -0.27     100159   4173.245    34.3849    26.2124    1502.49    497.000 0.0000e+00
    499.342    11.5071   3.912469          1    34.3751      0.031     4.8371      7.603      98.71     -1.118      -0.24     100178   4174.055    34.3878    26.2061    1502.64    496.000 0.0000e+00
    498.334    11.5474   3.916314          1    34.3764      0.031     4.7950      7.603      98.47     -1.265      -0.18     100196   4174.795    34.3887    26.1993    1502.77    495.000 0.0000e+00
    497.326    11.5715   3.918538          1    34.3770      0.050     4.7385      7.602      53.99     -1.358      -0.07     100214   4175.532    34.3887    26.1948    1502.83    494.000 0.0000e+00
    496.318    11.5796   3.919193          1    34.3775      0.033     4.7007      7.603      96.62     -1.321       0.16     100234   4176.374    34.3880    26.1928    1502.84    493.000 0.0000e+00
    495.310    11.5396   3.915142          1    34.3784      0.033     4.7631      7.602      92.63     -0.626       0.31     100280   4178.300    34.3857    26.1985    1502.69    492.000 0.0000e+00
    494.302    11.5544   3.916564          1    34.3811      0.029     4.7777      7.601      99.14     -0.376      -0.27     100342   4180.856    34.3864    26.1962    1502.72    491.000 0.0000e+00
    493.294    11.5849   3.919137          1    34.3785      0.030     4.7801      7.601      98.71     -0.755      -0.33     100368   4181.954    34.3838    26.1886    1502.81    490.000 0.0000e+00
    492.286    11.5941   3.919905          1    34.3784      0.036     4.8007      7.602      83.08     -1.019      -0.29     100389   4182.820    34.3833    26.1864    1502.82    489.000 0.0000e+00
    491.278    11.6044   3.920783          1    34.3782      0.046     4.8087      7.602      66.29     -1.181      -0.09     100409   4183.646    34.3828    26.1842    1502.84    488.000 0.0000e+00
    490.270    11.6255   3.922756          1    34.3784      0.031     4.8158      7.601      98.86     -1.216      -0.00     100429   4184.483    34.3831    26.1804    1502.90    487.000 0.0000e+00
    489.263    11.6525   3.925376          1    34.3793      0.030     4.8268      7.601      98.37     -1.190       0.05     100450   4185.357    34.3842    26.1762    1502.97    486.000 0.0000e+00
    488.255    11.6701   3.927075          1    34.3803      0.030     4.8407      7.600      98.71     -1.080       0.16     100474   4186.376    34.3850    26.1736    1503.02    485.000 0.0000e+00
    487.247    11.6796   3.927986          1    34.3814      0.029     4.8481      7.600      98.71     -0.849       0.16     100505   4187.658    34.3855    26.1722    1503.04    484.000 0.0000e+00
    486.239    11.6791   3.927949          1    34.3828      0.035     4.8564      7.599      87.40     -0.661       0.10     100543   4189.243    34.3861    26.1727    1503.02    483.000 0.0000e+00
    485.231    11.6745   3.927343          1    34.3825      0.031     4.8569      7.600      99.27     -0.496       0.03     100590   4191.213    34.3848    26.1726    1502.99    482.000 0.0000e+00
    484.223    11.7075   3.930752          1    34.3852      0.031     4.8376      7.600      98.71     -0.632      -0.23     100625   4192.668    34.3881    26.1690    1503.09    481.000 0.0000e+00
    483.215    11.7547   3.935380          1    34.3865      0.050     4.8219      7.599      52.29     -0.903      -0.29     100648   4193.624    34.3902    26.1618    1503.23    480.000 0.0000e+00
    482.207    11.7784   3.937716          1    34.3876      0.031     4.8323      7.599      96.32     -1.110      -0.18     100668   4194.472    34.3915    26.1583    1503.30    479.000 0.0000e+00
    481.200    11.8278   3.942740          1    34.3906      0.047     4.8436      7.599      59.18     -1.191      -0.03     100689   4195.319    34.3954    26.1521    1503.46    478.000 0.0000e+00
    480.192    11.8410   3.943998          1    34.3914      0.034     4.8518      7.599      90.06     -1.164       0.07     100710   4196.224    34.3959    26.1500    1503.49    477.000 0.0000e+00
    479.184    11.8498   3.944880          1    34.3927      0.039     4.8749      7.599      70.96     -1.028       0.17     100736   4197.295    34.3968    26.1491    1503.50    476.000 0.0000e+00
    478.176    11.8601   3.945823          1    34.3934      0.036     4.8779      7.599      76.84     -0.776       0.16     100769   4198.680    34.3969    26.1472    1503.52    475.000 0.0000e+00
    477.168    11.8752   3.947284          1    34.3943      0.034     4.8703      7.598      97.19     -0.652       0.01     100806   4200.215    34.3977    26.1449    1503.56    474.000 0.0000e+00
    476.160    11.9414   3.954103          1    34.3991      0.029     4.8744      7.598      95.64     -0.714      -0.09     100839   4201.571    34.4035    26.1369    1503.78    473.000 0.0000e+00
    475.152    12.0615   3.966218          1    34.4040      0.040     4.8625      7.598      98.68     -0.819      -0.05     100868   4202.779    34.4111    26.1200    1504.18    472.000 0.0000e+00
    474.145    12.1255   3.972728          1    34.4086      0.030     4.8756      7.599      98.71     -0.790       0.06     100899   4204.094    34.4158    26.1114    1504.39    471.000 0.0000e+00
    473.137    12.1696   3.977102          1    34.4108      0.040     4.8868      7.599      74.20     -0.769      -0.07     100929   4205.346    34.4180    26.1047    1504.52    470.000 0.0000e+00
    472.129    12.2132   3.981524          1    34.4138      0.031     4.8994      7.598      98.67     -0.912      -0.19     100953   4206.353    34.4212    26.0987    1504.66    469.000 0.0000e+00
    471.121    12.2305   3.983186          1    34.4150      0.031     4.9064      7.598      98.71     -1.054      -0.10     100976   4207.272    34.4219    26.0959    1504.70    468.000 0.0000e+00
    470.113    12.2349   3.983575          1    34.4159      0.030     4.9149      7.598      98.71     -1.076       0.05     100999   4208.246    34.4220    26.0952    1504.70    467.000 0.0000e+00
    469.106    12.2046   3.980645          1    34.4176      0.044     4.9272      7.598      63.41     -0.896       0.20     101029   4209.503    34.4219    26.1010    1504.58    466.000 0.0000e+00
    468.098    12.2310   3.983123          1    34.4181      0.040     4.9196      7.597      74.63     -0.572       0.06     101070   4211.198    34.4221    26.0960    1504.65    465.000 0.0000e+00
    467.090    12.2572   3.985563          1    34.4180      0.031     4.9087      7.598      99.20     -0.730      -0.32     101098   4212.379    34.4221    26.0910    1504.73    464.000 0.0000e+00
    466.082    12.2784   3.987435          1    34.4170      0.046     4.9191      7.597      43.06     -1.020      -0.30     101119   4213.240    34.4211    26.0861    1504.78    463.000 0.0000e+00
    465.074    12.2799   3.987539          1    34.4175      0.039     4.9245      7.597      75.46     -1.154      -0.00     101140   4214.146    34.4211    26.0859    1504.77    462.000 0.0000e+00
    464.067    12.2650   3.986014          1    34.4178      0.032     4.9309      7.597      97.48     -0.878       0.29     101172   4215.472    34.4205    26.0882    1504.70    461.000 0.0000e+00
    463.059    12.2682   3.986285          1    34.4184      0.032     4.9478      7.597      95.35     -0.544       0.02     101215   4217.254    34.4206    26.0877    1504.70    460.000 0.0000e+00
    462.051    12.2813   3.987461          1    34.4182      0.030     4.9345      7.597      98.76     -0.661      -0.15     101250   4218.691    34.4203    26.0850    1504.72    459.000 0.0000e+00
