src/interpolation/Data/CTD/18w18h.cnv
* Sea-Bird SBE 9 Data File:
* FileName = E:\HOBAB2\w18.hex
* Software Version Seasave V 7.22.1
* Temperature SN = 5330
* Conductivity SN = 3693
* Number of Bytes Per Scan = 24
* Number of Voltage Words = 4
* Number of Scans Averaged by the Deck Unit = 1
* NMEA baud rate = 9600
# nquan = 18
# nvalues = 2709                        
# units = specified
# name 0 = prDM: Pressure, Digiquartz [db]
# name 1 = t090C: Temperature [ITS-90, deg C]
# name 2 = c0S/m: Conductivity [S/m]
# name 3 = pumps: Pump Status
# name 4 = sal00: Salinity, Practical [PSU]
# name 5 = seaTurbMtr: Turbidity, Seapoint [FTU]
# name 6 = sbeox0Mg/L: Oxygen, SBE 43 [mg/l]
# name 7 = ph: pH
# name 8 = altM: Altimeter [m]
# name 9 = dz/dtM: Descent Rate [m/s]
# name 10 = accM: Acceleration [m/s^2]
# name 11 = scan: Scan Count
# name 12 = timeS: Time, Elapsed [seconds]
# name 13 = sal00: Salinity, Practical [PSU]
# name 14 = sigma-t00: Density [sigma-t, kg/m^3 ]
# name 15 = svCM: Sound Velocity [Chen-Millero, m/s]
# name 16 = depSM: Depth [salt water, m], lat = 0
# name 17 = flag: flag
# span 0 =      1.005,   1384.165       
# span 1 =     3.8406,    24.1287       
# span 2 =   3.252851,   5.172791       
# span 3 =          1,          1       
# span 4 =    34.2344,    34.8054       
# span 5 =      0.025,      0.293       
# span 6 =     2.1667,     7.0220       
# span 7 =      7.532,      8.052       
# span 8 =      -0.36,     109.65       
# span 9 =     -1.746,      1.650       
# span 10 =      -0.89,       0.86      
# span 11 =      15738,     123164      
# span 12 =    655.698,   5131.787      
# span 13 =    34.2364,    34.8011      
# span 14 =    23.3537,    27.3497      
# span 15 =    1482.98,    1532.09      
# span 16 =      1.000,   1372.000      
# span 17 = 0.0000e+00, 0.0000e+00      
# interval = meters: 1                  
# start_time = Apr 20 2014 10:07:16 [System UTC, header]
# bad_flag = -9.990e-29
*END*
[from data line 644]
    683.878     6.8297   3.477356          1    34.2801      0.044     3.2674      7.835      98.71      1.044      -0.07      35528   1480.309    34.2738    26.8700    1488.34    679.000 0.0000e+00
    684.887     6.8223   3.476689          1    34.2789      0.043     3.2358      7.858      98.71      0.932      -0.12      35556   1481.457    34.2734    26.8707    1488.32    680.000 0.0000e+00
    685.896     6.8127   3.475776          1    34.2771      0.049     3.2291      7.883      91.00      0.683      -0.17      35594   1483.037    34.2724    26.8712    1488.30    681.000 0.0000e+00
    686.904     6.7298   3.467578          1    34.2703      0.043     3.2333      7.859      95.21      0.545       0.09      35636   1484.789    34.2641    26.8758    1487.99    682.000 0.0000e+00
    687.913     6.6797   3.462695          1    34.2662      0.046     3.2399      7.920      98.72      0.754       0.17      35666   1486.025    34.2597    26.8791    1487.80    683.000 0.0000e+00
    688.922     6.6071   3.455351          1    34.2582      0.048     3.2316      7.927      95.31      0.876       0.03      35693   1487.169    34.2504    26.8815    1487.52    684.000 0.0000e+00
    689.931     6.5423   3.449173          1    34.2542      0.055     3.2032      7.945      69.68      0.833      -0.06      35723   1488.415    34.2462    26.8868    1487.28    685.000 0.0000e+00
    690.940     6.5273   3.447810          1    34.2529      0.036     3.1950      7.938      99.19      0.808       0.04      35752   1489.624    34.2456    26.8883    1487.24    686.000 0.0000e+00
    691.949     6.4875   3.443966          1    34.2496      0.038     3.1845      7.894      98.71      0.905       0.10      35777   1490.684    34.2423    26.8909    1487.09    687.000 0.0000e+00
    692.958     6.4737   3.442749          1    34.2487      0.043     3.1725      7.934      98.71      0.979       0.03      35802   1491.708    34.2421    26.8926    1487.05    688.000 0.0000e+00
    693.966     6.4662   3.442344          1    34.2503      0.037     3.1655      7.936      98.71      0.910      -0.12      35831   1492.896    34.2445    26.8955    1487.04    689.000 0.0000e+00
    694.975     6.4451   3.440511          1    34.2502      0.037     3.1526      7.951      98.70      0.731      -0.08      35864   1494.308    34.2448    26.8985    1486.98    690.000 0.0000e+00
    695.984     6.4294   3.439071          1    34.2489      0.038     3.1450      8.023      98.56      0.711       0.02      35898   1495.714    34.2440    26.8999    1486.93    691.000 0.0000e+00
    696.993     6.4201   3.438223          1    34.2476      0.037     3.1331      8.021      98.71      0.716      -0.02      35932   1497.139    34.2434    26.9007    1486.91    692.000 0.0000e+00
    698.002     6.4051   3.436950          1    34.2476      0.055     3.1233      7.999      65.68      0.695       0.03      35966   1498.558    34.2438    26.9030    1486.87    693.000 0.0000e+00
    699.011     6.4027   3.436873          1    34.2481      0.033     3.1254      7.986      99.29      0.810       0.16      35994   1499.708    34.2449    26.9041    1486.88    694.000 0.0000e+00
    700.020     6.4017   3.436870          1    34.2482      0.034     3.1289      7.977      98.71      0.968       0.14      36018   1500.688    34.2453    26.9046    1486.89    695.000 0.0000e+00
    701.029     6.4010   3.436885          1    34.2483      0.035     3.1259      7.977      98.71      1.023      -0.03      36042   1501.705    34.2458    26.9050    1486.90    696.000 0.0000e+00
    702.038     6.3717   3.434411          1    34.2499      0.036     3.1170      7.985      98.71      0.892      -0.15      36071   1502.917    34.2470    26.9098    1486.81    697.000 0.0000e+00
    703.047     6.3054   3.428176          1    34.2480      0.041     3.1237      7.983      84.23      0.731      -0.07      36105   1504.336    34.2435    26.9157    1486.56    698.000 0.0000e+00
    704.056     6.2446   3.422355          1    34.2440      0.041     3.1060      7.989      78.50      0.653      -0.03      36142   1505.891    34.2391    26.9201    1486.33    699.000 0.0000e+00
    705.064     6.2293   3.421305          1    34.2468      0.050     3.0838      7.968      46.05      0.693       0.12      36175   1507.265    34.2422    26.9246    1486.29    700.000 0.0000e+00
    706.073     6.2255   3.421081          1    34.2470      0.041     3.0652      7.939      64.95      0.868       0.16      36201   1508.337    34.2430    26.9257    1486.29    701.000 0.0000e+00
    707.082     6.2384   3.422662          1    34.2501      0.033     3.0425      7.913      98.52      0.992       0.08      36225   1509.328    34.2472    26.9274    1486.36    702.000 0.0000e+00
    708.091     6.2153   3.420860          1    34.2531      0.034     3.0304      7.969      98.42      0.988      -0.06      36250   1510.390    34.2497    26.9323    1486.29    703.000 0.0000e+00
    709.100     6.1920   3.418668          1    34.2517      0.033     3.0336      7.950      98.58      0.857      -0.13      36280   1511.643    34.2481    26.9340    1486.22    704.000 0.0000e+00
    710.109     6.1719   3.416715          1    34.2495      0.033     3.0299      7.924      98.71      0.666      -0.10      36318   1513.196    34.2461    26.9350    1486.15    705.000 0.0000e+00
    711.118     6.1476   3.414406          1    34.2475      0.040     3.0208      7.918      83.54      0.655       0.09      36353   1514.667    34.2441    26.9366    1486.07    706.000 0.0000e+00
    712.127     6.1275   3.412671          1    34.2478      0.054     3.0123      8.045      33.07      0.820       0.18      36380   1515.794    34.2444    26.9394    1486.00    707.000 0.0000e+00
    713.136     6.1041   3.410624          1    34.2481      0.034     3.0102      7.974      96.80      0.970       0.09      36404   1516.803    34.2445    26.9425    1485.93    708.000 0.0000e+00
    714.145     6.0199   3.403319          1    34.2520      0.038     3.0057      7.892      81.39      0.810      -0.24      36438   1518.204    34.2468    26.9549    1485.61    709.000 0.0000e+00
    715.154     5.9695   3.398682          1    34.2506      0.037     2.9719      7.922      81.33      0.504       0.12      36480   1519.970    34.2450    26.9599    1485.43    710.000 0.0000e+00
    716.163     5.9234   3.394343          1    34.2483      0.031     2.9419      7.884      98.95      0.806       0.35      36505   1521.015    34.2422    26.9635    1485.26    711.000 0.0000e+00
    717.172     5.9099   3.393103          1    34.2472      0.031     2.9134      7.884      98.71      1.068       0.26      36526   1521.858    34.2414    26.9645    1485.22    712.000 0.0000e+00
    718.181     5.9090   3.393065          1    34.2464      0.037     2.8957      8.009      82.79      1.193       0.03      36546   1522.722    34.2413    26.9646    1485.23    713.000 0.0000e+00
    719.190     5.9073   3.392954          1    34.2456      0.041     2.8663      7.895      70.14      0.904      -0.32      36578   1524.046    34.2413    26.9648    1485.24    714.000 0.0000e+00
    720.199     5.9053   3.392823          1    34.2448      0.030     2.8640      7.857      97.25      0.518       0.02      36622   1525.888    34.2414    26.9651    1485.25    715.000 0.0000e+00
    721.208     5.9023   3.392609          1    34.2442      0.030     2.8717      7.906      98.25      0.650       0.08      36659   1527.399    34.2414    26.9655    1485.26    716.000 0.0000e+00
    722.217     5.9002   3.392454          1    34.2437      0.031     2.8797      7.850      98.72      0.729       0.03      36691   1528.768    34.2413    26.9657    1485.26    717.000 0.0000e+00
    723.226     5.8892   3.391457          1    34.2430      0.040     2.8827      7.851      74.44      0.774       0.09      36721   1530.012    34.2407    26.9666    1485.23    718.000 0.0000e+00
    724.235     5.8793   3.390570          1    34.2425      0.042     2.8855      7.845      56.07      0.911       0.17      36746   1531.026    34.2403    26.9675    1485.21    719.000 0.0000e+00
    725.244     5.8772   3.390413          1    34.2421      0.030     2.8818      7.846      97.84      1.063       0.15      36767   1531.908    34.2401    26.9676    1485.22    720.000 0.0000e+00
    726.253     5.8562   3.388471          1    34.2414      0.031     2.8774      7.846      98.69      1.148       0.02      36788   1532.801    34.2389    26.9693    1485.15    721.000 0.0000e+00
    727.262     5.8380   3.386788          1    34.2403      0.031     2.8692      7.838      98.71      0.842      -0.30      36822   1534.227    34.2378    26.9706    1485.09    722.000 0.0000e+00
    728.271     5.8286   3.385959          1    34.2394      0.032     2.8529      7.844      86.15      0.299       0.10      36882   1536.722    34.2374    26.9716    1485.07    723.000 0.0000e+00
    729.280     5.8220   3.385437          1    34.2395      0.031     2.8507      7.845      98.90      0.662       0.28      36915   1538.068    34.2378    26.9727    1485.06    724.000 0.0000e+00
    730.289     5.8087   3.384246          1    34.2392      0.030     2.8488      7.858      98.71      0.905       0.20      36939   1539.085    34.2372    26.9738    1485.02    725.000 0.0000e+00
    731.299     5.7941   3.382944          1    34.2388      0.049     2.8462      7.829      38.26      1.038       0.09      36961   1540.018    34.2368    26.9753    1484.98    726.000 0.0000e+00
    732.308     5.7782   3.381558          1    34.2389      0.042     2.8420      7.828      49.59      1.094       0.03      36983   1540.928    34.2367    26.9772    1484.94    727.000 0.0000e+00
    733.317     5.7336   3.377588          1    34.2398      0.030     2.8364      7.827      98.13      1.109      -0.00      37005   1541.843    34.2365    26.9826    1484.77    728.000 0.0000e+00
    734.326     5.6940   3.374093          1    34.2404      0.031     2.8411      7.828      91.99      1.064      -0.09      37029   1542.849    34.2364    26.9874    1484.63    729.000 0.0000e+00
    735.335     5.6807   3.373241          1    34.2431      0.036     2.8022      7.851      68.76      0.612      -0.25      37074   1544.706    34.2398    26.9917    1484.60    730.000 0.0000e+00
    736.344     5.6506   3.371351          1    34.2513      0.027     2.7480      7.869      99.23      0.342       0.22      37137   1547.315    34.2483    27.0021    1484.51    731.000 0.0000e+00
    737.353     5.6483   3.371297          1    34.2523      0.028     2.7461      8.052      98.75      0.718       0.32      37164   1548.462    34.2495    27.0034    1484.52    732.000 0.0000e+00
    738.362     5.6476   3.371292          1    34.2521      0.028     2.7440      7.921      98.71      1.002       0.33      37185   1549.314    34.2497    27.0036    1484.53    733.000 0.0000e+00
    739.371     5.6467   3.371300          1    34.2523      0.026     2.7295      7.844      98.71      1.222       0.27      37202   1550.056    34.2502    27.0041    1484.54    734.000 0.0000e+00
    740.380     5.6480   3.371512          1    34.2527      0.028     2.7272      7.844      98.71      1.368       0.16      37219   1550.756    34.2507    27.0043    1484.57    735.000 0.0000e+00
    741.390     5.6481   3.371579          1    34.2527      0.038     2.7349      7.867      74.07      1.406      -0.06      37238   1551.525    34.2510    27.0045    1484.58    736.000 0.0000e+00
    742.399     5.6502   3.371805          1    34.2522      0.034     2.7366      7.839      76.74      0.640      -0.34      37284   1553.471    34.2509    27.0042    1484.61    737.000 0.0000e+00
    743.408     5.6483   3.371745          1    34.2525      0.031     2.7371      7.841      99.85      0.390       0.38      37345   1555.993    34.2517    27.0051    1484.62    738.000 0.0000e+00
    744.417     5.6398   3.371121          1    34.2537      0.030     2.7470      7.836      98.28      0.820       0.35      37369   1556.981    34.2527    27.0069    1484.60    739.000 0.0000e+00
    745.426     5.6165   3.369230          1    34.2558      0.033     2.7466      7.846      91.18      1.070       0.24      37389   1557.826    34.2543    27.0110    1484.53    740.000 0.0000e+00
    746.435     5.5711   3.365167          1    34.2565      0.031     2.7436      7.860      97.16      1.216       0.12      37408   1558.625    34.2538    27.0161    1484.36    741.000 0.0000e+00
    747.444     5.5336   3.361785          1    34.2565      0.043     2.7304      7.847      46.87      1.230      -0.07      37429   1559.500    34.2529    27.0200    1484.22    742.000 0.0000e+00
    748.453     5.5172   3.360354          1    34.2562      0.034     2.7091      7.840      86.11      0.902      -0.32      37461   1560.833    34.2528    27.0219    1484.18    743.000 0.0000e+00
    749.463     5.5068   3.359578          1    34.2566      0.025     2.6610      7.840      96.44      0.369       0.01      37515   1563.069    34.2540    27.0241    1484.15    744.000 0.0000e+00
    750.472     5.4952   3.359184          1    34.2630      0.026     2.6534      7.850      98.78      0.659       0.29      37547   1564.435    34.2607    27.0308    1484.13    745.000 0.0000e+00
    751.481     5.4890   3.358908          1    34.2658      0.032     2.6513      7.843      86.95      0.922       0.23      37571   1565.413    34.2635    27.0337    1484.12    746.000 0.0000e+00
    752.490     5.4874   3.359004          1    34.2677      0.043     2.6521      7.833      55.75      1.080       0.13      37592   1566.303    34.2657    27.0357    1484.14    747.000 0.0000e+00
    753.499     5.4838   3.358854          1    34.2691      0.025     2.6427      7.831      98.44      1.132       0.00      37614   1567.202    34.2671    27.0373    1484.14    748.000 0.0000e+00
    754.508     5.4789   3.358540          1    34.2698      0.030     2.6382      7.833      98.71      1.099      -0.06      37637   1568.154    34.2680    27.0386    1484.14    749.000 0.0000e+00
    755.518     5.4767   3.358433          1    34.2702      0.027     2.6426      7.831      98.71      0.945      -0.19      37665   1569.345    34.2685    27.0392    1484.15    750.000 0.0000e+00
    756.527     5.4759   3.358445          1    34.2702      0.028     2.6389      7.835      98.71      0.401      -0.14      37719   1571.595    34.2690    27.0397    1484.16    751.000 0.0000e+00
    757.536     5.4742   3.358447          1    34.2711      0.027     2.6373      7.841      98.25      0.569       0.35      37759   1573.264    34.2702    27.0408    1484.17    752.000 0.0000e+00
    758.545     5.4716   3.358307          1    34.2717      0.027     2.6286      7.832      98.72      0.915       0.37      37781   1574.183    34.2708    27.0416    1484.18    753.000 0.0000e+00
    759.554     5.4641   3.357761          1    34.2726      0.029     2.6352      7.832      98.71      1.159       0.25      37800   1574.964    34.2717    27.0432    1484.17    754.000 0.0000e+00
    760.564     5.4568   3.357411          1    34.2755      0.031     2.6429      7.833      98.71      1.283       0.06      37819   1575.751    34.2746    27.0464    1484.16    755.000 0.0000e+00
    761.573     5.4519   3.357310          1    34.2789      0.029     2.6309      7.840      98.71      1.212      -0.18      37841   1576.681    34.2779    27.0496    1484.16    756.000 0.0000e+00
    762.582     5.4493   3.357372          1    34.2817      0.031     2.6266      7.836      93.21      0.699      -0.31      37881   1578.339    34.2807    27.0522    1484.17    757.000 0.0000e+00
