src/interpolation/Data/CTD/18w18h.cnv
* Sea-Bird SBE 9 Data File:
* FileName = E:\HOBAB2\w18.hex
* Software Version Seasave V 7.22.1
* Temperature SN = 5330
* Conductivity SN = 3693
* Number of Bytes Per Scan = 24
* Number of Voltage Words = 4
* Number of Scans Averaged by the Deck Unit = 1
* NMEA baud rate = 9600
# nquan = 18
# nvalues = 2709                        
# units = specified
# name 0 = prDM: Pressure, Digiquartz [db]
# name 1 = t090C: Temperature [ITS-90, deg C]
# name 2 = c0S/m: Conductivity [S/m]
# name 3 = pumps: Pump Status
# name 4 = sal00: Salinity, Practical [PSU]
# name 5 = seaTurbMtr: Turbidity, Seapoint [FTU]
# name 6 = sbeox0Mg/L: Oxygen, SBE 43 [mg/l]
# name 7 = ph: pH
# name 8 = altM: Altimeter [m]
# name 9 = dz/dtM: Descent Rate [m/s]
# name 10 = accM: Acceleration [m/s^2]
# name 11 = scan: Scan Count
# name 12 = timeS: Time, Elapsed [seconds]
# name 13 = sal00: Salinity, Practical [PSU]
# name 14 = sigma-t00: Density [sigma-t, kg/m^3 ]
# name 15 = svCM: Sound Velocity [Chen-Millero, m/s]
# name 16 = depSM: Depth [salt water, m], lat = 0
# name 17 = flag: flag
# span 0 =      1.005,   1384.165       
# span 1 =     3.8406,    24.1287       
# span 2 =   3.252851,   5.172791       
# span 3 =          1,          1       
# span 4 =    34.2344,    34.8054       
# span 5 =      0.025,      0.293       
# span 6 =     2.1667,     7.0220       
# span 7 =      7.532,      8.052       
# span 8 =      -0.36,     109.65       
# span 9 =     -1.746,      1.650       
# span 10 =      -0.89,       0.86      
# span 11 =      15738,     123164      
# span 12 =    655.698,   5131.787      
# span 13 =    34.2364,    34.8011      
# span 14 =    23.3537,    27.3497      
# span 15 =    1482.98,    1532.09      
# span 16 =      1.000,   1372.000      
# span 17 = 0.0000e+00, 0.0000e+00      
# interval = meters: 1                  
# start_time = Apr 20 2014 10:07:16 [System UTC, header]
# bad_flag = -9.990e-29
*END*
[from data line 1850]
    865.547     4.8569   3.316479          1    34.3659      0.031     2.4286      7.686      98.71     -1.353      -0.45      86657   3610.656    34.3661    27.1891    1483.57    859.000 0.0000e+00
    864.538     4.8605   3.316705          1    34.3652      0.032     2.4290      7.686      98.71     -1.566      -0.28      86671   3611.251    34.3655    27.1882    1483.57    858.000 0.0000e+00
    863.528     4.8606   3.316678          1    34.3652      0.031     2.4277      7.686      98.71     -1.657      -0.02      86686   3611.885    34.3656    27.1882    1483.55    857.000 0.0000e+00
    862.518     4.8586   3.316487          1    34.3656      0.033     2.4247      7.685      93.49     -1.490       0.35      86706   3612.726    34.3659    27.1887    1483.53    856.000 0.0000e+00
    861.508     4.8598   3.316538          1    34.3656      0.034     2.4363      7.684      94.58      0.069       0.16      86787   3616.078    34.3658    27.1885    1483.52    855.000 0.0000e+00
    860.499     4.8588   3.316409          1    34.3657      0.050     2.4350      7.683      53.47     -0.665      -0.55      86823   3617.571    34.3658    27.1886    1483.50    854.000 0.0000e+00
    859.489     4.8607   3.316510          1    34.3655      0.063     2.4328      7.683      39.24     -1.055      -0.37      86842   3618.361    34.3656    27.1882    1483.49    853.000 0.0000e+00
    858.479     4.8628   3.316611          1    34.3649      0.032     2.4312      7.683      99.57     -1.265      -0.22      86859   3619.093    34.3651    27.1876    1483.48    852.000 0.0000e+00
    857.470     4.8700   3.317099          1    34.3635      0.032     2.4321      7.683      98.71     -1.364      -0.03      86877   3619.849    34.3638    27.1857    1483.49    851.000 0.0000e+00
    856.460     4.8691   3.316993          1    34.3637      0.037     2.4364      7.683      89.98     -1.190       0.30      86902   3620.867    34.3640    27.1860    1483.47    850.000 0.0000e+00
    855.450     4.8660   3.316719          1    34.3644      0.039     2.4384      7.683      75.68     -0.368       0.19      86956   3623.114    34.3645    27.1867    1483.44    849.000 0.0000e+00
    854.441     4.8684   3.316864          1    34.3641      0.032     2.4376      7.682      99.30     -0.604      -0.39      86993   3624.651    34.3642    27.1862    1483.44    848.000 0.0000e+00
    853.431     4.8808   3.317716          1    34.3614      0.033     2.4363      7.681      98.71     -0.952      -0.36      87014   3625.526    34.3618    27.1829    1483.47    847.000 0.0000e+00
    852.422     4.8843   3.317933          1    34.3607      0.033     2.4331      7.682      98.71     -1.194      -0.29      87031   3626.271    34.3613    27.1821    1483.46    846.000 0.0000e+00
    851.412     4.8860   3.318010          1    34.3604      0.032     2.4338      7.682      98.71     -1.346      -0.11      87049   3627.005    34.3609    27.1816    1483.45    845.000 0.0000e+00
    850.402     4.8883   3.318130          1    34.3600      0.031     2.4347      7.682      98.71     -1.316       0.15      87070   3627.861    34.3605    27.1810    1483.45    844.000 0.0000e+00
    849.393     4.8831   3.317711          1    34.3611      0.035     2.4386      7.681      87.25     -0.743       0.39      87108   3629.443    34.3614    27.1823    1483.41    843.000 0.0000e+00
    848.383     4.8852   3.317817          1    34.3608      0.031     2.4369      7.682      98.78     -0.550      -0.28      87148   3631.128    34.3610    27.1818    1483.40    842.000 0.0000e+00
    847.373     4.8927   3.318334          1    34.3593      0.031     2.4260      7.683      98.71     -0.832      -0.14      87176   3632.271    34.3598    27.1799    1483.41    841.000 0.0000e+00
    846.364     4.8951   3.318464          1    34.3589      0.035     2.4352      7.707      98.71     -0.924      -0.04      87201   3633.347    34.3594    27.1794    1483.40    840.000 0.0000e+00
    845.354     4.8967   3.318532          1    34.3586      0.032     2.4431      7.761      98.71     -0.922       0.02      87228   3634.457    34.3590    27.1789    1483.40    839.000 0.0000e+00
    844.344     4.8980   3.318592          1    34.3584      0.039     2.4355      7.808      98.22     -0.920      -0.05      87253   3635.514    34.3588    27.1786    1483.38    838.000 0.0000e+00
    843.335     4.8983   3.318559          1    34.3583      0.032     2.4309      7.871      98.66     -1.024      -0.14      87275   3636.428    34.3587    27.1784    1483.37    837.000 0.0000e+00
    842.325     4.8997   3.318628          1    34.3582      0.032     2.4365      7.843      98.71     -1.109      -0.00      87298   3637.357    34.3585    27.1782    1483.36    836.000 0.0000e+00
    841.316     4.8973   3.318391          1    34.3585      0.033     2.4421      7.706      98.71     -0.929       0.23      87327   3638.589    34.3587    27.1786    1483.33    835.000 0.0000e+00
    840.306     4.8969   3.318317          1    34.3586      0.031     2.4389      7.697      98.71     -0.488       0.12      87375   3640.587    34.3588    27.1787    1483.31    834.000 0.0000e+00
    839.296     4.8967   3.318265          1    34.3589      0.033     2.4380      7.696      98.71     -0.567      -0.26      87415   3642.239    34.3589    27.1788    1483.29    833.000 0.0000e+00
    838.287     4.9040   3.318800          1    34.3578      0.031     2.4352      7.696      98.71     -0.876      -0.35      87437   3643.174    34.3581    27.1773    1483.31    832.000 0.0000e+00
    837.277     4.9062   3.318935          1    34.3575      0.033     2.4386      7.695      98.71     -1.137      -0.28      87456   3643.957    34.3578    27.1769    1483.30    831.000 0.0000e+00
    836.268     4.9077   3.319019          1    34.3575      0.032     2.4423      7.692      98.71     -1.296      -0.13      87474   3644.722    34.3578    27.1766    1483.29    830.000 0.0000e+00
    835.258     4.9086   3.319049          1    34.3574      0.030     2.4403      7.692      98.71     -1.233       0.21      87497   3645.656    34.3577    27.1765    1483.27    829.000 0.0000e+00
    834.249     4.9055   3.318755          1    34.3578      0.042     2.4460      7.691      75.44     -0.594       0.31      87540   3647.463    34.3580    27.1771    1483.25    828.000 0.0000e+00
    833.239     4.9066   3.318800          1    34.3577      0.048     2.4480      7.692      58.45     -0.556      -0.32      87581   3649.164    34.3579    27.1769    1483.23    827.000 0.0000e+00
    832.230     4.9123   3.319230          1    34.3573      0.033     2.4453      7.706      95.68     -0.866      -0.22      87606   3650.206    34.3576    27.1760    1483.24    826.000 0.0000e+00
    831.220     4.9145   3.319358          1    34.3569      0.033     2.4495      7.722      94.87     -1.032      -0.13      87628   3651.132    34.3573    27.1755    1483.23    825.000 0.0000e+00
    830.210     4.9175   3.319582          1    34.3569      0.031     2.4447      7.730      98.56     -1.049       0.09      87653   3652.167    34.3572    27.1751    1483.23    824.000 0.0000e+00
    829.201     4.9108   3.318966          1    34.3574      0.033     2.4431      7.707      98.71     -0.691       0.23      87691   3653.735    34.3575    27.1761    1483.18    823.000 0.0000e+00
    828.191     4.9185   3.319582          1    34.3569      0.031     2.4392      7.694      98.71     -0.635      -0.18      87726   3655.209    34.3572    27.1750    1483.20    822.000 0.0000e+00
    827.182     4.9286   3.320389          1    34.3562      0.030     2.4401      7.691      98.71     -0.870      -0.20      87751   3656.263    34.3567    27.1734    1483.22    821.000 0.0000e+00
    826.172     4.9324   3.320663          1    34.3559      0.030     2.4459      7.696      98.71     -0.995      -0.05      87775   3657.266    34.3564    27.1728    1483.22    820.000 0.0000e+00
    825.163     4.9342   3.320762          1    34.3557      0.031     2.4513      7.709      98.71     -0.976       0.07      87801   3658.343    34.3562    27.1724    1483.21    819.000 0.0000e+00
    824.153     4.9301   3.320378          1    34.3561      0.034     2.4535      7.693      98.71     -0.792       0.19      87835   3659.738    34.3565    27.1731    1483.18    818.000 0.0000e+00
    823.144     4.9323   3.320521          1    34.3561      0.031     2.4513      7.690      98.71     -0.569      -0.05      87875   3661.428    34.3564    27.1728    1483.17    817.000 0.0000e+00
    822.134     4.9757   3.324131          1    34.3527      0.046     2.4510      7.690      56.20     -0.695      -0.02      87910   3662.876    34.3540    27.1659    1483.33    816.000 0.0000e+00
    821.125     4.9969   3.325910          1    34.3515      0.036     2.4567      7.690      95.35     -0.605       0.09      87951   3664.590    34.3532    27.1628    1483.40    815.000 0.0000e+00
    820.115     4.9796   3.324412          1    34.3535      0.031     2.4698      7.689      96.13     -0.428       0.05      88006   3666.888    34.3543    27.1656    1483.31    814.000 0.0000e+00
    819.106     4.9813   3.324538          1    34.3537      0.036     2.4714      7.688      98.83     -0.474      -0.18      88056   3668.944    34.3544    27.1655    1483.30    813.000 0.0000e+00
    818.096     5.0574   3.330843          1    34.3471      0.033     2.4623      7.688      98.71     -0.775      -0.27      88083   3670.071    34.3495    27.1529    1483.59    812.000 0.0000e+00
    817.087     5.0851   3.333082          1    34.3442      0.039     2.4700      7.739      97.89     -0.980      -0.13      88106   3671.054    34.3474    27.1480    1483.68    811.000 0.0000e+00
    816.077     5.0973   3.333987          1    34.3426      0.034     2.4789      7.718      97.01     -0.929       0.17      88135   3672.258    34.3458    27.1453    1483.71    810.000 0.0000e+00
    815.068     5.0760   3.332267          1    34.3470      0.038     2.5150      7.828      83.27     -0.195       0.08      88210   3675.390    34.3483    27.1498    1483.61    809.000 0.0000e+00
    814.058     5.0871   3.333154          1    34.3463      0.034     2.5102      7.822      98.93     -0.549      -0.28      88260   3677.457    34.3476    27.1480    1483.64    808.000 0.0000e+00
    813.049     5.1389   3.337386          1    34.3412      0.041     2.4977      7.739      62.66     -0.819      -0.19      88287   3678.565    34.3437    27.1389    1483.83    807.000 0.0000e+00
    812.039     5.1549   3.338640          1    34.3395      0.038     2.4947      7.701      69.60     -0.953      -0.05      88312   3679.616    34.3423    27.1358    1483.88    806.000 0.0000e+00
    811.030     5.1500   3.338137          1    34.3397      0.030     2.5090      7.830      96.73     -0.844       0.16      88343   3680.927    34.3420    27.1362    1483.84    805.000 0.0000e+00
    810.020     5.1385   3.337131          1    34.3415      0.041     2.5311      7.821      66.92     -0.433       0.09      88395   3683.095    34.3427    27.1381    1483.78    804.000 0.0000e+00
    809.011     5.1456   3.337739          1    34.3419      0.032     2.5208      7.704      95.72     -0.542      -0.14      88440   3684.956    34.3429    27.1374    1483.79    803.000 0.0000e+00
    808.002     5.1697   3.339636          1    34.3390      0.033     2.5128      7.787      90.52     -0.736      -0.16      88470   3686.223    34.3406    27.1328    1483.87    802.000 0.0000e+00
    806.992     5.1739   3.339900          1    34.3383      0.031     2.5157      7.744      98.79     -0.897      -0.13      88496   3687.281    34.3398    27.1316    1483.87    801.000 0.0000e+00
    805.983     5.1747   3.339909          1    34.3382      0.033     2.5144      7.824      98.71     -1.005      -0.11      88519   3688.237    34.3395    27.1313    1483.85    800.000 0.0000e+00
    804.973     5.1754   3.339888          1    34.3379      0.031     2.5219      7.739      98.71     -1.078      -0.04      88541   3689.171    34.3391    27.1309    1483.84    799.000 0.0000e+00
    803.964     5.1738   3.339710          1    34.3382      0.033     2.5300      7.711      87.54     -0.974       0.18      88569   3690.324    34.3392    27.1312    1483.81    798.000 0.0000e+00
    802.955     5.1703   3.339391          1    34.3390      0.032     2.5297      7.709      99.07     -0.575       0.15      88611   3692.090    34.3396    27.1319    1483.78    797.000 0.0000e+00
    801.945     5.1730   3.339543          1    34.3385      0.032     2.5243      7.739      98.71     -0.622      -0.16      88648   3693.644    34.3391    27.1312    1483.78    796.000 0.0000e+00
    800.936     5.1836   3.340362          1    34.3374      0.032     2.5229      7.709      94.93     -0.791      -0.12      88678   3694.856    34.3382    27.1292    1483.80    795.000 0.0000e+00
    799.926     5.1955   3.341327          1    34.3366      0.053     2.5243      7.715      46.87     -0.913      -0.15      88702   3695.876    34.3375    27.1273    1483.83    794.000 0.0000e+00
    798.917     5.2083   3.342196          1    34.3338      0.031     2.5283      7.707      99.79     -1.071      -0.23      88722   3696.705    34.3350    27.1238    1483.86    793.000 0.0000e+00
    797.908     5.2100   3.342251          1    34.3331      0.031     2.5343      7.706      98.71     -1.250      -0.23      88739   3697.433    34.3344    27.1231    1483.85    792.000 0.0000e+00
    796.898     5.2120   3.342337          1    34.3327      0.033     2.5374      7.704      98.71     -1.374      -0.08      88757   3698.170    34.3338    27.1224    1483.85    791.000 0.0000e+00
    795.889     5.2059   3.341849          1    34.3342      0.031     2.5395      7.701      98.71     -0.506       0.29      88812   3700.443    34.3349    27.1240    1483.81    790.000 0.0000e+00
    794.879     5.2058   3.341797          1    34.3346      0.037     2.5435      7.698      88.41     -0.479      -0.89      88876   3703.104    34.3349    27.1241    1483.79    789.000 0.0000e+00
    793.870     5.2111   3.342095          1    34.3329      0.030     2.5378      7.699      99.07     -1.076      -0.68      88891   3703.756    34.3334    27.1222    1483.79    788.000 0.0000e+00
    792.861     5.2181   3.342535          1    34.3314      0.031     2.5373      7.699      98.71     -1.392      -0.37      88906   3704.382    34.3318    27.1201    1483.80    787.000 0.0000e+00
    791.851     5.2289   3.343256          1    34.3288      0.030     2.5335      7.695      98.71     -1.563      -0.21      88921   3705.000    34.3296    27.1171    1483.83    786.000 0.0000e+00
    790.842     5.2438   3.344367          1    34.3264      0.031     2.5255      7.695      98.71     -1.618       0.03      88937   3705.650    34.3276    27.1138    1483.87    785.000 0.0000e+00
    789.833     5.2518   3.344968          1    34.3254      0.034     2.5310      7.757      91.97     -1.494       0.26      88956   3706.438    34.3268    27.1122    1483.88    784.000 0.0000e+00
    788.823     5.2277   3.343089          1    34.3298      0.038     2.5432      7.871      91.35     -0.737       0.38      88997   3708.171    34.3303    27.1178    1483.77    783.000 0.0000e+00
    787.814     5.2335   3.343446          1    34.3286      0.043     2.5494      7.791      68.69     -0.361      -0.25      89057   3710.648    34.3291    27.1162    1483.78    782.000 0.0000e+00
    786.805     5.2532   3.345009          1    34.3265      0.039     2.5418      7.710      75.58     -0.731      -0.23      89086   3711.863    34.3273    27.1124    1483.84    781.000 0.0000e+00
