src/interpolation/Data/CTD/20w20h.cnv
* Sea-Bird SBE 9 Data File:
* FileName = E:\HOBAB2\w20.hex
* Software Version Seasave V 7.22.1
* Temperature SN = 5330
* Conductivity SN = 3693
* Number of Bytes Per Scan = 24
* Number of Voltage Words = 4
* Number of Scans Averaged by the Deck Unit = 1
* NMEA baud rate = 9600
# nquan = 18
# nvalues = 2910                        
# units = specified
# name 0 = prDM: Pressure, Digiquartz [db]
# name 1 = t090C: Temperature [ITS-90, deg C]
# name 2 = c0S/m: Conductivity [S/m]
# name 3 = pumps: Pump Status
# name 4 = sal00: Salinity, Practical [PSU]
# name 5 = seaTurbMtr: Turbidity, Seapoint [FTU]
# name 6 = sbeox0Mg/L: Oxygen, SBE 43 [mg/l]
# name 7 = ph: pH
# name 8 = altM: Altimeter [m]
# name 9 = dz/dtM: Descent Rate [m/s]
# name 10 = accM: Acceleration [m/s^2]
# name 11 = scan: Scan Count
# name 12 = timeS: Time, Elapsed [seconds]
# name 13 = sal00: Salinity, Practical [PSU]
# name 14 = sigma-t00: Density [sigma-t, kg/m^3 ]
# name 15 = svCM: Sound Velocity [Chen-Millero, m/s]
# name 16 = depSM: Depth [salt water, m], lat = 0
# name 17 = flag: flag
# span 0 =      1.005,   1474.268       
# span 1 =     3.7978,    24.1706       
# span 2 =   3.253585,   5.178828       
# span 3 =          1,          1       
# span 4 =    34.2355,    34.8011       
# span 5 =      0.025,      0.600       
# span 6 =     2.1691,     7.1869       
# span 7 =      7.619,      8.097       
# span 8 =       2.51,     103.34       
# span 9 =     -1.545,      1.653       
# span 10 =      -0.69,       0.67      
# span 11 =       5716,     108384      
# span 12 =    238.108,   4515.947      
# span 13 =    34.2382,    34.8004      
# span 14 =    23.3448,    27.3567      
# span 15 =    1483.01,    1532.51      
# span 16 =      1.000,   1461.000      
# span 17 = 0.0000e+00, 0.0000e+00      
# interval = meters: 1                  
# start_time = Apr 20 2014 13:40:44 [System UTC, header]
# bad_flag = -9.990e-29
*END*
[from data line 2171]
    744.417     5.8036   3.384921          1    34.2413      0.030     2.8288      7.960      91.69     -0.751       0.29      82938   3455.713    34.2430    26.9791    1485.25    739.000 0.0000e+00
    743.408     5.7938   3.383943          1    34.2415      0.027     2.8460      7.891      99.84     -0.255      -0.11      83005   3458.482    34.2424    26.9798    1485.19    738.000 0.0000e+00
    742.399     5.8654   3.390245          1    34.2391      0.034     2.8016      7.981      84.09     -0.656      -0.36      83035   3459.764    34.2418    26.9704    1485.46    737.000 0.0000e+00
    741.390     5.8946   3.392707          1    34.2371      0.030     2.7957      8.079      87.05     -0.976      -0.37      83055   3460.602    34.2405    26.9658    1485.56    736.000 0.0000e+00
    740.380     5.9013   3.393252          1    34.2371      0.027     2.8056      7.929      98.86     -1.223      -0.32      83073   3461.322    34.2404    26.9648    1485.57    735.000 0.0000e+00
    739.371     5.9025   3.393324          1    34.2376      0.028     2.8223      7.873      98.71     -1.391      -0.15      83090   3462.022    34.2405    26.9648    1485.56    734.000 0.0000e+00
    738.362     5.9038   3.393391          1    34.2378      0.029     2.8428      7.871      98.71     -1.410       0.08      83108   3462.792    34.2405    26.9646    1485.54    733.000 0.0000e+00
    737.353     5.8946   3.392524          1    34.2385      0.037     2.8762      7.903      82.93     -0.906       0.38      83143   3464.243    34.2405    26.9657    1485.49    732.000 0.0000e+00
    736.344     5.8979   3.392746          1    34.2388      0.033     2.8744      7.905      87.57     -0.145      -0.24      83216   3467.301    34.2401    26.9650    1485.49    731.000 0.0000e+00
    735.335     5.8984   3.392758          1    34.2391      0.043     2.8642      7.895      56.81     -0.691      -0.36      83243   3468.430    34.2402    26.9650    1485.47    730.000 0.0000e+00
    734.326     5.9033   3.393130          1    34.2388      0.028     2.8648      7.827      99.12     -0.970      -0.25      83265   3469.343    34.2399    26.9642    1485.47    729.000 0.0000e+00
    733.317     5.9041   3.393136          1    34.2387      0.027     2.8713      7.840      98.51     -1.148      -0.18      83285   3470.163    34.2397    26.9639    1485.46    728.000 0.0000e+00
    732.308     5.9053   3.393215          1    34.2389      0.029     2.8670      7.969      96.97     -1.237      -0.06      83304   3470.965    34.2399    26.9639    1485.45    727.000 0.0000e+00
    731.299     5.9075   3.393373          1    34.2390      0.031     2.8732      8.019      91.97     -1.251       0.03      83324   3471.793    34.2399    26.9637    1485.44    726.000 0.0000e+00
    730.290     5.9084   3.393394          1    34.2389      0.028     2.8759      8.044      98.50     -1.127       0.20      83348   3472.800    34.2398    26.9634    1485.43    725.000 0.0000e+00
    729.280     5.9033   3.392903          1    34.2394      0.028     2.8760      8.025      98.54     -0.530       0.23      83398   3474.865    34.2398    26.9641    1485.39    724.000 0.0000e+00
    728.271     5.9037   3.392893          1    34.2395      0.031     2.8657      8.077      98.72     -0.394      -0.25      83457   3477.320    34.2398    26.9641    1485.37    723.000 0.0000e+00
    727.262     5.9132   3.393750          1    34.2398      0.029     2.8684      8.079      98.71     -0.768      -0.38      83482   3478.359    34.2404    26.9634    1485.40    722.000 0.0000e+00
    726.253     5.9201   3.394365          1    34.2401      0.029     2.8715      8.078      98.71     -1.067      -0.35      83501   3479.154    34.2408    26.9628    1485.41    721.000 0.0000e+00
    725.244     5.9252   3.394835          1    34.2406      0.029     2.8722      8.067      98.71     -1.282      -0.24      83518   3479.881    34.2415    26.9627    1485.41    720.000 0.0000e+00
    724.235     5.9463   3.396882          1    34.2423      0.030     2.8735      7.991      98.71     -1.372      -0.02      83536   3480.633    34.2437    26.9618    1485.48    719.000 0.0000e+00
    723.226     5.9654   3.398588          1    34.2424      0.028     2.8835      7.875      93.05     -1.272       0.21      83558   3481.532    34.2441    26.9597    1485.54    718.000 0.0000e+00
    722.217     5.9395   3.396027          1    34.2413      0.029     2.8995      7.850      97.63     -0.631       0.30      83602   3483.380    34.2419    26.9612    1485.42    717.000 0.0000e+00
    721.208     5.9401   3.396121          1    34.2423      0.038     2.8945      7.846      80.80     -0.394      -0.21      83660   3485.798    34.2428    26.9619    1485.41    716.000 0.0000e+00
    720.199     6.0516   3.406394          1    34.2431      0.031     2.8809      7.825      99.04     -0.724      -0.28      83689   3487.004    34.2465    26.9506    1485.84    715.000 0.0000e+00
    719.190     6.1348   3.413709          1    34.2396      0.052     2.8843      7.804      30.36     -0.965      -0.24      83711   3487.926    34.2453    26.9391    1486.15    714.000 0.0000e+00
    718.181     6.1622   3.416108          1    34.2395      0.031     2.8984      7.788      98.01     -1.137      -0.16      83731   3488.761    34.2451    26.9355    1486.24    713.000 0.0000e+00
    717.172     6.1707   3.416891          1    34.2405      0.035     2.9293      7.783      90.35     -1.208      -0.02      83751   3489.603    34.2458    26.9349    1486.26    712.000 0.0000e+00
    716.163     6.1908   3.418723          1    34.2414      0.046     2.9758      7.797      61.41     -1.132       0.15      83775   3490.587    34.2466    26.9330    1486.33    711.000 0.0000e+00
    715.154     6.1411   3.414023          1    34.2417      0.032     3.0324      7.788      97.80     -0.629       0.27      83817   3492.354    34.2444    26.9377    1486.11    710.000 0.0000e+00
    714.145     6.1505   3.414857          1    34.2424      0.034     3.0315      7.776      98.71     -0.475      -0.19      83866   3494.379    34.2448    26.9367    1486.13    709.000 0.0000e+00
    713.136     6.2115   3.420074          1    34.2388      0.032     2.9966      7.774      98.71     -0.743      -0.20      83896   3495.610    34.2424    26.9270    1486.35    708.000 0.0000e+00
    712.127     6.2180   3.420465          1    34.2374      0.036     2.9905      7.770      98.71     -0.936      -0.17      83919   3496.603    34.2407    26.9249    1486.36    707.000 0.0000e+00
    711.118     6.2179   3.420357          1    34.2372      0.035     3.0038      7.863      90.69     -1.051      -0.08      83942   3497.536    34.2401    26.9244    1486.34    706.000 0.0000e+00
    710.109     6.2166   3.420155          1    34.2372      0.033     3.0240      8.004      98.59     -1.069       0.03      83965   3498.507    34.2397    26.9242    1486.32    705.000 0.0000e+00
    709.100     6.2142   3.419883          1    34.2375      0.033     3.0494      7.848      98.71     -0.927       0.18      83994   3499.709    34.2395    26.9244    1486.29    704.000 0.0000e+00
    708.091     6.2153   3.419989          1    34.2384      0.036     3.0530      7.786      84.09     -0.547       0.14      84038   3501.559    34.2400    26.9246    1486.28    703.000 0.0000e+00
    707.082     6.2429   3.422458          1    34.2383      0.049     3.0369      7.960      44.33     -0.589      -0.21      84077   3503.160    34.2404    26.9214    1486.37    702.000 0.0000e+00
    706.073     6.2716   3.425017          1    34.2382      0.034     3.0385      8.007      98.93     -0.855      -0.26      84102   3504.192    34.2407    26.9179    1486.47    701.000 0.0000e+00
    705.064     6.2894   3.426628          1    34.2386      0.038     3.0470      7.946      88.31     -1.048      -0.15      84124   3505.109    34.2413    26.9161    1486.53    700.000 0.0000e+00
    704.056     6.3145   3.429013          1    34.2400      0.049     3.0625      7.869      54.20     -1.072       0.07      84147   3506.100    34.2432    26.9143    1486.61    699.000 0.0000e+00
    703.047     6.3106   3.428400          1    34.2384      0.036     3.0701      7.887      97.00     -0.823       0.23      84180   3507.468    34.2408    26.9129    1486.58    698.000 0.0000e+00
    702.038     6.3313   3.430354          1    34.2396      0.036     3.0791      7.943      98.71     -0.559       0.00      84222   3509.197    34.2423    26.9114    1486.64    697.000 0.0000e+00
    701.029     6.4057   3.437234          1    34.2409      0.052     3.0813      7.916      64.68     -0.715      -0.21      84253   3510.491    34.2449    26.9037    1486.92    696.000 0.0000e+00
    700.020     6.4349   3.439790          1    34.2402      0.038     3.0725      7.913      96.73     -0.900      -0.11      84278   3511.545    34.2446    26.8997    1487.02    695.000 0.0000e+00
    699.011     6.4475   3.440811          1    34.2396      0.037     3.0958      7.842      93.65     -0.965       0.00      84303   3512.604    34.2438    26.8974    1487.05    694.000 0.0000e+00
    698.002     6.4542   3.440961          1    34.2361      0.043     3.1160      7.904      95.49     -0.867       0.13      84333   3513.850    34.2393    26.8930    1487.06    693.000 0.0000e+00
    696.993     6.4297   3.438622          1    34.2355      0.034     3.1474      7.883      98.74     -0.634       0.11      84372   3515.475    34.2382    26.8953    1486.94    692.000 0.0000e+00
    695.984     6.5026   3.445799          1    34.2417      0.047     3.1429      7.784      79.77     -0.644      -0.16      84407   3516.935    34.2455    26.8915    1487.22    691.000 0.0000e+00
    694.975     6.5608   3.451251          1    34.2432      0.060     3.1316      7.778      22.88     -0.867      -0.23      84432   3517.972    34.2483    26.8860    1487.44    690.000 0.0000e+00
    693.966     6.6054   3.455678          1    34.2475      0.036     3.1414      7.772      98.38     -1.039      -0.14      84454   3518.892    34.2533    26.8840    1487.60    689.000 0.0000e+00
    692.958     6.6235   3.457495          1    34.2502      0.038     3.1618      7.794      90.55     -1.085       0.03      84478   3519.855    34.2558    26.8835    1487.66    688.000 0.0000e+00
    691.949     6.6122   3.455653          1    34.2433      0.039     3.1885      7.942      94.41     -0.897       0.22      84508   3521.109    34.2472    26.8783    1487.59    687.000 0.0000e+00
    690.940     6.5935   3.454582          1    34.2509      0.039     3.1879      8.041      98.81     -0.593       0.08      84548   3522.811    34.2545    26.8865    1487.51    686.000 0.0000e+00
    689.931     6.7896   3.473952          1    34.2656      0.041     3.1683      8.042      98.71     -0.615      -0.05      84587   3524.434    34.2733    26.8750    1488.28    685.000 0.0000e+00
    688.922     6.8466   3.479537          1    34.2709      0.039     3.1951      7.977      98.71     -0.664      -0.05      84623   3525.919    34.2786    26.8714    1488.49    684.000 0.0000e+00
    687.913     6.8718   3.481945          1    34.2731      0.048     3.2179      8.017      98.71     -0.793      -0.19      84650   3527.061    34.2804    26.8695    1488.58    683.000 0.0000e+00
    686.904     6.8963   3.484313          1    34.2755      0.043     3.2309      7.882      98.71     -1.008      -0.26      84672   3527.942    34.2826    26.8679    1488.66    682.000 0.0000e+00
    685.895     6.9222   3.486824          1    34.2782      0.040     3.2428      7.794      98.71     -1.178      -0.16      84691   3528.754    34.2849    26.8661    1488.75    681.000 0.0000e+00
    684.887     6.9452   3.489037          1    34.2796      0.044     3.2406      7.782      98.71     -1.234       0.02      84711   3529.599    34.2869    26.8645    1488.82    680.000 0.0000e+00
    683.878     6.9077   3.485415          1    34.2801      0.043     3.2455      7.797      92.85     -1.005       0.29      84740   3530.785    34.2848    26.8680    1488.66    679.000 0.0000e+00
    682.869     6.9049   3.484826          1    34.2783      0.051     3.2466      7.917      81.68     -0.397       0.10      84795   3533.078    34.2817    26.8659    1488.62    678.000 0.0000e+00
    681.860     6.9489   3.489318          1    34.2836      0.044     3.2317      7.786      99.48     -0.512      -0.17      84842   3535.028    34.2877    26.8646    1488.79    677.000 0.0000e+00
    680.851     7.0720   3.501407          1    34.2914      0.043     3.2178      7.799      98.71     -0.782      -0.31      84868   3536.111    34.2984    26.8561    1489.26    676.000 0.0000e+00
    679.842     7.1271   3.506646          1    34.2939      0.048     3.2259      7.767      98.71     -1.049      -0.31      84888   3536.938    34.3015    26.8509    1489.46    675.000 0.0000e+00
    678.834     7.1318   3.507093          1    34.2954      0.055     3.2527      7.762      78.42     -1.246      -0.20      84906   3537.694    34.3023    26.8508    1489.46    674.000 0.0000e+00
    677.825     7.1359   3.507437          1    34.2961      0.058     3.2646      7.847      73.71     -1.317      -0.00      84925   3538.485    34.3024    26.8504    1489.47    673.000 0.0000e+00
    676.816     7.1071   3.504515          1    34.2950      0.043     3.2888      7.930      97.26     -1.141       0.27      84949   3539.521    34.2995    26.8521    1489.33    672.000 0.0000e+00
    675.807     7.1160   3.505372          1    34.2968      0.044     3.3054      7.763      98.71     -0.544       0.22      84995   3541.432    34.3005    26.8517    1489.35    671.000 0.0000e+00
    674.798     7.1194   3.505656          1    34.2977      0.045     3.2957      7.811      98.71     -0.496      -0.16      85043   3543.402    34.3007    26.8513    1489.35    670.000 0.0000e+00
    673.790     7.1381   3.507386          1    34.2985      0.049     3.2805      7.793      95.83     -0.749      -0.22      85071   3544.597    34.3015    26.8494    1489.40    669.000 0.0000e+00
    672.781     7.1513   3.508530          1    34.2986      0.054     3.2831      7.761      79.09     -0.940      -0.13      85096   3545.612    34.3015    26.8475    1489.44    668.000 0.0000e+00
    671.772     7.1541   3.508718          1    34.2986      0.048     3.2955      7.802      98.57     -0.997       0.01      85120   3546.638    34.3012    26.8469    1489.43    667.000 0.0000e+00
    670.763     7.1524   3.508523          1    34.2991      0.045     3.2947      7.752      98.71     -0.924       0.10      85148   3547.791    34.3012    26.8472    1489.41    666.000 0.0000e+00
    669.755     7.1551   3.508692          1    34.2990      0.050     3.2909      7.832      88.93     -0.773       0.09      85180   3549.137    34.3008    26.8465    1489.40    665.000 0.0000e+00
    668.746     7.1555   3.508674          1    34.2992      0.049     3.2962      7.755      97.79     -0.761      -0.08      85211   3550.409    34.3008    26.8464    1489.39    664.000 0.0000e+00
    667.737     7.1590   3.508927          1    34.2991      0.047     3.2959      7.744      98.71     -0.874      -0.10      85238   3551.523    34.3005    26.8457    1489.38    663.000 0.0000e+00
    666.728     7.1623   3.509155          1    34.2990      0.048     3.2907      7.745      93.56     -0.857       0.10      85267   3552.770    34.3003    26.8451    1489.38    662.000 0.0000e+00
    665.719     7.1665   3.509483          1    34.2990      0.056     3.2910      7.777      78.06     -0.667       0.07      85304   3554.293    34.3001    26.8444    1489.38    661.000 0.0000e+00
    664.711     7.1807   3.510671          1    34.2982      0.048     3.2977      7.822      99.04     -0.721      -0.14      85336   3555.605    34.2995    26.8419    1489.42    660.000 0.0000e+00
