src/interpolation/Data/CTD/20w20h.cnv
* Sea-Bird SBE 9 Data File:
* FileName = E:\HOBAB2\w20.hex
* Software Version Seasave V 7.22.1
* Temperature SN = 5330
* Conductivity SN = 3693
* Number of Bytes Per Scan = 24
* Number of Voltage Words = 4
* Number of Scans Averaged by the Deck Unit = 1
* NMEA baud rate = 9600
# nquan = 18
# nvalues = 2910                        
# units = specified
# name 0 = prDM: Pressure, Digiquartz [db]
# name 1 = t090C: Temperature [ITS-90, deg C]
# name 2 = c0S/m: Conductivity [S/m]
# name 3 = pumps: Pump Status
# name 4 = sal00: Salinity, Practical [PSU]
# name 5 = seaTurbMtr: Turbidity, Seapoint [FTU]
# name 6 = sbeox0Mg/L: Oxygen, SBE 43 [mg/l]
# name 7 = ph: pH
# name 8 = altM: Altimeter [m]
# name 9 = dz/dtM: Descent Rate [m/s]
# name 10 = accM: Acceleration [m/s^2]
# name 11 = scan: Scan Count
# name 12 = timeS: Time, Elapsed [seconds]
# name 13 = sal00: Salinity, Practical [PSU]
# name 14 = sigma-t00: Density [sigma-t, kg/m^3 ]
# name 15 = svCM: Sound Velocity [Chen-Millero, m/s]
# name 16 = depSM: Depth [salt water, m], lat = 0
# name 17 = flag: flag
# span 0 =      1.005,   1474.268       
# span 1 =     3.7978,    24.1706       
# span 2 =   3.253585,   5.178828       
# span 3 =          1,          1       
# span 4 =    34.2355,    34.8011       
# span 5 =      0.025,      0.600       
# span 6 =     2.1691,     7.1869       
# span 7 =      7.619,      8.097       
# span 8 =       2.51,     103.34       
# span 9 =     -1.545,      1.653       
# span 10 =      -0.69,       0.67      
# span 11 =       5716,     108384      
# span 12 =    238.108,   4515.947      
# span 13 =    34.2382,    34.8004      
# span 14 =    23.3448,    27.3567      
# span 15 =    1483.01,    1532.51      
# span 16 =      1.000,   1461.000      
# span 17 = 0.0000e+00, 0.0000e+00      
# interval = meters: 1                  
# start_time = Apr 20 2014 13:40:44 [System UTC, header]
# bad_flag = -9.990e-29
*END*
[from data line 483]
    498.334    11.2470   3.886136          1    34.3733      0.032     4.7402      7.986      98.71      1.073       0.17      21201    883.347    34.3703    26.2403    1501.70    495.000 0.0000e+00
    499.342    11.1981   3.881154          1    34.3701      0.032     4.7343      7.986      98.71      1.134      -0.03      21223    884.269    34.3660    26.2459    1501.54    496.000 0.0000e+00
    500.350    11.1503   3.876207          1    34.3659      0.032     4.7281      7.986      96.94      0.954      -0.21      21252    885.452    34.3611    26.2508    1501.38    497.000 0.0000e+00
    501.358    11.0631   3.866982          1    34.3563      0.037     4.7276      7.986      89.15      0.626      -0.16      21293    887.159    34.3504    26.2582    1501.08    498.000 0.0000e+00
    502.366    11.0157   3.862123          1    34.3512      0.030     4.7627      7.986      99.38      0.452       0.06      21343    889.232    34.3459    26.2633    1500.93    499.000 0.0000e+00
    503.374    11.0130   3.861876          1    34.3502      0.050     4.7850      7.986      54.59      0.700       0.28      21373    890.496    34.3455    26.2635    1500.94    500.000 0.0000e+00
    504.382    11.0088   3.861434          1    34.3487      0.031     4.7938      7.985      98.70      0.954       0.23      21396    891.439    34.3446    26.2635    1500.94    501.000 0.0000e+00
    505.390    10.9932   3.859658          1    34.3454      0.030     4.7944      7.985      98.71      1.086       0.03      21418    892.366    34.3411    26.2637    1500.89    502.000 0.0000e+00
    506.398    10.9548   3.855677          1    34.3414      0.031     4.7975      7.985      98.71      1.036      -0.09      21443    893.396    34.3369    26.2672    1500.77    503.000 0.0000e+00
    507.406    10.9265   3.852825          1    34.3392      0.048     4.8056      7.984      43.21      0.920      -0.07      21470    894.530    34.3345    26.2705    1500.68    504.000 0.0000e+00
    508.414    10.8957   3.849660          1    34.3359      0.035     4.8351      7.984      96.18      0.805      -0.12      21502    895.860    34.3313    26.2735    1500.59    505.000 0.0000e+00
    509.422    10.8777   3.847876          1    34.3340      0.032     4.8325      7.984      95.77      0.615      -0.06      21541    897.504    34.3299    26.2756    1500.54    506.000 0.0000e+00
    510.430    10.8566   3.845830          1    34.3325      0.030     4.8531      7.983      98.76      0.642       0.06      21578    899.045    34.3288    26.2785    1500.48    507.000 0.0000e+00
    511.438    10.8426   3.844373          1    34.3304      0.031     4.8438      7.983      98.71      0.723       0.06      21611    900.404    34.3268    26.2795    1500.45    508.000 0.0000e+00
    512.446    10.8170   3.841720          1    34.3276      0.037     4.8516      7.983      83.65      0.805       0.08      21639    901.604    34.3239    26.2818    1500.37    509.000 0.0000e+00
    513.454    10.7643   3.836400          1    34.3243      0.033     4.8777      7.982      90.53      0.905       0.10      21665    902.669    34.3196    26.2878    1500.19    510.000 0.0000e+00
    514.462    10.7156   3.831552          1    34.3215      0.031     4.8803      7.982      98.65      0.990       0.07      21689    903.660    34.3162    26.2938    1500.03    511.000 0.0000e+00
    515.470    10.6965   3.829677          1    34.3199      0.031     4.8680      7.982      98.71      0.977      -0.08      21715    904.748    34.3149    26.2962    1499.98    512.000 0.0000e+00
    516.478    10.6826   3.828291          1    34.3181      0.046     4.8842      7.981      67.82      0.768      -0.17      21749    906.150    34.3136    26.2976    1499.95    513.000 0.0000e+00
    517.486    10.6645   3.826535          1    34.3166      0.033     4.8803      7.981      99.19      0.632      -0.01      21787    907.732    34.3126    26.3000    1499.90    514.000 0.0000e+00
    518.494    10.6468   3.824767          1    34.3148      0.030     4.8638      7.980      98.71      0.693       0.09      21820    909.140    34.3110    26.3019    1499.85    515.000 0.0000e+00
    519.502    10.6243   3.822524          1    34.3129      0.031     4.8544      7.980      98.71      0.798       0.09      21849    910.345    34.3092    26.3044    1499.78    516.000 0.0000e+00
    520.510    10.6183   3.821984          1    34.3123      0.032     4.8543      7.979      98.71      0.910       0.12      21874    911.388    34.3090    26.3053    1499.78    517.000 0.0000e+00
    521.518    10.6011   3.820314          1    34.3113      0.041     4.8700      7.979      71.94      1.015       0.08      21897    912.348    34.3078    26.3075    1499.73    518.000 0.0000e+00
    522.526    10.5635   3.816638          1    34.3097      0.031     4.8775      7.979      96.94      0.984      -0.13      21924    913.466    34.3058    26.3125    1499.62    519.000 0.0000e+00
    523.534    10.5084   3.811018          1    34.3048      0.028     4.8569      7.978      98.71      0.494      -0.19      21972    915.466    34.3006    26.3181    1499.43    520.000 0.0000e+00
    524.542    10.4903   3.809573          1    34.3064      0.030     4.8519      7.978      98.71      0.560       0.28      22013    917.156    34.3026    26.3228    1499.38    521.000 0.0000e+00
    525.550    10.4552   3.806274          1    34.3062      0.032     4.8569      7.978      96.78      0.878       0.34      22036    918.108    34.3020    26.3285    1499.28    522.000 0.0000e+00
    526.558    10.4225   3.803178          1    34.3058      0.032     4.8617      7.977      93.36      1.126       0.25      22055    918.921    34.3011    26.3335    1499.17    523.000 0.0000e+00
    527.566    10.3945   3.800451          1    34.3043      0.028     4.8375      7.975      98.68      1.227       0.01      22075    919.766    34.2994    26.3371    1499.09    524.000 0.0000e+00
    528.574    10.3727   3.798363          1    34.3033      0.031     4.7992      7.976      98.71      1.084      -0.23      22101    920.821    34.2985    26.3401    1499.03    525.000 0.0000e+00
    529.582    10.3582   3.796975          1    34.3018      0.035     4.7740      7.976      86.96      0.645      -0.21      22141    922.520    34.2977    26.3420    1498.99    526.000 0.0000e+00
    530.591    10.3580   3.797056          1    34.3013      0.029     4.7692      7.975      99.22      0.460       0.07      22191    924.603    34.2983    26.3425    1499.01    527.000 0.0000e+00
    531.599    10.3358   3.794790          1    34.2990      0.031     4.7656      7.976      98.71      0.668       0.21      22224    925.976    34.2958    26.3444    1498.94    528.000 0.0000e+00
    532.607    10.3103   3.792233          1    34.2970      0.048     4.7649      7.977      44.65      0.912       0.25      22248    926.946    34.2935    26.3471    1498.86    529.000 0.0000e+00
    533.615    10.2712   3.788307          1    34.2944      0.031     4.7789      7.976      98.55      1.089       0.14      22269    927.829    34.2902    26.3512    1498.74    530.000 0.0000e+00
    534.623    10.2346   3.784779          1    34.2931      0.030     4.7845      7.976      98.71      1.128      -0.03      22291    928.751    34.2886    26.3563    1498.62    531.000 0.0000e+00
    535.631    10.1879   3.780467          1    34.2936      0.030     4.7674      7.976      98.71      1.024      -0.14      22317    929.814    34.2886    26.3643    1498.47    532.000 0.0000e+00
    536.639    10.1561   3.777608          1    34.2942      0.029     4.7710      7.976      98.71      0.814      -0.15      22348    931.143    34.2891    26.3702    1498.37    533.000 0.0000e+00
    537.647    10.1293   3.775288          1    34.2949      0.033     4.7120      7.975      98.71      0.631      -0.07      22387    932.763    34.2904    26.3758    1498.29    534.000 0.0000e+00
    538.656    10.1366   3.776901          1    34.3027      0.031     4.6823      7.975      94.47      0.602       0.02      22427    934.420    34.2994    26.3815    1498.35    535.000 0.0000e+00
    539.664    10.1467   3.778453          1    34.3076      0.029     4.6519      7.975      98.75      0.670       0.06      22462    935.890    34.3052    26.3844    1498.41    536.000 0.0000e+00
    540.672    10.1608   3.780395          1    34.3125      0.033     4.5941      7.974      98.71      0.763       0.10      22493    937.151    34.3111    26.3866    1498.48    537.000 0.0000e+00
    541.680    10.1847   3.783590          1    34.3210      0.040     4.5594      7.975      73.20      0.889       0.14      22518    938.203    34.3205    26.3897    1498.60    538.000 0.0000e+00
    542.688    10.1944   3.785084          1    34.3262      0.031     4.5489      7.975      94.98      1.023       0.15      22540    939.129    34.3260    26.3924    1498.66    539.000 0.0000e+00
    543.696    10.1905   3.785089          1    34.3296      0.030     4.5262      7.975      98.74      1.118       0.07      22561    940.006    34.3293    26.3957    1498.66    540.000 0.0000e+00
    544.704    10.1962   3.786392          1    34.3367      0.032     4.4732      7.974      98.71      1.120      -0.07      22584    940.961    34.3367    26.4004    1498.71    541.000 0.0000e+00
    545.713    10.1630   3.782936          1    34.3338      0.032     4.4167      7.975      98.71      0.708      -0.27      22624    942.608    34.3325    26.4029    1498.60    542.000 0.0000e+00
    546.721    10.1074   3.777455          1    34.3311      0.035     4.3667      7.977      94.01      0.352       0.15      22682    945.027    34.3291    26.4097    1498.41    543.000 0.0000e+00
    547.729    10.0985   3.776971          1    34.3341      0.032     4.4014      7.977      98.77      0.704       0.33      22710    946.227    34.3321    26.4136    1498.40    544.000 0.0000e+00
    548.737    10.0802   3.775166          1    34.3330      0.034     4.4022      7.977      98.71      0.989       0.27      22732    947.127    34.3306    26.4156    1498.35    545.000 0.0000e+00
    549.745    10.0426   3.771287          1    34.3297      0.035     4.3959      7.978      96.81      1.124       0.02      22754    948.039    34.3264    26.4187    1498.23    546.000 0.0000e+00
    550.754     9.9846   3.765336          1    34.3245      0.040     4.4006      7.978      79.16      0.997      -0.19      22781    949.153    34.3203    26.4238    1498.03    547.000 0.0000e+00
    551.762     9.9571   3.762664          1    34.3228      0.035     4.4173      7.979      98.66      0.784      -0.09      22812    950.476    34.3187    26.4272    1497.94    548.000 0.0000e+00
    552.770     9.9413   3.761134          1    34.3215      0.034     4.4426      7.979      98.71      0.780       0.06      22842    951.726    34.3176    26.4290    1497.90    549.000 0.0000e+00
    553.778     9.9216   3.759267          1    34.3206      0.049     4.4492      7.979      55.11      0.872       0.08      22869    952.846    34.3168    26.4317    1497.85    550.000 0.0000e+00
    554.786     9.8674   3.754031          1    34.3189      0.039     4.4468      7.979      96.50      0.843      -0.12      22900    954.121    34.3143    26.4389    1497.66    551.000 0.0000e+00
    555.795     9.8327   3.750683          1    34.3171      0.034     4.4365      7.980      98.71      0.577      -0.10      22942    955.893    34.3126    26.4434    1497.55    552.000 0.0000e+00
    556.803     9.7732   3.744853          1    34.3140      0.038     4.4174      7.980      98.71      0.559       0.07      22985    957.654    34.3090    26.4506    1497.35    553.000 0.0000e+00
    557.811     9.7208   3.740046          1    34.3147      0.035     4.4095      7.980      98.71      0.717       0.18      23016    958.942    34.3091    26.4594    1497.18    554.000 0.0000e+00
    558.819     9.7058   3.738601          1    34.3134      0.037     4.3992      7.980      93.16      0.933       0.27      23038    959.882    34.3081    26.4612    1497.14    555.000 0.0000e+00
    559.827     9.6943   3.737549          1    34.3128      0.039     4.3802      7.980      93.09      1.144       0.27      23057    960.664    34.3078    26.4629    1497.11    556.000 0.0000e+00
    560.836     9.6885   3.737038          1    34.3124      0.034     4.3673      7.980      98.70      1.294       0.12      23075    961.415    34.3077    26.4637    1497.11    557.000 0.0000e+00
    561.844     9.6809   3.736392          1    34.3121      0.036     4.3751      7.980      98.71      1.264      -0.17      23097    962.318    34.3078    26.4651    1497.10    558.000 0.0000e+00
    562.852     9.6769   3.735973          1    34.3101      0.041     4.3658      7.980      88.84      0.453      -0.27      23150    964.557    34.3069    26.4650    1497.10    559.000 0.0000e+00
    563.860     9.6540   3.733873          1    34.3096      0.039     4.3756      7.981      99.07      0.482       0.27      23205    966.814    34.3066    26.4686    1497.03    560.000 0.0000e+00
    564.869     9.5645   3.725057          1    34.3061      0.035     4.3883      7.982      98.71      0.777       0.24      23232    967.939    34.3009    26.4790    1496.72    561.000 0.0000e+00
    565.877     9.4723   3.716071          1    34.3028      0.035     4.3944      7.982      98.71      0.998       0.24      23253    968.836    34.2958    26.4902    1496.39    562.000 0.0000e+00
    566.885     9.4484   3.713767          1    34.3011      0.035     4.3808      7.982      98.71      1.167       0.16      23273    969.649    34.2944    26.4930    1496.32    563.000 0.0000e+00
    567.894     9.4304   3.712130          1    34.3007      0.036     4.3577      7.982      98.71      1.235       0.01      23292    970.478    34.2943    26.4959    1496.27    564.000 0.0000e+00
    568.902     9.4041   3.709897          1    34.3020      0.036     4.3331      7.982      98.71      1.145      -0.17      23316    971.452    34.2958    26.5014    1496.19    565.000 0.0000e+00
    569.910     9.3833   3.708297          1    34.3044      0.034     4.2900      7.982      98.71      0.745      -0.27      23353    973.002    34.2988    26.5071    1496.14    566.000 0.0000e+00
    570.918     9.3717   3.707630          1    34.3066      0.036     4.2328      7.983      94.50      0.351       0.02      23413    975.498    34.3025    26.5120    1496.11    567.000 0.0000e+00
    571.927     9.3585   3.707006          1    34.3115      0.038     4.2291      7.984      98.85      0.581       0.27      23451    977.101    34.3082    26.5185    1496.09    568.000 0.0000e+00
    572.935     9.3507   3.706709          1    34.3155      0.036     4.2165      7.983      98.71      0.894       0.39      23473    978.003    34.3121    26.5229    1496.08    569.000 0.0000e+00
    573.943     9.3429   3.706415          1    34.3191      0.037     4.2019      7.983      98.71      1.172       0.34      23491    978.750    34.3161    26.5273    1496.07    570.000 0.0000e+00
    574.952     9.3346   3.705996          1    34.3223      0.040     4.1811      7.984      92.87      1.355       0.19      23508    979.447    34.3193    26.5311    1496.06    571.000 0.0000e+00
    575.960     9.3268   3.705507          1    34.3241      0.053     4.1535      7.984      72.07      1.406      -0.06      23526    980.217    34.3212    26.5339    1496.05    572.000 0.0000e+00
    576.968     9.3206   3.705167          1    34.3259      0.040     4.0934      7.984      96.46      1.033      -0.40      23555    981.436    34.3231    26.5364    1496.05    573.000 0.0000e+00
