src/interpolation/Data/CTD/20w20h.cnv
* Sea-Bird SBE 9 Data File:
* FileName = E:\HOBAB2\w20.hex
* Software Version Seasave V 7.22.1
* Temperature SN = 5330
* Conductivity SN = 3693
* Number of Bytes Per Scan = 24
* Number of Voltage Words = 4
* Number of Scans Averaged by the Deck Unit = 1
* NMEA baud rate = 9600
# nquan = 18
# nvalues = 2910                        
# units = specified
# name 0 = prDM: Pressure, Digiquartz [db]
# name 1 = t090C: Temperature [ITS-90, deg C]
# name 2 = c0S/m: Conductivity [S/m]
# name 3 = pumps: Pump Status
# name 4 = sal00: Salinity, Practical [PSU]
# name 5 = seaTurbMtr: Turbidity, Seapoint [FTU]
# name 6 = sbeox0Mg/L: Oxygen, SBE 43 [mg/l]
# name 7 = ph: pH
# name 8 = altM: Altimeter [m]
# name 9 = dz/dtM: Descent Rate [m/s]
# name 10 = accM: Acceleration [m/s^2]
# name 11 = scan: Scan Count
# name 12 = timeS: Time, Elapsed [seconds]
# name 13 = sal00: Salinity, Practical [PSU]
# name 14 = sigma-t00: Density [sigma-t, kg/m^3 ]
# name 15 = svCM: Sound Velocity [Chen-Millero, m/s]
# name 16 = depSM: Depth [salt water, m], lat = 0
# name 17 = flag: flag
# span 0 =      1.005,   1474.268       
# span 1 =     3.7978,    24.1706       
# span 2 =   3.253585,   5.178828       
# span 3 =          1,          1       
# span 4 =    34.2355,    34.8011       
# span 5 =      0.025,      0.600       
# span 6 =     2.1691,     7.1869       
# span 7 =      7.619,      8.097       
# span 8 =       2.51,     103.34       
# span 9 =     -1.545,      1.653       
# span 10 =      -0.69,       0.67      
# span 11 =       5716,     108384      
# span 12 =    238.108,   4515.947      
# span 13 =    34.2382,    34.8004      
# span 14 =    23.3448,    27.3567      
# span 15 =    1483.01,    1532.51      
# span 16 =      1.000,   1461.000      
# span 17 = 0.0000e+00, 0.0000e+00      
# interval = meters: 1                  
# start_time = Apr 20 2014 13:40:44 [System UTC, header]
# bad_flag = -9.990e-29
*END*
[from data line 161]
    174.029    19.5730   4.730345          1    34.7927      0.034     6.1435      7.936      98.73      0.892       0.07      11294    470.522    34.7876    24.7114    1522.95    173.000 0.0000e+00
    175.035    19.5376   4.726643          1    34.7915      0.034     6.1447      7.936      98.71      0.943      -0.01      11320    471.608    34.7862    24.7195    1522.86    174.000 0.0000e+00
    176.042    19.5187   4.724746          1    34.7905      0.041     6.1032      7.937      85.90      0.723      -0.21      11356    473.126    34.7859    24.7242    1522.83    175.000 0.0000e+00
    177.048    19.4685   4.719445          1    34.7883      0.035     6.1031      7.938      99.57      0.517       0.10      11399    474.920    34.7835    24.7354    1522.70    176.000 0.0000e+00
    178.054    19.4140   4.713907          1    34.7880      0.034     6.0924      7.938      98.71      0.775       0.28      11426    476.041    34.7827    24.7489    1522.56    177.000 0.0000e+00
    179.061    19.4029   4.712830          1    34.7876      0.036     6.0748      7.937      98.25      0.997       0.16      11449    476.983    34.7827    24.7518    1522.55    178.000 0.0000e+00
    180.067    19.3535   4.707640          1    34.7860      0.040     6.0430      7.939      80.79      1.033      -0.07      11473    478.014    34.7806    24.7628    1522.42    179.000 0.0000e+00
    181.074    19.2353   4.695668          1    34.7865      0.033     6.0281      7.940      98.23      0.796      -0.20      11507    479.401    34.7795    24.7924    1522.10    180.000 0.0000e+00
    182.080    19.1575   4.687781          1    34.7857      0.050     5.9803      7.940      43.85      0.547      -0.03      11550    481.194    34.7786    24.8117    1521.90    181.000 0.0000e+00
    183.087    19.1392   4.685933          1    34.7843      0.031     5.9863      7.941     100.37      0.662       0.18      11584    482.606    34.7781    24.8160    1521.86    182.000 0.0000e+00
    184.093    19.1022   4.682237          1    34.7842      0.036     5.9601      7.941      95.22      0.877       0.20      11608    483.635    34.7779    24.8254    1521.78    183.000 0.0000e+00
    185.099    19.0660   4.678613          1    34.7840      0.033     5.9997      7.941      96.90      1.035       0.11      11631    484.569    34.7777    24.8344    1521.69    184.000 0.0000e+00
    186.106    19.0408   4.676070          1    34.7833      0.034     6.0142      7.942      98.67      1.046      -0.07      11655    485.581    34.7772    24.8405    1521.63    185.000 0.0000e+00
    187.112    19.0264   4.674614          1    34.7822      0.036     5.9971      7.943      98.71      0.865      -0.17      11685    486.847    34.7768    24.8438    1521.61    186.000 0.0000e+00
    188.119    19.0135   4.673373          1    34.7814      0.041     6.0210      7.944      85.56      0.615      -0.11      11726    488.531    34.7769    24.8472    1521.59    187.000 0.0000e+00
    189.125    19.0028   4.672251          1    34.7799      0.033     5.9968      7.944      99.14      0.563       0.07      11767    490.262    34.7761    24.8494    1521.57    188.000 0.0000e+00
    190.132    18.9811   4.670056          1    34.7793      0.030     5.9790      7.945      95.58      0.732       0.18      11798    491.533    34.7756    24.8545    1521.53    189.000 0.0000e+00
    191.138    18.9413   4.666090          1    34.7795      0.050     5.9979      7.945      49.96      0.903       0.14      11823    492.571    34.7755    24.8645    1521.43    190.000 0.0000e+00
    192.144    18.9281   4.664971          1    34.7807      0.039     6.0193      7.945      73.00      1.006       0.06      11846    493.555    34.7768    24.8689    1521.41    191.000 0.0000e+00
    193.151    18.9263   4.664852          1    34.7803      0.042     6.0038      7.946      64.13      0.977      -0.10      11872    494.645    34.7769    24.8694    1521.42    192.000 0.0000e+00
    194.157    18.9260   4.664876          1    34.7799      0.032     6.0103      7.946      98.38      0.805      -0.13      11904    495.967    34.7771    24.8696    1521.44    193.000 0.0000e+00
    195.164    18.9245   4.664793          1    34.7795      0.031     6.0170      7.946      98.71      0.684      -0.03      11940    497.449    34.7772    24.8701    1521.45    194.000 0.0000e+00
    196.170    18.9219   4.664712          1    34.7802      0.039     6.0092      7.946      79.55      0.658      -0.01      11977    498.985    34.7784    24.8716    1521.46    195.000 0.0000e+00
    197.177    18.9196   4.664596          1    34.7806      0.033     6.0187      7.946      99.29      0.674       0.06      12012    500.440    34.7790    24.8727    1521.47    196.000 0.0000e+00
    198.183    18.9170   4.664545          1    34.7817      0.030     6.0223      7.946      98.71      0.786       0.11      12041    501.654    34.7804    24.8745    1521.48    197.000 0.0000e+00
    199.190    18.9062   4.663712          1    34.7835      0.048     6.0464      7.947      47.08      0.901       0.10      12066    502.723    34.7821    24.8785    1521.47    198.000 0.0000e+00
    200.196    18.8968   4.662987          1    34.7850      0.033     6.0617      7.947      98.19      0.964       0.03      12091    503.760    34.7836    24.8820    1521.46    199.000 0.0000e+00
    201.203    18.8790   4.661370          1    34.7862      0.033     6.0625      7.947      98.71      0.922      -0.10      12119    504.916    34.7846    24.8873    1521.43    200.000 0.0000e+00
    202.209    18.8581   4.659444          1    34.7874      0.034     6.0981      7.948      96.20      0.682      -0.16      12156    506.477    34.7857    24.8934    1521.39    201.000 0.0000e+00
    203.216    18.8424   4.658009          1    34.7883      0.034     6.1078      7.947      91.91      0.563       0.06      12198    508.189    34.7865    24.8981    1521.36    202.000 0.0000e+00
    204.222    18.8216   4.656064          1    34.7892      0.038     6.1519      7.948      77.49      0.758       0.23      12226    509.377    34.7874    24.9040    1521.32    203.000 0.0000e+00
    205.229    18.8094   4.654921          1    34.7896      0.036     6.1699      7.948      98.37      0.933       0.07      12252    510.441    34.7877    24.9073    1521.30    204.000 0.0000e+00
    206.235    18.7991   4.653915          1    34.7894      0.033     6.1536      7.948      96.56      0.849      -0.14      12282    511.707    34.7876    24.9098    1521.29    205.000 0.0000e+00
    207.242    18.7926   4.653316          1    34.7893      0.051     6.1885      7.948      47.02      0.724       0.00      12315    513.079    34.7876    24.9115    1521.29    206.000 0.0000e+00
    208.248    18.7693   4.650879          1    34.7884      0.036     6.1845      7.948      79.39      0.802       0.08      12344    514.280    34.7864    24.9164    1521.23    207.000 0.0000e+00
    209.255    18.7426   4.648115          1    34.7877      0.041     6.1760      7.948      66.06      0.857      -0.01      12372    515.471    34.7853    24.9224    1521.17    208.000 0.0000e+00
    210.262    18.6855   4.641979          1    34.7847      0.039     6.1587      7.948      95.31      0.791      -0.05      12404    516.773    34.7815    24.9339    1521.02    209.000 0.0000e+00
    211.268    18.6514   4.638345          1    34.7827      0.087     6.1437      7.948      96.19      0.729      -0.05      12437    518.182    34.7792    24.9408    1520.94    210.000 0.0000e+00
    212.275    18.6263   4.635450          1    34.7791      0.034     6.1219      7.948      92.31      0.652      -0.04      12475    519.733    34.7757    24.9444    1520.88    211.000 0.0000e+00
    213.281    18.5893   4.631743          1    34.7788      0.034     6.0734      7.948      93.90      0.693       0.11      12508    521.117    34.7753    24.9534    1520.79    212.000 0.0000e+00
    214.288    18.5422   4.626819          1    34.7774      0.031     6.0788      7.949      98.82      0.844       0.14      12535    522.233    34.7732    24.9636    1520.67    213.000 0.0000e+00
    215.294    18.4868   4.621099          1    34.7762      0.034     6.1026      7.949      98.71      0.952       0.06      12559    523.266    34.7714    24.9761    1520.52    214.000 0.0000e+00
    216.301    18.4329   4.615439          1    34.7742      0.042     6.1083      7.949      67.45      0.951      -0.06      12586    524.368    34.7687    24.9875    1520.38    215.000 0.0000e+00
    217.307    18.4108   4.613230          1    34.7732      0.031     6.1228      7.949      98.14      0.763      -0.15      12620    525.785    34.7683    24.9927    1520.33    216.000 0.0000e+00
    218.314    18.3968   4.611783          1    34.7717      0.033     6.1150      7.950      98.71      0.587      -0.02      12660    527.475    34.7676    24.9956    1520.31    217.000 0.0000e+00
    219.321    18.3813   4.610311          1    34.7717      0.043     6.1447      7.950      47.53      0.681       0.14      12694    528.867    34.7679    24.9998    1520.28    218.000 0.0000e+00
    220.327    18.3717   4.609426          1    34.7715      0.047     6.1474      7.950      45.59      0.844       0.12      12721    529.997    34.7681    25.0023    1520.27    219.000 0.0000e+00
    221.334    18.3684   4.609153          1    34.7712      0.031     6.1416      7.950      97.85      0.909      -0.00      12748    531.107    34.7683    25.0033    1520.28    220.000 0.0000e+00
    222.340    18.3651   4.608864          1    34.7708      0.035     6.1476      7.950      94.11      0.876      -0.03      12776    532.282    34.7682    25.0041    1520.29    221.000 0.0000e+00
    223.347    18.3448   4.606800          1    34.7702      0.032     6.1107      7.950      98.65      0.833      -0.03      12805    533.506    34.7676    25.0086    1520.24    222.000 0.0000e+00
    224.354    18.3141   4.603607          1    34.7691      0.033     6.1320      7.951      98.71      0.767      -0.07      12838    534.866    34.7661    25.0152    1520.17    223.000 0.0000e+00
    225.360    18.2962   4.601851          1    34.7687      0.041     6.1298      7.951      86.62      0.656      -0.04      12875    536.405    34.7660    25.0196    1520.13    224.000 0.0000e+00
    226.367    18.2897   4.601211          1    34.7682      0.031     6.1358      7.951      98.87      0.697       0.09      12908    537.789    34.7657    25.0209    1520.13    225.000 0.0000e+00
    227.374    18.2643   4.598544          1    34.7670      0.043     6.1489      7.951      46.02      0.819       0.08      12936    538.977    34.7643    25.0261    1520.07    226.000 0.0000e+00
    228.380    18.2217   4.593959          1    34.7644      0.029     6.1334      7.952      98.39      0.859      -0.00      12965    540.157    34.7611    25.0343    1519.96    227.000 0.0000e+00
    229.387    18.1609   4.587531          1    34.7619      0.030     6.1486      7.951      98.71      0.843      -0.01      12993    541.346    34.7577    25.0468    1519.80    228.000 0.0000e+00
    230.393    18.1456   4.586009          1    34.7612      0.032     6.1442      7.952      98.71      0.865       0.02      13021    542.504    34.7574    25.0503    1519.77    229.000 0.0000e+00
    231.400    18.1389   4.585311          1    34.7601      0.036     6.1475      7.952      98.71      0.798      -0.12      13053    543.844    34.7568    25.0515    1519.76    230.000 0.0000e+00
    232.407    18.1387   4.585377          1    34.7598      0.038     6.1475      7.952      74.43      0.575      -0.05      13095    545.563    34.7571    25.0518    1519.78    231.000 0.0000e+00
    233.413    18.1309   4.584607          1    34.7591      0.030     6.1285      7.952      98.99      0.683       0.20      13127    546.912    34.7568    25.0535    1519.78    232.000 0.0000e+00
    234.420    18.1235   4.583934          1    34.7592      0.035     6.1348      7.952      98.38      0.902       0.18      13152    547.943    34.7570    25.0555    1519.77    233.000 0.0000e+00
    235.427    18.1169   4.583272          1    34.7587      0.031     6.1423      7.951      98.71      0.983      -0.01      13177    548.985    34.7566    25.0568    1519.77    234.000 0.0000e+00
    236.433    18.0646   4.577826          1    34.7572      0.032     6.1567      7.951      98.71      0.897      -0.10      13205    550.163    34.7543    25.0679    1519.63    235.000 0.0000e+00
    237.440    18.0173   4.572584          1    34.7531      0.044     6.1783      7.953      86.42      0.766      -0.09      13238    551.529    34.7494    25.0759    1519.50    236.000 0.0000e+00
    238.447    17.9491   4.565486          1    34.7509      0.031     6.1689      7.953      98.72      0.658      -0.04      13275    553.069    34.7465    25.0905    1519.32    237.000 0.0000e+00
    239.453    17.9280   4.563536          1    34.7515      0.044     6.1710      7.953      48.89      0.678       0.07      13309    554.505    34.7474    25.0963    1519.27    238.000 0.0000e+00
    240.460    17.9196   4.562740          1    34.7511      0.030     6.1532      7.953      98.02      0.808       0.14      13337    555.665    34.7475    25.0984    1519.26    239.000 0.0000e+00
    241.467    17.9106   4.561862          1    34.7505      0.028     6.1609      7.953      98.65      0.923       0.03      13363    556.749    34.7472    25.1004    1519.25    240.000 0.0000e+00
    242.474    17.8991   4.560655          1    34.7493      0.029     6.1576      7.953      98.62      0.829      -0.14      13394    558.052    34.7463    25.1025    1519.23    241.000 0.0000e+00
    243.480    17.8820   4.558906          1    34.7484      0.031     6.1601      7.953      98.71      0.641      -0.04      13432    559.619    34.7456    25.1062    1519.20    242.000 0.0000e+00
    244.487    17.8397   4.554379          1    34.7459      0.040     6.1935      7.954      63.86      0.714       0.12      13464    560.956    34.7425    25.1142    1519.09    243.000 0.0000e+00
    245.494    17.7927   4.549537          1    34.7447      0.030     6.1653      7.954      98.83      0.851       0.11      13491    562.087    34.7407    25.1243    1518.97    244.000 0.0000e+00
    246.500    17.7648   4.546676          1    34.7436      0.030     6.1764      7.954      98.71      0.909      -0.00      13518    563.200    34.7396    25.1302    1518.90    245.000 0.0000e+00
    247.507    17.7465   4.544766          1    34.7423      0.032     6.1748      7.954      98.71      0.860      -0.07      13547    564.411    34.7385    25.1339    1518.86    246.000 0.0000e+00
    248.514    17.7293   4.542923          1    34.7405      0.030     6.1874      7.954      98.71      0.764      -0.07      13580    565.774    34.7370    25.1369    1518.83    247.000 0.0000e+00
    249.521    17.7052   4.540481          1    34.7395      0.034     6.1959      7.955      86.32      0.645      -0.05      13618    567.355    34.7362    25.1422    1518.77    248.000 0.0000e+00
    250.527    17.6948   4.539426          1    34.7386      0.030     6.1750      7.955      99.15      0.656       0.09      13653    568.823    34.7357    25.1443    1518.75    249.000 0.0000e+00
    251.534    17.6811   4.538091          1    34.7384      0.030     6.1664      7.955      98.71      0.821       0.16      13680    569.955    34.7356    25.1476    1518.73    250.000 0.0000e+00
    252.541    17.6686   4.536812          1    34.7376      0.043     6.1815      7.955      71.02      0.938       0.06      13705    571.012    34.7349    25.1501    1518.71    251.000 0.0000e+00
    253.548    17.6547   4.535399          1    34.7368      0.035     6.1838      7.955      90.80      0.917      -0.08      13733    572.162    34.7342    25.1529    1518.69    252.000 0.0000e+00
