src/interpolation/Data/CTD/20w20h.cnv
* Sea-Bird SBE 9 Data File:
* FileName = E:\HOBAB2\w20.hex
* Software Version Seasave V 7.22.1
* Temperature SN = 5330
* Conductivity SN = 3693
* Number of Bytes Per Scan = 24
* Number of Voltage Words = 4
* Number of Scans Averaged by the Deck Unit = 1
* NMEA baud rate = 9600
# nquan = 18
# nvalues = 2910                        
# units = specified
# name 0 = prDM: Pressure, Digiquartz [db]
# name 1 = t090C: Temperature [ITS-90, deg C]
# name 2 = c0S/m: Conductivity [S/m]
# name 3 = pumps: Pump Status
# name 4 = sal00: Salinity, Practical [PSU]
# name 5 = seaTurbMtr: Turbidity, Seapoint [FTU]
# name 6 = sbeox0Mg/L: Oxygen, SBE 43 [mg/l]
# name 7 = ph: pH
# name 8 = altM: Altimeter [m]
# name 9 = dz/dtM: Descent Rate [m/s]
# name 10 = accM: Acceleration [m/s^2]
# name 11 = scan: Scan Count
# name 12 = timeS: Time, Elapsed [seconds]
# name 13 = sal00: Salinity, Practical [PSU]
# name 14 = sigma-t00: Density [sigma-t, kg/m^3 ]
# name 15 = svCM: Sound Velocity [Chen-Millero, m/s]
# name 16 = depSM: Depth [salt water, m], lat = 0
# name 17 = flag: flag
# span 0 =      1.005,   1474.268       
# span 1 =     3.7978,    24.1706       
# span 2 =   3.253585,   5.178828       
# span 3 =          1,          1       
# span 4 =    34.2355,    34.8011       
# span 5 =      0.025,      0.600       
# span 6 =     2.1691,     7.1869       
# span 7 =      7.619,      8.097       
# span 8 =       2.51,     103.34       
# span 9 =     -1.545,      1.653       
# span 10 =      -0.69,       0.67      
# span 11 =       5716,     108384      
# span 12 =    238.108,   4515.947      
# span 13 =    34.2382,    34.8004      
# span 14 =    23.3448,    27.3567      
# span 15 =    1483.01,    1532.51      
# span 16 =      1.000,   1461.000      
# span 17 = 0.0000e+00, 0.0000e+00      
# interval = meters: 1                  
# start_time = Apr 20 2014 13:40:44 [System UTC, header]
# bad_flag = -9.990e-29
*END*
[from data line 2252]
    662.693     7.2128   3.513296          1    34.2957      0.047     3.3186      7.743      98.71     -0.888       0.07      85390   3557.889    34.2974    26.8357    1489.50    658.000 0.0000e+00
    661.685     7.2200   3.513795          1    34.2945      0.045     3.3213      7.738      98.71     -0.765       0.06      85423   3559.232    34.2961    26.8337    1489.51    657.000 0.0000e+00
    660.676     7.2248   3.514074          1    34.2935      0.063     3.3232      7.745      76.13     -0.778      -0.06      85453   3560.493    34.2949    26.8321    1489.51    656.000 0.0000e+00
    659.667     7.2344   3.514776          1    34.2921      0.043     3.3223      7.734      98.43     -0.828      -0.01      85482   3561.714    34.2935    26.8296    1489.53    655.000 0.0000e+00
    658.658     7.2552   3.516673          1    34.2922      0.042     3.3332      7.734      98.71     -0.798       0.02      85513   3562.990    34.2941    26.8272    1489.60    654.000 0.0000e+00
    657.650     7.2851   3.519465          1    34.2929      0.045     3.3329      7.736      98.71     -0.807      -0.05      85542   3564.214    34.2954    26.8240    1489.70    653.000 0.0000e+00
    656.641     7.3310   3.523757          1    34.2939      0.051     3.3414      7.731      84.59     -0.845       0.02      85571   3565.418    34.2972    26.8189    1489.86    652.000 0.0000e+00
    655.632     7.3672   3.527096          1    34.2948      0.046     3.3517      7.730      98.66     -0.755       0.09      85604   3566.808    34.2982    26.8146    1489.98    651.000 0.0000e+00
    654.624     7.4075   3.530895          1    34.2958      0.041     3.3655      7.724      98.71     -0.687      -0.03      85639   3568.246    34.3002    26.8104    1490.12    650.000 0.0000e+00
    653.615     7.4534   3.535089          1    34.2962      0.061     3.3783      7.726      65.85     -0.784      -0.10      85668   3569.472    34.3008    26.8044    1490.29    649.000 0.0000e+00
    652.606     7.4669   3.536304          1    34.2967      0.047     3.3915      7.738      99.12     -0.898      -0.12      85694   3570.534    34.3011    26.8027    1490.32    648.000 0.0000e+00
    651.598     7.4707   3.536622          1    34.2974      0.047     3.4034      7.728      98.71     -1.004      -0.10      85717   3571.492    34.3013    26.8023    1490.32    647.000 0.0000e+00
    650.589     7.4761   3.537074          1    34.2978      0.041     3.4036      7.719      98.71     -1.055       0.01      85740   3572.472    34.3014    26.8016    1490.32    646.000 0.0000e+00
    649.580     7.4570   3.535106          1    34.2970      0.044     3.4150      7.723      98.71     -0.803       0.25      85775   3573.907    34.2994    26.8028    1490.23    645.000 0.0000e+00
    648.571     7.4602   3.535508          1    34.2993      0.049     3.3993      7.721      98.71     -0.370      -0.05      85828   3576.141    34.3011    26.8036    1490.23    644.000 0.0000e+00
    647.563     7.4926   3.538419          1    34.2987      0.048     3.4043      7.713      98.71     -0.695      -0.33      85858   3577.377    34.3011    26.7990    1490.34    643.000 0.0000e+00
    646.554     7.5356   3.542362          1    34.2985      0.045     3.3993      7.712      98.71     -0.978      -0.26      85880   3578.289    34.3019    26.7934    1490.49    642.000 0.0000e+00
    645.545     7.5817   3.546587          1    34.2985      0.053     3.3956      7.711      81.81     -1.121      -0.05      85902   3579.189    34.3026    26.7874    1490.65    641.000 0.0000e+00
    644.537     7.6171   3.549859          1    34.2989      0.073     3.4101      7.711      45.61     -1.078       0.10      85925   3580.176    34.3037    26.7831    1490.77    640.000 0.0000e+00
    643.528     7.6683   3.554553          1    34.2992      0.050     3.4195      7.710      97.81     -0.957       0.11      85952   3581.293    34.3045    26.7763    1490.95    639.000 0.0000e+00
    642.520     7.6674   3.554169          1    34.2974      0.062     3.4526      7.714      84.22     -0.707       0.19      85989   3582.845    34.3017    26.7742    1490.92    638.000 0.0000e+00
    641.511     7.7299   3.560340          1    34.3021      0.052     3.4688      7.707      77.75     -0.489      -0.07      86035   3584.749    34.3072    26.7695    1491.15    637.000 0.0000e+00
    640.502     7.8155   3.568115          1    34.3009      0.046     3.4712      7.713      99.08     -0.734      -0.27      86064   3585.960    34.3073    26.7571    1491.46    636.000 0.0000e+00
    639.494     7.8326   3.569682          1    34.3017      0.046     3.4716      7.714      98.71     -0.966      -0.20      86087   3586.914    34.3078    26.7550    1491.51    635.000 0.0000e+00
    638.485     7.8437   3.570667          1    34.3023      0.047     3.4909      7.714      98.71     -1.084      -0.05      86109   3587.838    34.3080    26.7535    1491.54    634.000 0.0000e+00
    637.476     7.8618   3.572284          1    34.3028      0.044     3.5164      7.712      98.71     -1.043       0.10      86134   3588.864    34.3081    26.7509    1491.59    633.000 0.0000e+00
    636.468     7.8656   3.572518          1    34.3028      0.044     3.5304      7.823      98.71     -0.809       0.20      86167   3590.242    34.3073    26.7497    1491.58    632.000 0.0000e+00
    635.459     7.8486   3.570860          1    34.3036      0.049     3.5374      7.802      98.71     -0.519       0.05      86212   3592.115    34.3066    26.7517    1491.50    631.000 0.0000e+00
    634.451     7.9175   3.577336          1    34.3048      0.049     3.5145      7.711      98.71     -0.638      -0.19      86247   3593.584    34.3091    26.7434    1491.75    630.000 0.0000e+00
    633.442     7.9280   3.578216          1    34.3047      0.048     3.5266      7.709      91.96     -0.868      -0.21      86272   3594.632    34.3087    26.7416    1491.77    629.000 0.0000e+00
    632.433     7.9397   3.579255          1    34.3051      0.064     3.5437      7.707      66.54     -1.017      -0.09      86295   3595.594    34.3089    26.7400    1491.80    628.000 0.0000e+00
    631.425     7.9492   3.580078          1    34.3052      0.047     3.5412      7.713      98.16     -1.024       0.05      86320   3596.608    34.3088    26.7385    1491.82    627.000 0.0000e+00
    630.416     7.9525   3.580337          1    34.3057      0.048     3.5490      7.706      98.71     -0.961       0.05      86345   3597.685    34.3088    26.7380    1491.82    626.000 0.0000e+00
    629.408     7.9597   3.580940          1    34.3059      0.050     3.5518      7.703      98.71     -0.898       0.07      86373   3598.852    34.3088    26.7370    1491.83    625.000 0.0000e+00
    628.399     7.9461   3.579653          1    34.3068      0.045     3.5571      7.705      98.71     -0.654       0.19      86413   3600.511    34.3088    26.7389    1491.76    624.000 0.0000e+00
    627.390     7.9609   3.580905          1    34.3065      0.046     3.5612      7.700      98.71     -0.442      -0.11      86463   3602.575    34.3082    26.7363    1491.80    623.000 0.0000e+00
    626.382     7.9838   3.583018          1    34.3066      0.049     3.5631      7.698      98.71     -0.732      -0.33      86490   3603.725    34.3088    26.7334    1491.87    622.000 0.0000e+00
    625.373     8.0002   3.584460          1    34.3063      0.046     3.5621      7.697      98.71     -1.026      -0.34      86510   3604.558    34.3087    26.7308    1491.91    621.000 0.0000e+00
    624.365     8.0217   3.586404          1    34.3062      0.045     3.5593      7.700      98.71     -1.228      -0.17      86529   3605.340    34.3089    26.7278    1491.98    620.000 0.0000e+00
    623.356     8.0395   3.588020          1    34.3063      0.056     3.5600      7.720      72.11     -1.249       0.08      86550   3606.209    34.3093    26.7254    1492.03    619.000 0.0000e+00
    622.348     8.0283   3.587018          1    34.3078      0.049     3.5712      7.710      85.95     -0.803       0.34      86586   3607.719    34.3099    26.7276    1491.97    618.000 0.0000e+00
    621.339     8.0348   3.587470          1    34.3073      0.058     3.5870      7.724      73.54     -0.395      -0.16      86639   3609.906    34.3089    26.7259    1491.98    617.000 0.0000e+00
    620.331     8.1166   3.595265          1    34.3089      0.047     3.5811      7.716      95.07     -0.715      -0.24      86669   3611.149    34.3127    26.7166    1492.28    616.000 0.0000e+00
    619.322     8.2308   3.605763          1    34.3072      0.047     3.5717      7.706      98.72     -0.950      -0.25      86691   3612.086    34.3136    26.7001    1492.69    615.000 0.0000e+00
    618.314     8.2748   3.609856          1    34.3078      0.047     3.5841      7.703      98.71     -1.129      -0.16      86711   3612.918    34.3147    26.6943    1492.84    614.000 0.0000e+00
    617.305     8.2916   3.611440          1    34.3090      0.050     3.6142      7.707      98.71     -1.206      -0.00      86732   3613.775    34.3156    26.6925    1492.89    613.000 0.0000e+00
    616.297     8.2622   3.608572          1    34.3095      0.044     3.6579      7.696      98.71     -0.997       0.27      86760   3614.967    34.3142    26.6958    1492.76    612.000 0.0000e+00
    615.288     8.2045   3.603094          1    34.3107      0.046     3.6757      7.690      98.71     -0.370       0.08      86814   3617.223    34.3126    26.7033    1492.52    611.000 0.0000e+00
    614.280     8.2731   3.609606          1    34.3121      0.048     3.6371      7.689      98.71     -0.606      -0.22      86852   3618.812    34.3155    26.6952    1492.77    610.000 0.0000e+00
    613.271     8.3364   3.615407          1    34.3113      0.047     3.6303      7.688      98.71     -0.831      -0.18      86879   3619.925    34.3160    26.6860    1492.99    609.000 0.0000e+00
    612.263     8.3759   3.619159          1    34.3125      0.045     3.6356      7.688      98.71     -0.971      -0.12      86903   3620.910    34.3177    26.6813    1493.13    608.000 0.0000e+00
    611.254     8.4166   3.622884          1    34.3125      0.046     3.6581      7.687      98.71     -1.069      -0.10      86924   3621.806    34.3181    26.6754    1493.26    607.000 0.0000e+00
    610.246     8.4374   3.624811          1    34.3132      0.049     3.6838      7.686      98.71     -1.137      -0.05      86945   3622.684    34.3188    26.6727    1493.32    606.000 0.0000e+00
    609.237     8.4454   3.625518          1    34.3139      0.047     3.6985      7.685      98.71     -1.136       0.05      86967   3623.603    34.3190    26.6717    1493.34    605.000 0.0000e+00
    608.229     8.4337   3.624199          1    34.3131      0.054     3.7108      7.685      84.48     -0.754       0.28      87006   3625.207    34.3169    26.6718    1493.27    604.000 0.0000e+00
    607.220     8.4113   3.622236          1    34.3165      0.049     3.6974      7.683     101.76     -0.154      -0.31      87078   3628.213    34.3183    26.6763    1493.18    603.000 0.0000e+00
    606.212     8.4914   3.629878          1    34.3178      0.048     3.6781      7.683      98.71     -0.748      -0.50      87100   3629.105    34.3218    26.6668    1493.46    602.000 0.0000e+00
    605.203     8.5791   3.638062          1    34.3175      0.048     3.6729      7.682      98.71     -1.083      -0.36      87118   3629.884    34.3236    26.6546    1493.78    601.000 0.0000e+00
    604.195     8.6055   3.640543          1    34.3185      0.049     3.6902      7.681      98.71     -1.300      -0.20      87136   3630.619    34.3246    26.6513    1493.86    600.000 0.0000e+00
    603.186     8.6415   3.643963          1    34.3198      0.050     3.7047      7.681      98.71     -1.352       0.05      87155   3631.399    34.3262    26.6470    1493.98    599.000 0.0000e+00
    602.178     8.6817   3.647610          1    34.3196      0.050     3.7329      7.680      98.71     -1.205       0.22      87177   3632.345    34.3262    26.6407    1494.11    598.000 0.0000e+00
    601.169     8.6283   3.642494          1    34.3204      0.049     3.7729      7.679      98.71     -0.816       0.28      87212   3633.798    34.3245    26.6477    1493.89    597.000 0.0000e+00
    600.161     8.5479   3.634808          1    34.3210      0.048     3.7629      7.678      98.71     -0.211      -0.05      87280   3636.644    34.3218    26.6581    1493.57    596.000 0.0000e+00
    599.153     8.6481   3.644211          1    34.3210      0.053     3.7240      7.677      98.38     -0.654      -0.41      87311   3637.932    34.3243    26.6444    1493.93    595.000 0.0000e+00
    598.144     8.8109   3.659527          1    34.3208      0.047     3.7141      7.677      98.71     -0.990      -0.34      87332   3638.781    34.3282    26.6220    1494.53    594.000 0.0000e+00
    597.136     8.8589   3.663947          1    34.3206      0.047     3.7342      7.677      98.71     -1.201      -0.18      87351   3639.571    34.3287    26.6148    1494.69    593.000 0.0000e+00
    596.127     8.8726   3.665240          1    34.3220      0.043     3.7659      7.675      98.71     -1.257       0.02      87371   3640.401    34.3294    26.6133    1494.73    592.000 0.0000e+00
    595.119     8.8592   3.663548          1    34.3189      0.046     3.8123      7.675      98.71     -1.152       0.16      87394   3641.358    34.3251    26.6120    1494.65    591.000 0.0000e+00
    594.111     8.8137   3.659666          1    34.3249      0.045     3.8477      7.675      98.71     -0.841       0.25      87427   3642.732    34.3288    26.6220    1494.47    590.000 0.0000e+00
    593.102     8.8036   3.658403          1    34.3232      0.048     3.8205      7.674      92.91     -0.378       0.04      87482   3645.050    34.3257    26.6212    1494.41    589.000 0.0000e+00
    592.094     8.8719   3.664895          1    34.3245      0.046     3.8039      7.673      98.93     -0.590      -0.30      87520   3646.630    34.3283    26.6124    1494.65    588.000 0.0000e+00
    591.085     8.9573   3.672742          1    34.3227      0.042     3.7882      7.672      98.71     -0.901      -0.31      87543   3647.573    34.3285    26.5991    1494.95    587.000 0.0000e+00
    590.077     8.9955   3.676183          1    34.3222      0.046     3.8013      7.671      98.71     -1.119      -0.20      87563   3648.401    34.3281    26.5927    1495.08    586.000 0.0000e+00
    589.069     9.0216   3.678578          1    34.3223      0.044     3.8324      7.671      98.71     -1.207      -0.02      87583   3649.258    34.3284    26.5888    1495.16    585.000 0.0000e+00
    588.060     9.0189   3.677792          1    34.3185      0.058     3.8753      7.671      54.00     -1.078       0.20      87608   3650.308    34.3233    26.5852    1495.12    584.000 0.0000e+00
    587.052     8.9779   3.674392          1    34.3244      0.042     3.9001      7.670      96.09     -0.688       0.21      87646   3651.891    34.3277    26.5952    1494.96    583.000 0.0000e+00
    586.043     8.9897   3.675407          1    34.3246      0.045     3.8933      7.669      97.40     -0.559      -0.07      87688   3653.633    34.3274    26.5931    1494.99    582.000 0.0000e+00
    585.035     9.1241   3.687854          1    34.3226      0.040     3.8684      7.668      98.72     -0.713      -0.11      87721   3654.987    34.3283    26.5723    1495.47    581.000 0.0000e+00
    584.027     9.1842   3.693141          1    34.3196      0.038     3.8818      7.667      98.71     -0.808      -0.04      87750   3656.207    34.3260    26.5607    1495.67    580.000 0.0000e+00
