src/interpolation/Data/CTD/21w21h.cnv
* Sea-Bird SBE 9 Data File:
* FileName = E:\HOBAB2\w21.hex
* Software Version Seasave V 7.22.1
* Temperature SN = 5330
* Conductivity SN = 3693
* Number of Bytes Per Scan = 24
* Number of Voltage Words = 4
* Number of Scans Averaged by the Deck Unit = 1
* NMEA baud rate = 9600
# nquan = 18
# nvalues = 3045                        
# units = specified
# name 0 = prDM: Pressure, Digiquartz [db]
# name 1 = t090C: Temperature [ITS-90, deg C]
# name 2 = c0S/m: Conductivity [S/m]
# name 3 = pumps: Pump Status
# name 4 = sal00: Salinity, Practical [PSU]
# name 5 = seaTurbMtr: Turbidity, Seapoint [FTU]
# name 6 = sbeox0Mg/L: Oxygen, SBE 43 [mg/l]
# name 7 = ph: pH
# name 8 = altM: Altimeter [m]
# name 9 = dz/dtM: Descent Rate [m/s]
# name 10 = accM: Acceleration [m/s^2]
# name 11 = scan: Scan Count
# name 12 = timeS: Time, Elapsed [seconds]
# name 13 = sal00: Salinity, Practical [PSU]
# name 14 = sigma-t00: Density [sigma-t, kg/m^3 ]
# name 15 = svCM: Sound Velocity [Chen-Millero, m/s]
# name 16 = depSM: Depth [salt water, m], lat = 0
# name 17 = flag: flag
# span 0 =      1.005,   1543.137       
# span 1 =     3.8033,    24.1396       
# span 2 =   3.254024,   5.175350       
# span 3 =          1,          1       
# span 4 =    34.2368,    34.8105       
# span 5 =      0.025,      0.234       
# span 6 =     2.1723,     7.1880       
# span 7 =      7.629,      8.143       
# span 8 =       0.25,     116.87       
# span 9 =     -1.557,      1.352       
# span 10 =      -0.74,       0.70      
# span 11 =      16634,     160524      
# span 12 =    693.029,   6688.475      
# span 13 =    34.2389,    34.8085      
# span 14 =    23.3255,    27.3557      
# span 15 =    1483.02,    1532.49      
# span 16 =      1.000,   1529.000      
# span 17 = 0.0000e+00, 0.0000e+00      
# interval = meters: 1                  
# start_time = Apr 20 2014 15:13:27 [System UTC, header]
# bad_flag = -9.990e-29
*END*
[from data line 1609]
   1448.955     3.8358   3.256240          1    34.4308      0.077     2.1803      7.703      98.71     -0.997      -0.08      97232   4051.274    34.4308    27.3502    1489.11   1436.000 0.0000e+00
   1447.942     3.8357   3.256196          1    34.4308      0.084     2.1799      7.709      82.89     -0.940       0.15      97260   4052.449    34.4309    27.3503    1489.10   1435.000 0.0000e+00
   1446.930     3.8355   3.256131          1    34.4309      0.077     2.1875      7.720      98.02     -0.214       0.11      97336   4055.604    34.4309    27.3503    1489.08   1434.000 0.0000e+00
   1445.917     3.8356   3.256092          1    34.4308      0.074     2.1784      7.719      98.76     -0.541      -0.34      97390   4057.883    34.4308    27.3502    1489.06   1433.000 0.0000e+00
   1444.905     3.8357   3.256062          1    34.4308      0.078     2.1790      7.720      92.20     -0.848      -0.20      97416   4058.963    34.4308    27.3502    1489.04   1432.000 0.0000e+00
   1443.892     3.8357   3.256017          1    34.4307      0.091     2.1868      7.722      72.57     -0.949      -0.01      97442   4060.041    34.4307    27.3501    1489.03   1431.000 0.0000e+00
   1442.880     3.8356   3.255974          1    34.4308      0.077     2.1782      7.716      97.80     -0.839       0.13      97473   4061.330    34.4308    27.3502    1489.01   1430.000 0.0000e+00
   1441.867     3.8356   3.255932          1    34.4309      0.080     2.1860      7.735      79.56     -0.634       0.10      97513   4062.980    34.4309    27.3503    1488.99   1429.000 0.0000e+00
   1440.855     3.8353   3.255867          1    34.4309      0.083     2.1835      7.758      84.71     -0.442       0.06      97566   4065.221    34.4309    27.3503    1488.98   1428.000 0.0000e+00
   1439.842     3.8353   3.255813          1    34.4307      0.087     2.1840      7.828      80.73     -0.424      -0.05      97624   4067.619    34.4307    27.3502    1488.96   1427.000 0.0000e+00
   1438.830     3.8357   3.255801          1    34.4307      0.075     2.1805      7.881      99.20     -0.569      -0.14      97665   4069.340    34.4307    27.3501    1488.94   1426.000 0.0000e+00
   1437.817     3.8362   3.255818          1    34.4308      0.086     2.1761      7.909      91.42     -0.772      -0.16      97694   4070.558    34.4308    27.3502    1488.93   1425.000 0.0000e+00
   1436.805     3.8365   3.255774          1    34.4306      0.086     2.1814      7.919      91.24     -0.893      -0.05      97721   4071.670    34.4306    27.3499    1488.91   1424.000 0.0000e+00
   1435.793     3.8366   3.255754          1    34.4307      0.093     2.1791      7.931      74.75     -0.832       0.13      97752   4072.977    34.4307    27.3500    1488.90   1423.000 0.0000e+00
   1434.780     3.8360   3.255667          1    34.4308      0.090     2.1865      7.912      74.74     -0.407       0.11      97807   4075.259    34.4308    27.3501    1488.88   1422.000 0.0000e+00
   1433.768     3.8362   3.255639          1    34.4307      0.081     2.1835      7.795      99.22     -0.526      -0.13      97855   4077.252    34.4307    27.3501    1488.86   1421.000 0.0000e+00
   1432.755     3.8383   3.255765          1    34.4305      0.081     2.1880      7.734      98.71     -0.643      -0.03      97892   4078.812    34.4306    27.3498    1488.85   1420.000 0.0000e+00
   1431.743     3.8397   3.255843          1    34.4304      0.088     2.1812      7.724      94.36     -0.593       0.07      97934   4080.550    34.4305    27.3496    1488.84   1419.000 0.0000e+00
   1430.730     3.8398   3.255804          1    34.4304      0.087     2.1852      7.719      94.82     -0.511      -0.01      97981   4082.508    34.4304    27.3495    1488.82   1418.000 0.0000e+00
   1429.718     3.8415   3.255913          1    34.4303      0.082     2.1846      7.717      98.82     -0.600      -0.12      98020   4084.130    34.4304    27.3493    1488.82   1417.000 0.0000e+00
   1428.706     3.8418   3.255891          1    34.4303      0.101     2.1854      7.716      71.02     -0.784      -0.15      98049   4085.329    34.4304    27.3492    1488.80   1416.000 0.0000e+00
   1427.693     3.8416   3.255843          1    34.4304      0.088     2.1770      7.714      91.15     -0.899      -0.04      98076   4086.448    34.4305    27.3493    1488.78   1415.000 0.0000e+00
   1426.681     3.8419   3.255814          1    34.4302      0.092     2.1814      7.715      78.12     -0.750       0.17      98111   4087.926    34.4303    27.3492    1488.77   1414.000 0.0000e+00
   1425.668     3.8399   3.255608          1    34.4305      0.093     2.1856      7.717      80.91     -0.234       0.03      98188   4091.105    34.4304    27.3495    1488.74   1413.000 0.0000e+00
   1424.656     3.8416   3.255702          1    34.4303      0.085     2.1933      7.718      99.67     -0.484      -0.22      98242   4093.378    34.4303    27.3492    1488.73   1412.000 0.0000e+00
   1423.644     3.8432   3.255796          1    34.4302      0.092     2.1851      7.716      98.71     -0.793      -0.30      98268   4094.447    34.4302    27.3490    1488.72   1411.000 0.0000e+00
   1422.631     3.8432   3.255731          1    34.4300      0.084     2.1829      7.720      98.71     -1.026      -0.22      98289   4095.339    34.4300    27.3488    1488.71   1410.000 0.0000e+00
   1421.619     3.8443   3.255801          1    34.4301      0.083     2.1905      7.720      98.71     -1.139      -0.04      98311   4096.239    34.4302    27.3488    1488.69   1409.000 0.0000e+00
   1420.607     3.8430   3.255654          1    34.4302      0.087     2.1849      7.720      98.71     -0.504       0.22      98365   4098.519    34.4303    27.3490    1488.67   1408.000 0.0000e+00
   1419.594     3.8425   3.255555          1    34.4301      0.103     2.1833      7.736      64.57     -0.399      -0.47      98439   4101.577    34.4301    27.3490    1488.65   1407.000 0.0000e+00
   1418.582     3.8426   3.255520          1    34.4301      0.095     2.1872      7.743      75.18     -0.830      -0.26      98463   4102.595    34.4301    27.3489    1488.63   1406.000 0.0000e+00
   1417.570     3.8399   3.255265          1    34.4305      0.092     2.1790      7.748      75.83     -0.990      -0.08      98487   4103.584    34.4304    27.3495    1488.61   1405.000 0.0000e+00
   1416.557     3.8376   3.255036          1    34.4307      0.090     2.1796      7.755      70.30     -0.943       0.14      98515   4104.759    34.4306    27.3498    1488.58   1404.000 0.0000e+00
   1415.545     3.8408   3.255259          1    34.4304      0.090     2.1878      7.767      98.13     -0.151       0.09      98593   4107.988    34.4304    27.3493    1488.58   1403.000 0.0000e+00
   1414.533     3.8399   3.255136          1    34.4304      0.083     2.1851      7.764      98.77     -0.607      -0.34      98637   4109.818    34.4304    27.3494    1488.55   1402.000 0.0000e+00
   1413.520     3.8443   3.255443          1    34.4299      0.084     2.1791      7.759      98.71     -0.893      -0.23      98661   4110.828    34.4299    27.3486    1488.56   1401.000 0.0000e+00
   1412.508     3.8455   3.255497          1    34.4298      0.080     2.1876      7.754      98.71     -1.065      -0.16      98682   4111.709    34.4299    27.3484    1488.54   1400.000 0.0000e+00
   1411.495     3.8476   3.255653          1    34.4298      0.098     2.1831      7.751      77.76     -1.153      -0.02      98703   4112.597    34.4299    27.3483    1488.54   1399.000 0.0000e+00
   1410.483     3.8445   3.255344          1    34.4300      0.093     2.1862      7.717      81.82     -0.186       0.15      98786   4116.022    34.4301    27.3487    1488.51   1398.000 0.0000e+00
   1409.471     3.8467   3.255493          1    34.4299      0.085     2.1842      7.711      99.10     -0.715      -0.69      98856   4118.968    34.4300    27.3484    1488.50   1397.000 0.0000e+00
   1408.459     3.8506   3.255746          1    34.4293      0.094     2.1839      7.713      98.71     -1.114      -0.38      98874   4119.693    34.4294    27.3476    1488.50   1396.000 0.0000e+00
   1407.446     3.8590   3.256414          1    34.4287      0.104     2.1810      7.718      92.03     -1.313      -0.19      98891   4120.418    34.4290    27.3464    1488.51   1395.000 0.0000e+00
   1406.434     3.8660   3.256950          1    34.4280      0.120     2.1804      7.724      22.60     -1.386      -0.01      98909   4121.161    34.4286    27.3453    1488.53   1394.000 0.0000e+00
   1405.422     3.8711   3.257320          1    34.4275      0.092     2.1841      7.736      95.96     -1.317       0.16      98929   4122.010    34.4281    27.3444    1488.53   1393.000 0.0000e+00
   1404.409     3.8578   3.256182          1    34.4290      0.103     2.1833      7.747      84.01     -0.075       0.15      99024   4125.966    34.4291    27.3466    1488.46   1392.000 0.0000e+00
   1403.397     3.8603   3.256345          1    34.4288      0.095     2.1818      7.749      98.81     -0.786      -0.44      99090   4128.719    34.4288    27.3461    1488.45   1391.000 0.0000e+00
   1402.385     3.8651   3.256683          1    34.4282      0.101     2.1799      7.746      98.65     -1.059      -0.25      99111   4129.564    34.4284    27.3453    1488.46   1390.000 0.0000e+00
   1401.373     3.8698   3.257041          1    34.4279      0.096     2.1795      7.731      97.95     -1.180      -0.04      99131   4130.411    34.4282    27.3447    1488.46   1389.000 0.0000e+00
   1400.360     3.8738   3.257319          1    34.4274      0.086     2.1798      7.717      98.68     -1.178       0.05      99152   4131.305    34.4278    27.3439    1488.46   1388.000 0.0000e+00
   1399.348     3.8740   3.257290          1    34.4274      0.094     2.1807      7.714      91.08     -0.997       0.23      99180   4132.465    34.4278    27.3439    1488.44   1387.000 0.0000e+00
   1398.336     3.8646   3.256491          1    34.4287      0.094     2.1878      7.707      87.96      0.064       0.01      99282   4136.689    34.4286    27.3456    1488.39   1386.000 0.0000e+00
   1397.324     3.8688   3.256779          1    34.4281      0.113     2.1849      7.708      40.58     -0.653      -0.35      99323   4138.402    34.4281    27.3447    1488.39   1385.000 0.0000e+00
   1396.311     3.8752   3.257257          1    34.4274      0.091     2.1791      7.709      94.48     -0.917      -0.18      99347   4139.412    34.4276    27.3437    1488.40   1384.000 0.0000e+00
   1395.299     3.8778   3.257428          1    34.4271      0.111     2.1798      7.710      57.48     -1.019      -0.06      99370   4140.394    34.4274    27.3432    1488.39   1383.000 0.0000e+00
   1394.287     3.8790   3.257488          1    34.4271      0.104     2.1848      7.712      97.55     -1.003       0.07      99396   4141.449    34.4274    27.3431    1488.38   1382.000 0.0000e+00
   1393.275     3.8766   3.257252          1    34.4274      0.099     2.1855      7.714      92.85     -0.408       0.18      99456   4143.955    34.4276    27.3435    1488.35   1381.000 0.0000e+00
   1392.262     3.8751   3.257074          1    34.4275      0.099     2.1808      7.712      98.90     -0.443      -0.43      99525   4146.852    34.4276    27.3436    1488.33   1380.000 0.0000e+00
   1391.250     3.8787   3.257334          1    34.4272      0.115     2.1883      7.712      42.94     -0.825      -0.21      99551   4147.937    34.4273    27.3430    1488.33   1379.000 0.0000e+00
   1390.238     3.8795   3.257360          1    34.4272      0.091     2.1865      7.712      97.76     -0.943      -0.04      99577   4149.000    34.4273    27.3430    1488.31   1378.000 0.0000e+00
   1389.226     3.8798   3.257333          1    34.4271      0.090     2.1844      7.711      93.34     -0.902       0.09      99605   4150.178    34.4272    27.3428    1488.30   1377.000 0.0000e+00
   1388.214     3.8797   3.257288          1    34.4272      0.082     2.1850      7.712      98.31     -0.690       0.16      99643   4151.759    34.4273    27.3429    1488.28   1376.000 0.0000e+00
   1387.201     3.8789   3.257180          1    34.4272      0.097     2.1815      7.712      86.27     -0.362       0.03      99704   4154.310    34.4273    27.3430    1488.26   1375.000 0.0000e+00
   1386.189     3.8797   3.257198          1    34.4272      0.087     2.1839      7.712      97.64     -0.414      -0.03      99764   4156.790    34.4272    27.3429    1488.25   1374.000 0.0000e+00
   1385.177     3.8809   3.257255          1    34.4271      0.103     2.1824      7.712      56.26     -0.598      -0.24      99802   4158.363    34.4272    27.3427    1488.23   1373.000 0.0000e+00
   1384.165     3.8825   3.257347          1    34.4269      0.089     2.1858      7.712      98.60     -0.864      -0.23      99827   4159.412    34.4270    27.3424    1488.22   1372.000 0.0000e+00
   1383.153     3.8828   3.257321          1    34.4268      0.094     2.1906      7.713      98.71     -1.022      -0.10      99850   4160.368    34.4269    27.3423    1488.21   1371.000 0.0000e+00
   1382.140     3.8837   3.257360          1    34.4269      0.093     2.1842      7.714      98.71     -1.015       0.10      99875   4161.434    34.4270    27.3423    1488.19   1370.000 0.0000e+00
   1381.128     3.8823   3.257210          1    34.4270      0.095     2.1860      7.713      96.81     -0.404       0.17      99937   4164.003    34.4271    27.3425    1488.17   1369.000 0.0000e+00
   1380.116     3.8820   3.257128          1    34.4269      0.108     2.1857      7.712      86.99     -0.398      -0.26     100012   4167.114    34.4269    27.3424    1488.15   1368.000 0.0000e+00
   1379.104     3.8851   3.257347          1    34.4268      0.111     2.1820      7.711      44.79     -0.707      -0.19     100042   4168.386    34.4269    27.3420    1488.15   1367.000 0.0000e+00
   1378.092     3.8864   3.257407          1    34.4266      0.116     2.1767      7.711      84.23     -0.889      -0.17     100067   4169.433    34.4267    27.3418    1488.14   1366.000 0.0000e+00
   1377.080     3.8859   3.257321          1    34.4267      0.122     2.1749      7.710      73.49     -1.019      -0.09     100090   4170.391    34.4267    27.3418    1488.12   1365.000 0.0000e+00
   1376.067     3.8846   3.257182          1    34.4268      0.104     2.1781      7.712      98.06     -1.038       0.06     100115   4171.413    34.4269    27.3421    1488.10   1364.000 0.0000e+00
   1375.055     3.8854   3.257207          1    34.4268      0.106     2.1851      7.714      88.62     -0.319       0.16     100185   4174.352    34.4269    27.3420    1488.08   1363.000 0.0000e+00
   1374.043     3.8853   3.257143          1    34.4267      0.105     2.1814      7.715      99.08     -0.482      -0.52     100259   4177.419    34.4267    27.3418    1488.07   1362.000 0.0000e+00
   1373.031     3.8866   3.257215          1    34.4266      0.101     2.1881      7.714      98.71     -0.929      -0.44     100279   4178.236    34.4267    27.3417    1488.06   1361.000 0.0000e+00
   1372.019     3.8902   3.257454          1    34.4262      0.100     2.1928      7.714      98.71     -1.198      -0.27     100297   4178.994    34.4263    27.3410    1488.05   1360.000 0.0000e+00
   1371.007     3.8916   3.257536          1    34.4261      0.099     2.1895      7.714      98.71     -1.333      -0.08     100315   4179.753    34.4263    27.3409    1488.04   1359.000 0.0000e+00
   1369.995     3.8894   3.257323          1    34.4265      0.103     2.1865      7.714      83.13     -0.501       0.18     100376   4182.300    34.4265    27.3413    1488.02   1358.000 0.0000e+00
