src/interpolation/Data/CTD/21w21h.cnv
* Sea-Bird SBE 9 Data File:
* FileName = E:\HOBAB2\w21.hex
* Software Version Seasave V 7.22.1
* Temperature SN = 5330
* Conductivity SN = 3693
* Number of Bytes Per Scan = 24
* Number of Voltage Words = 4
* Number of Scans Averaged by the Deck Unit = 1
* NMEA baud rate = 9600
# nquan = 18
# nvalues = 3045                        
# units = specified
# name 0 = prDM: Pressure, Digiquartz [db]
# name 1 = t090C: Temperature [ITS-90, deg C]
# name 2 = c0S/m: Conductivity [S/m]
# name 3 = pumps: Pump Status
# name 4 = sal00: Salinity, Practical [PSU]
# name 5 = seaTurbMtr: Turbidity, Seapoint [FTU]
# name 6 = sbeox0Mg/L: Oxygen, SBE 43 [mg/l]
# name 7 = ph: pH
# name 8 = altM: Altimeter [m]
# name 9 = dz/dtM: Descent Rate [m/s]
# name 10 = accM: Acceleration [m/s^2]
# name 11 = scan: Scan Count
# name 12 = timeS: Time, Elapsed [seconds]
# name 13 = sal00: Salinity, Practical [PSU]
# name 14 = sigma-t00: Density [sigma-t, kg/m^3 ]
# name 15 = svCM: Sound Velocity [Chen-Millero, m/s]
# name 16 = depSM: Depth [salt water, m], lat = 0
# name 17 = flag: flag
# span 0 =      1.005,   1543.137       
# span 1 =     3.8033,    24.1396       
# span 2 =   3.254024,   5.175350       
# span 3 =          1,          1       
# span 4 =    34.2368,    34.8105       
# span 5 =      0.025,      0.234       
# span 6 =     2.1723,     7.1880       
# span 7 =      7.629,      8.143       
# span 8 =       0.25,     116.87       
# span 9 =     -1.557,      1.352       
# span 10 =      -0.74,       0.70      
# span 11 =      16634,     160524      
# span 12 =    693.029,   6688.475      
# span 13 =    34.2389,    34.8085      
# span 14 =    23.3255,    27.3557      
# span 15 =    1483.02,    1532.49      
# span 16 =      1.000,   1529.000      
# span 17 = 0.0000e+00, 0.0000e+00      
# interval = meters: 1                  
# start_time = Apr 20 2014 15:13:27 [System UTC, header]
# bad_flag = -9.990e-29
*END*
[from data line 2734]
    312.955    16.4195   4.406033          1    34.6487      0.027     5.7935      7.917     100.06     -0.192      -0.14     142518   5938.188    34.6494    25.3814    1515.86    311.000 0.0000e+00
    311.948    16.4200   4.406077          1    34.6491      0.041     5.8062      7.918      75.21     -0.663      -0.38     142547   5939.398    34.6497    25.3815    1515.85    310.000 0.0000e+00
    310.941    16.4377   4.407930          1    34.6501      0.032     5.8072      7.917      98.23     -0.984      -0.31     142568   5940.277    34.6511    25.3785    1515.89    309.000 0.0000e+00
    309.934    16.4490   4.409046          1    34.6503      0.029     5.8284      7.917      98.70     -1.099       0.04     142591   5941.255    34.6515    25.3761    1515.91    308.000 0.0000e+00
    308.927    16.4643   4.410653          1    34.6516      0.034     5.8049      7.917      88.14     -0.398       0.20     142654   5943.871    34.6528    25.3735    1515.94    307.000 0.0000e+00
    307.920    16.4904   4.413319          1    34.6528      0.031     5.7996      7.916      99.37     -0.385      -0.23     142729   5947.001    34.6540    25.3684    1516.00    306.000 0.0000e+00
    306.913    16.5168   4.416062          1    34.6539      0.029     5.8086      7.916      98.71     -0.709      -0.31     142757   5948.163    34.6556    25.3635    1516.07    305.000 0.0000e+00
    305.906    16.5417   4.418612          1    34.6548      0.028     5.7848      7.916      98.71     -0.986      -0.32     142778   5949.027    34.6569    25.3587    1516.13    304.000 0.0000e+00
    304.899    16.5744   4.422048          1    34.6565      0.040     5.7778      7.914      70.17     -1.195      -0.19     142797   5949.818    34.6592    25.3528    1516.21    303.000 0.0000e+00
    303.892    16.6090   4.425646          1    34.6579      0.029     5.7648      7.914      96.78     -1.219       0.11     142818   5950.726    34.6612    25.3462    1516.30    302.000 0.0000e+00
    302.885    16.6497   4.430005          1    34.6619      0.040     5.8125      7.915      68.39     -0.024       0.14     142910   5954.544    34.6646    25.3394    1516.42    301.000 0.0000e+00
    301.878    16.6829   4.433741          1    34.6663      0.028     5.8990      7.915      99.15     -0.641      -0.35     142964   5956.800    34.6691    25.3351    1516.51    300.000 0.0000e+00
    300.871    16.7342   4.439196          1    34.6692      0.029     5.9159      7.915      98.71     -0.943      -0.28     142986   5957.695    34.6729    25.3259    1516.65    299.000 0.0000e+00
    299.864    16.7746   4.443532          1    34.6722      0.030     5.8888      7.916      98.71     -1.079      -0.04     143008   5958.632    34.6763    25.3191    1516.76    298.000 0.0000e+00
    298.857    16.8000   4.446227          1    34.6741      0.031     5.9177      7.916      87.21     -1.017       0.12     143034   5959.689    34.6783    25.3146    1516.82    297.000 0.0000e+00
    297.850    16.8246   4.448789          1    34.6761      0.030     5.9956      7.916      93.07     -0.609       0.23     143079   5961.570    34.6799    25.3100    1516.88    296.000 0.0000e+00
    296.843    16.8717   4.453697          1    34.6795      0.039     6.0140      7.915      73.69     -0.185      -0.18     143164   5965.140    34.6825    25.3010    1517.01    295.000 0.0000e+00
    295.836    16.8604   4.452485          1    34.6796      0.030     6.0297      7.915      99.15     -0.633      -0.29     143196   5966.452    34.6820    25.3032    1516.96    294.000 0.0000e+00
    294.829    16.8701   4.453457          1    34.6803      0.027     5.9961      7.914      98.71     -0.898      -0.20     143220   5967.474    34.6826    25.3014    1516.97    293.000 0.0000e+00
    293.822    16.8775   4.454133          1    34.6804      0.026     5.9928      7.914      98.71     -0.962       0.06     143247   5968.575    34.6825    25.2995    1516.98    292.000 0.0000e+00
    292.815    16.8781   4.454119          1    34.6805      0.028     5.9932      7.914      98.71     -0.686       0.19     143285   5970.163    34.6822    25.2992    1516.96    291.000 0.0000e+00
    291.808    16.8786   4.454054          1    34.6803      0.031     6.0020      7.913      91.14     -0.435       0.05     143339   5972.427    34.6816    25.2986    1516.94    290.000 0.0000e+00
    290.801    16.8776   4.453862          1    34.6803      0.029     5.9768      7.913      99.06     -0.446      -0.11     143393   5974.661    34.6811    25.2985    1516.92    289.000 0.0000e+00
    289.794    16.8786   4.453900          1    34.6803      0.040     5.9753      7.912      67.52     -0.657      -0.14     143428   5976.105    34.6810    25.2982    1516.91    288.000 0.0000e+00
    288.787    16.8929   4.455407          1    34.6812      0.028     5.9567      7.912      98.06     -0.789      -0.03     143458   5977.368    34.6822    25.2957    1516.94    287.000 0.0000e+00
    287.780    16.9023   4.456439          1    34.6825      0.031     5.9688      7.911      94.36     -0.684       0.11     143495   5978.909    34.6835    25.2944    1516.95    286.000 0.0000e+00
    286.773    16.9081   4.457009          1    34.6830      0.037     6.0153      7.911      70.47     -0.531       0.04     143540   5980.812    34.6839    25.2934    1516.95    285.000 0.0000e+00
    285.766    16.9147   4.457665          1    34.6835      0.028     5.9992      7.911      99.02     -0.473       0.02     143591   5982.918    34.6843    25.2921    1516.96    284.000 0.0000e+00
    284.759    16.9150   4.457728          1    34.6842      0.029     6.0143      7.911      98.71     -0.548      -0.11     143634   5984.717    34.6849    25.2926    1516.94    283.000 0.0000e+00
    283.753    16.9610   4.462700          1    34.6874      0.028     6.0000      7.910      98.71     -0.718      -0.11     143666   5986.058    34.6890    25.2848    1517.07    282.000 0.0000e+00
    282.746    17.0014   4.466971          1    34.6894      0.032     6.0053      7.910      85.69     -0.766       0.04     143699   5987.402    34.6918    25.2774    1517.17    281.000 0.0000e+00
    281.739    17.0284   4.470008          1    34.6929      0.027     6.0578      7.910      98.43     -0.610       0.11     143740   5989.113    34.6954    25.2737    1517.24    280.000 0.0000e+00
    280.732    17.0503   4.472380          1    34.6952      0.027     6.0889      7.909      98.71     -0.491      -0.03     143788   5991.115    34.6976    25.2702    1517.29    279.000 0.0000e+00
    279.725    17.0814   4.475588          1    34.6965      0.030     6.1006      7.909      87.43     -0.578      -0.03     143829   5992.854    34.6990    25.2639    1517.37    278.000 0.0000e+00
    278.718    17.1229   4.480107          1    34.7001      0.029     6.1182      7.908      98.82     -0.538       0.04     143874   5994.728    34.7030    25.2570    1517.49    277.000 0.0000e+00
    277.711    17.1258   4.480259          1    34.6999      0.029     6.1441      7.908      98.71     -0.566      -0.10     143916   5996.459    34.7022    25.2557    1517.48    276.000 0.0000e+00
    276.704    17.1602   4.483972          1    34.7025      0.032     6.1342      7.907      83.34     -0.706      -0.06     143950   5997.857    34.7052    25.2499    1517.57    275.000 0.0000e+00
    275.697    17.1780   4.485853          1    34.7041      0.027     6.1394      7.907      98.52     -0.682       0.07     143986   5999.373    34.7066    25.2467    1517.61    274.000 0.0000e+00
    274.691    17.1900   4.487056          1    34.7049      0.028     6.1498      7.907      98.71     -0.603       0.00     144026   6001.036    34.7071    25.2442    1517.62    273.000 0.0000e+00
    273.684    17.2038   4.488553          1    34.7064      0.031     6.1685      7.907      88.89     -0.593       0.05     144067   6002.761    34.7087    25.2421    1517.65    272.000 0.0000e+00
    272.677    17.2652   4.495070          1    34.7100      0.031     6.1763      7.906      98.83     -0.408       0.05     144124   6005.112    34.7128    25.2306    1517.82    271.000 0.0000e+00
    271.670    17.2491   4.493370          1    34.7104      0.027     6.1730      7.905      98.57     -0.504      -0.15     144172   6007.110    34.7123    25.2340    1517.76    270.000 0.0000e+00
    270.663    17.2908   4.497781          1    34.7126      0.033     6.1583      7.905      81.68     -0.716      -0.15     144203   6008.418    34.7150    25.2262    1517.87    269.000 0.0000e+00
    269.656    17.3233   4.501216          1    34.7144      0.028     6.1731      7.904      98.67     -0.869      -0.11     144230   6009.521    34.7172    25.2200    1517.95    268.000 0.0000e+00
    268.650    17.3410   4.503024          1    34.7152      0.028     6.1272      7.904      98.71     -0.913       0.03     144257   6010.653    34.7181    25.2164    1517.99    267.000 0.0000e+00
    267.643    17.3552   4.504498          1    34.7166      0.031     6.1315      7.903      93.48     -0.502       0.18     144309   6012.837    34.7190    25.2137    1518.01    266.000 0.0000e+00
    266.636    17.3666   4.505626          1    34.7176      0.034     6.1148      7.903      99.24     -0.288      -0.28     144388   6016.114    34.7193    25.2112    1518.03    265.000 0.0000e+00
    265.629    17.3817   4.507207          1    34.7187      0.029     6.1165      7.902      98.71     -0.711      -0.31     144415   6017.247    34.7205    25.2085    1518.06    264.000 0.0000e+00
    264.622    17.4033   4.509470          1    34.7198      0.034     6.0993      7.902      82.66     -0.968      -0.21     144438   6018.196    34.7219    25.2044    1518.11    263.000 0.0000e+00
    263.615    17.4201   4.511191          1    34.7205      0.030     6.1261      7.902      93.31     -1.020       0.09     144463   6019.259    34.7227    25.2009    1518.15    262.000 0.0000e+00
    262.609    17.4233   4.511463          1    34.7209      0.031     6.1512      7.901      98.67     -0.493       0.21     144514   6021.380    34.7226    25.2001    1518.14    261.000 0.0000e+00
    261.602    17.4289   4.512026          1    34.7218      0.032     6.1418      7.901      86.46     -0.438      -0.18     144571   6023.750    34.7231    25.1992    1518.14    260.000 0.0000e+00
    260.595    17.4369   4.512825          1    34.7223      0.030     6.1492      7.901      98.38     -0.637      -0.05     144608   6025.300    34.7236    25.1975    1518.15    259.000 0.0000e+00
    259.588    17.4452   4.513681          1    34.7230      0.027     6.1184      7.900      98.71     -0.661      -0.01     144645   6026.815    34.7242    25.1960    1518.15    258.000 0.0000e+00
    258.581    17.4566   4.514888          1    34.7240      0.034     6.1579      7.900      85.30     -0.659       0.03     144682   6028.367    34.7252    25.1940    1518.17    257.000 0.0000e+00
    257.575    17.4846   4.517825          1    34.7253      0.030     6.1438      7.900      98.41     -0.513       0.07     144729   6030.329    34.7269    25.1886    1518.24    256.000 0.0000e+00
    256.568    17.4885   4.518168          1    34.7257      0.035     6.1412      7.900      88.30     -0.516      -0.09     144775   6032.251    34.7270    25.1877    1518.24    255.000 0.0000e+00
    255.561    17.5095   4.520414          1    34.7271      0.034     6.1041      7.899      77.40     -0.674      -0.10     144810   6033.690    34.7287    25.1839    1518.28    254.000 0.0000e+00
    254.554    17.5491   4.524459          1    34.7279      0.029     6.0993      7.899      98.18     -0.773      -0.05     144840   6034.966    34.7300    25.1754    1518.38    253.000 0.0000e+00
    253.548    17.5698   4.526608          1    34.7290      0.030     6.0962      7.899      98.69     -0.731       0.10     144875   6036.417    34.7312    25.1713    1518.43    252.000 0.0000e+00
    252.541    17.6674   4.536857          1    34.7328      0.031     6.1554      7.898      92.17     -0.286       0.08     144944   6039.283    34.7362    25.1514    1518.71    251.000 0.0000e+00
    251.534    17.6522   4.535341          1    34.7342      0.034     6.1406      7.898      98.96     -0.502      -0.30     144996   6041.451    34.7366    25.1554    1518.65    250.000 0.0000e+00
    250.527    17.6933   4.539541          1    34.7351      0.030     6.1238      7.898      98.71     -0.827      -0.27     145021   6042.489    34.7380    25.1465    1518.75    249.000 0.0000e+00
    249.521    17.7117   4.541398          1    34.7357      0.030     6.1636      7.897      98.71     -1.015      -0.11     145044   6043.444    34.7386    25.1424    1518.79    248.000 0.0000e+00
    248.514    17.7167   4.541875          1    34.7362      0.047     6.1588      7.897      44.52     -0.969       0.15     145071   6044.584    34.7387    25.1413    1518.79    247.000 0.0000e+00
    247.507    17.7353   4.543760          1    34.7372      0.028     6.1361      7.897      98.11     -0.341       0.15     145134   6047.227    34.7394    25.1373    1518.83    246.000 0.0000e+00
    246.500    17.7357   4.543704          1    34.7375      0.033     6.1623      7.896      98.78     -0.463      -0.24     145195   6049.732    34.7390    25.1369    1518.81    245.000 0.0000e+00
    245.494    17.7395   4.544071          1    34.7379      0.030     6.1471      7.896      98.71     -0.716      -0.12     145226   6051.050    34.7392    25.1362    1518.81    244.000 0.0000e+00
    244.487    17.7538   4.545589          1    34.7390      0.039     6.1327      7.896      62.53     -0.785      -0.00     145257   6052.347    34.7405    25.1336    1518.84    243.000 0.0000e+00
    243.480    17.7692   4.547155          1    34.7396      0.033     6.1554      7.896      87.05     -0.686       0.10     145294   6053.866    34.7411    25.1303    1518.86    242.000 0.0000e+00
    242.474    17.7784   4.548141          1    34.7406      0.029     6.1356      7.896      95.59     -0.583       0.02     145335   6055.596    34.7420    25.1288    1518.88    241.000 0.0000e+00
    241.467    17.8012   4.550476          1    34.7414      0.028     6.1345      7.895      98.71     -0.568       0.01     145378   6057.373    34.7430    25.1240    1518.93    240.000 0.0000e+00
    240.460    17.8305   4.553428          1    34.7417      0.033     6.1434      7.895      98.71     -0.546       0.02     145422   6059.221    34.7437    25.1174    1519.00    239.000 0.0000e+00
    239.453    17.8698   4.557603          1    34.7440      0.031     6.1526      7.895      98.71     -0.506       0.01     145470   6061.200    34.7463    25.1097    1519.10    238.000 0.0000e+00
    238.447    17.8740   4.558005          1    34.7446      0.030     6.1476      7.894      98.71     -0.570      -0.08     145511   6062.934    34.7465    25.1089    1519.09    237.000 0.0000e+00
    237.440    17.8852   4.559109          1    34.7450      0.029     6.1313      7.894      98.71     -0.682      -0.05     145546   6064.386    34.7468    25.1063    1519.11    236.000 0.0000e+00
    236.433    17.8943   4.559989          1    34.7453      0.031     6.1343      7.894      98.71     -0.732      -0.03     145579   6065.747    34.7469    25.1042    1519.12    235.000 0.0000e+00
    235.427    17.9024   4.560786          1    34.7457      0.029     6.1276      7.894      98.71     -0.649       0.13     145618   6067.374    34.7472    25.1024    1519.13    234.000 0.0000e+00
    234.420    17.9160   4.562153          1    34.7463      0.030     6.1679      7.894      98.71     -0.374      -0.01     145675   6069.768    34.7477    25.0994    1519.15    233.000 0.0000e+00
    233.413    17.9157   4.562121          1    34.7470      0.031     6.1588      7.894      98.71     -0.602      -0.18     145714   6071.375    34.7481    25.0998    1519.14    232.000 0.0000e+00
