src/interpolation/Data/CTD/21w21h.cnv
* Sea-Bird SBE 9 Data File:
* FileName = E:\HOBAB2\w21.hex
* Software Version Seasave V 7.22.1
* Temperature SN = 5330
* Conductivity SN = 3693
* Number of Bytes Per Scan = 24
* Number of Voltage Words = 4
* Number of Scans Averaged by the Deck Unit = 1
* NMEA baud rate = 9600
# nquan = 18
# nvalues = 3045                        
# units = specified
# name 0 = prDM: Pressure, Digiquartz [db]
# name 1 = t090C: Temperature [ITS-90, deg C]
# name 2 = c0S/m: Conductivity [S/m]
# name 3 = pumps: Pump Status
# name 4 = sal00: Salinity, Practical [PSU]
# name 5 = seaTurbMtr: Turbidity, Seapoint [FTU]
# name 6 = sbeox0Mg/L: Oxygen, SBE 43 [mg/l]
# name 7 = ph: pH
# name 8 = altM: Altimeter [m]
# name 9 = dz/dtM: Descent Rate [m/s]
# name 10 = accM: Acceleration [m/s^2]
# name 11 = scan: Scan Count
# name 12 = timeS: Time, Elapsed [seconds]
# name 13 = sal00: Salinity, Practical [PSU]
# name 14 = sigma-t00: Density [sigma-t, kg/m^3 ]
# name 15 = svCM: Sound Velocity [Chen-Millero, m/s]
# name 16 = depSM: Depth [salt water, m], lat = 0
# name 17 = flag: flag
# span 0 =      1.005,   1543.137       
# span 1 =     3.8033,    24.1396       
# span 2 =   3.254024,   5.175350       
# span 3 =          1,          1       
# span 4 =    34.2368,    34.8105       
# span 5 =      0.025,      0.234       
# span 6 =     2.1723,     7.1880       
# span 7 =      7.629,      8.143       
# span 8 =       0.25,     116.87       
# span 9 =     -1.557,      1.352       
# span 10 =      -0.74,       0.70      
# span 11 =      16634,     160524      
# span 12 =    693.029,   6688.475      
# span 13 =    34.2389,    34.8085      
# span 14 =    23.3255,    27.3557      
# span 15 =    1483.02,    1532.49      
# span 16 =      1.000,   1529.000      
# span 17 = 0.0000e+00, 0.0000e+00      
# interval = meters: 1                  
# start_time = Apr 20 2014 15:13:27 [System UTC, header]
# bad_flag = -9.990e-29
*END*
[from data line 161]
    175.035    19.2385   4.697420          1    34.7986      0.033     6.1744      7.931      98.37      0.768      -0.11      32794   1366.374    34.7936    24.8024    1522.03    174.000 0.0000e+00
    176.042    19.2121   4.694807          1    34.7979      0.034     6.1656      7.932      96.80      0.544      -0.10      32839   1368.262    34.7935    24.8091    1521.97    175.000 0.0000e+00
    177.048    19.2089   4.694558          1    34.7970      0.033     6.2050      7.932      91.16      0.418      -0.01      32896   1370.631    34.7938    24.8101    1521.98    176.000 0.0000e+00
    178.054    19.2081   4.694556          1    34.7964      0.036     6.2164      7.932      86.69      0.434       0.05      32951   1372.931    34.7941    24.8106    1521.99    177.000 0.0000e+00
    179.061    19.2056   4.694390          1    34.7963      0.040     6.1975      7.932      79.11      0.624       0.21      32987   1374.418    34.7944    24.8115    1522.00    178.000 0.0000e+00
    180.067    19.2045   4.694339          1    34.7962      0.032     6.2085      7.932      97.98      0.863       0.20      33012   1375.470    34.7945    24.8118    1522.02    179.000 0.0000e+00
    181.074    19.2049   4.694427          1    34.7960      0.036     6.2045      7.932      98.54      0.989       0.03      33037   1376.495    34.7946    24.8118    1522.03    180.000 0.0000e+00
    182.080    19.2047   4.694450          1    34.7958      0.034     6.1898      7.932      98.70      0.771      -0.22      33072   1377.959    34.7946    24.8118    1522.05    181.000 0.0000e+00
    183.087    19.2026   4.694293          1    34.7955      0.038     6.2045      7.932      90.99      0.273      -0.04      33143   1380.935    34.7947    24.8124    1522.06    182.000 0.0000e+00
    184.093    19.1957   4.693630          1    34.7953      0.032     6.2281      7.932      96.19      0.469       0.21      33199   1383.261    34.7946    24.8141    1522.06    183.000 0.0000e+00
    185.099    19.1942   4.693524          1    34.7952      0.047     6.2047      7.933      56.97      0.759       0.26      33227   1384.400    34.7946    24.8145    1522.07    184.000 0.0000e+00
    186.106    19.1942   4.693568          1    34.7952      0.033     6.1863      7.932      98.91      0.979       0.19      33250   1385.359    34.7946    24.8145    1522.09    185.000 0.0000e+00
    187.112    19.1896   4.693135          1    34.7950      0.033     6.1965      7.932      98.71      1.033      -0.06      33274   1386.385    34.7944    24.8156    1522.09    186.000 0.0000e+00
    188.119    19.1574   4.689741          1    34.7939      0.038     6.1645      7.933      82.40      0.383      -0.18      33337   1388.999    34.7928    24.8226    1522.02    187.000 0.0000e+00
    189.125    19.0939   4.683254          1    34.7935      0.037     6.1577      7.933      95.95      0.440       0.40      33405   1391.849    34.7915    24.8378    1521.85    188.000 0.0000e+00
    190.132    19.0647   4.680314          1    34.7937      0.034     6.1140      7.933      98.72      0.844       0.34      33429   1392.814    34.7912    24.8450    1521.78    189.000 0.0000e+00
    191.138    19.0208   4.675768          1    34.7929      0.032     6.1052      7.933      98.71      1.051       0.10      33451   1393.751    34.7897    24.8551    1521.67    190.000 0.0000e+00
    192.144    18.9550   4.668880          1    34.7912      0.038     6.1380      7.933      89.95      0.981      -0.17      33478   1394.883    34.7869    24.8697    1521.50    191.000 0.0000e+00
    193.151    18.8789   4.660962          1    34.7886      0.036     6.1418      7.933      93.65      0.318      -0.15      33545   1397.658    34.7842    24.8870    1521.30    192.000 0.0000e+00
    194.157    18.8516   4.658134          1    34.7866      0.043     6.1021      7.934      66.57      0.474       0.38      33607   1400.256    34.7831    24.8931    1521.23    193.000 0.0000e+00
    195.164    18.8279   4.655625          1    34.7853      0.033     6.0895      7.934      98.70      0.840       0.27      33631   1401.271    34.7816    24.8980    1521.18    194.000 0.0000e+00
    196.170    18.7861   4.651318          1    34.7845      0.033     6.0897      7.934      98.71      1.006       0.06      33655   1402.262    34.7803    24.9075    1521.08    195.000 0.0000e+00
    197.177    18.7321   4.645686          1    34.7829      0.042     6.1053      7.934      63.58      0.945      -0.12      33683   1403.405    34.7781    24.9195    1520.93    196.000 0.0000e+00
    198.183    18.6922   4.641607          1    34.7813      0.035     6.1222      7.934      88.67      0.448      -0.17      33740   1405.799    34.7771    24.9288    1520.84    197.000 0.0000e+00
    199.190    18.6650   4.638906          1    34.7800      0.031     6.1134      7.936      99.38      0.312       0.31      33820   1409.124    34.7769    24.9355    1520.78    198.000 0.0000e+00
    200.196    18.6493   4.637407          1    34.7802      0.035     6.1367      7.932      98.71      0.743       0.38      33844   1410.131    34.7771    24.9397    1520.75    199.000 0.0000e+00
    201.203    18.6144   4.633726          1    34.7789      0.037     6.1440      7.931      98.71      1.031       0.26      33865   1411.005    34.7752    24.9470    1520.66    200.000 0.0000e+00
    202.209    18.5814   4.630288          1    34.7776      0.033     6.1393      7.930      98.71      1.133      -0.01      33887   1411.925    34.7738    24.9542    1520.58    201.000 0.0000e+00
    203.216    18.5635   4.628474          1    34.7769      0.035     6.1144      7.932      98.71      0.889      -0.27      33919   1413.240    34.7732    24.9583    1520.55    202.000 0.0000e+00
    204.222    18.5526   4.627425          1    34.7755      0.038     6.1225      7.935      83.73      0.014       0.03      34016   1417.300    34.7732    24.9610    1520.53    203.000 0.0000e+00
    205.229    18.4749   4.619474          1    34.7746      0.031     6.1283      7.938      98.92      0.613       0.42      34058   1419.048    34.7713    24.9790    1520.32    204.000 0.0000e+00
    206.235    18.4365   4.615595          1    34.7747      0.031     6.0953      7.936      98.71      0.969       0.36      34079   1419.901    34.7706    24.9881    1520.23    205.000 0.0000e+00
    207.242    18.4108   4.612854          1    34.7731      0.033     6.1130      7.932      98.71      1.176       0.14      34099   1420.731    34.7688    24.9931    1520.17    206.000 0.0000e+00
    208.248    18.3864   4.610355          1    34.7722      0.033     6.1381      7.935      97.35      1.104      -0.21      34123   1421.769    34.7680    24.9986    1520.11    207.000 0.0000e+00
    209.255    18.3696   4.608662          1    34.7707      0.033     6.1536      7.936      95.14      0.367      -0.17      34189   1424.513    34.7675    25.0024    1520.08    208.000 0.0000e+00
    210.262    18.3641   4.608219          1    34.7701      0.038     6.1591      7.936      87.11      0.392       0.29      34264   1427.634    34.7680    25.0041    1520.08    209.000 0.0000e+00
    211.268    18.3571   4.607574          1    34.7701      0.031     6.1592      7.937      98.94      0.751       0.27      34291   1428.734    34.7681    25.0060    1520.08    210.000 0.0000e+00
    212.275    18.3476   4.606668          1    34.7700      0.033     6.1394      7.939      98.71      0.959       0.12      34315   1429.743    34.7681    25.0083    1520.07    211.000 0.0000e+00
    213.281    18.3396   4.605909          1    34.7700      0.032     6.1372      7.937      98.71      0.955      -0.09      34341   1430.853    34.7681    25.0103    1520.06    212.000 0.0000e+00
    214.288    18.3350   4.605476          1    34.7695      0.033     6.1299      7.938      96.21      0.673      -0.20      34381   1432.507    34.7679    25.0113    1520.06    213.000 0.0000e+00
    215.294    18.3316   4.605172          1    34.7690      0.030     6.1546      7.938      99.06      0.266       0.05      34450   1435.390    34.7679    25.0122    1520.07    214.000 0.0000e+00
    216.301    18.3259   4.604518          1    34.7678      0.042     6.1571      7.939      76.78      0.600       0.24      34489   1436.986    34.7668    25.0127    1520.07    215.000 0.0000e+00
    217.307    18.3191   4.603894          1    34.7679      0.033     6.1471      7.939      98.51      0.758      -0.00      34521   1438.318    34.7669    25.0145    1520.07    216.000 0.0000e+00
    218.314    18.3013   4.601909          1    34.7661      0.030     6.1248      7.939      98.71      0.656      -0.08      34558   1439.886    34.7648    25.0173    1520.03    217.000 0.0000e+00
    219.321    18.2646   4.598072          1    34.7647      0.042     6.1380      7.939      69.80      0.591      -0.02      34599   1441.599    34.7630    25.0250    1519.94    218.000 0.0000e+00
    220.327    18.2541   4.597038          1    34.7644      0.030     6.1349      7.940      98.94      0.555      -0.00      34643   1443.410    34.7628    25.0275    1519.92    219.000 0.0000e+00
    221.334    18.2360   4.595133          1    34.7632      0.041     6.1465      7.940      58.41      0.590       0.05      34683   1445.089    34.7615    25.0311    1519.89    220.000 0.0000e+00
    222.340    18.2243   4.594049          1    34.7635      0.031     6.1247      7.940      93.27      0.680       0.05      34718   1446.549    34.7619    25.0343    1519.87    221.000 0.0000e+00
    223.347    18.2138   4.592900          1    34.7623      0.031     6.1149      7.941      94.05      0.666      -0.06      34755   1448.099    34.7607    25.0360    1519.85    222.000 0.0000e+00
    224.354    18.1958   4.591124          1    34.7620      0.031     6.1205      7.940      98.65      0.488      -0.07      34805   1450.157    34.7605    25.0402    1519.82    223.000 0.0000e+00
    225.360    18.1745   4.588920          1    34.7610      0.039     6.1641      7.941      72.75      0.427       0.04      34860   1452.459    34.7595    25.0447    1519.77    224.000 0.0000e+00
    226.367    18.1537   4.586738          1    34.7599      0.034     6.1672      7.941      99.27      0.611       0.21      34897   1453.995    34.7582    25.0489    1519.72    225.000 0.0000e+00
    227.374    18.1129   4.582475          1    34.7587      0.033     6.1541      7.941      98.71      0.855       0.20      34923   1455.065    34.7562    25.0575    1519.62    226.000 0.0000e+00
    228.380    18.0697   4.577921          1    34.7569      0.044     6.1420      7.941      46.71      0.943      -0.03      34949   1456.173    34.7538    25.0663    1519.51    227.000 0.0000e+00
    229.387    18.0006   4.570653          1    34.7541      0.032     6.1372      7.942      93.74      0.580      -0.20      34994   1458.028    34.7501    25.0805    1519.32    228.000 0.0000e+00
    230.393    17.9596   4.566464          1    34.7525      0.031     6.1502      7.942      98.54      0.402      -0.00      35054   1460.538    34.7489    25.0897    1519.22    229.000 0.0000e+00
    231.400    17.9458   4.565070          1    34.7512      0.044     6.1230      7.942      81.80      0.410       0.08      35111   1462.931    34.7484    25.0926    1519.19    230.000 0.0000e+00
    232.407    17.9315   4.563671          1    34.7509      0.031     6.1367      7.943      99.11      0.668       0.29      35143   1464.245    34.7482    25.0960    1519.16    231.000 0.0000e+00
    233.413    17.9094   4.561365          1    34.7499      0.033     6.1552      7.943      98.71      0.946       0.26      35165   1465.185    34.7469    25.1005    1519.12    232.000 0.0000e+00
    234.420    17.8638   4.556633          1    34.7486      0.033     6.1577      7.943      98.71      1.078       0.02      35188   1466.133    34.7450    25.1102    1519.00    233.000 0.0000e+00
    235.427    17.8493   4.555157          1    34.7472      0.035     6.1463      7.944      87.76      0.472      -0.20      35246   1468.526    34.7443    25.1132    1518.97    234.000 0.0000e+00
    236.433    17.8077   4.550782          1    34.7447      0.029     6.1420      7.943      99.60      0.361       0.41      35323   1471.766    34.7420    25.1216    1518.86    235.000 0.0000e+00
    237.440    17.7795   4.548048          1    34.7452      0.032     6.1324      7.944      98.71      0.811       0.37      35346   1472.698    34.7422    25.1286    1518.79    236.000 0.0000e+00
    238.447    17.7668   4.546807          1    34.7450      0.029     6.1211      7.944      98.71      1.043       0.13      35368   1473.631    34.7420    25.1316    1518.77    237.000 0.0000e+00
    239.453    17.7644   4.546597          1    34.7444      0.030     6.1008      7.944      98.71      0.960      -0.19      35396   1474.805    34.7419    25.1321    1518.78    238.000 0.0000e+00
    240.460    17.7619   4.546384          1    34.7438      0.037     6.0996      7.944      80.92      0.469      -0.16      35448   1476.978    34.7419    25.1327    1518.79    239.000 0.0000e+00
    241.467    17.7601   4.546257          1    34.7433      0.031     6.1074      7.945      99.77      0.380       0.09      35511   1479.601    34.7419    25.1332    1518.80    240.000 0.0000e+00
    242.474    17.7575   4.546054          1    34.7431      0.030     6.1100      7.945      98.71      0.614       0.19      35548   1481.130    34.7420    25.1339    1518.81    241.000 0.0000e+00
    243.480    17.7546   4.545797          1    34.7430      0.034     6.1170      7.945      98.71      0.817       0.12      35576   1482.306    34.7419    25.1345    1518.82    242.000 0.0000e+00
    244.487    17.7485   4.545174          1    34.7424      0.039     6.1203      7.945      82.11      0.771      -0.14      35610   1483.705    34.7414    25.1356    1518.82    243.000 0.0000e+00
    245.494    17.7392   4.544241          1    34.7419      0.035     6.0874      7.946      99.86      0.455      -0.05      35659   1485.770    34.7409    25.1375    1518.81    244.000 0.0000e+00
    246.500    17.7297   4.543249          1    34.7412      0.034     6.0591      7.945      87.96      0.612       0.16      35697   1487.354    34.7402    25.1393    1518.80    245.000 0.0000e+00
    247.507    17.6716   4.537000          1    34.7379      0.038     6.1126      7.946      76.02      0.708      -0.04      35732   1488.802    34.7357    25.1500    1518.64    246.000 0.0000e+00
    248.514    17.6304   4.532821          1    34.7371      0.030     6.1214      7.946      99.57      0.399      -0.10      35789   1491.164    34.7347    25.1592    1518.53    247.000 0.0000e+00
    249.521    17.6098   4.530684          1    34.7358      0.030     6.1447      7.946      98.71      0.499       0.22      35838   1493.195    34.7336    25.1634    1518.49    248.000 0.0000e+00
    250.527    17.6025   4.530072          1    34.7362      0.031     6.1158      7.946      98.71      0.776       0.21      35866   1494.362    34.7341    25.1655    1518.48    249.000 0.0000e+00
    251.534    17.5974   4.529612          1    34.7361      0.036     6.0875      7.946      84.60      0.922       0.06      35891   1495.433    34.7342    25.1668    1518.48    250.000 0.0000e+00
    252.541    17.5727   4.526961          1    34.7344      0.031     6.0780      7.946      97.99      0.868      -0.13      35921   1496.683    34.7321    25.1713    1518.42    251.000 0.0000e+00
    253.548    17.5282   4.522319          1    34.7322      0.035     6.0708      7.946      87.90      0.304      -0.12      35989   1499.481    34.7298    25.1803    1518.31    252.000 0.0000e+00
    254.554    17.5174   4.521191          1    34.7309      0.031     6.0817      7.947      99.07      0.478       0.31      36046   1501.878    34.7290    25.1823    1518.29    253.000 0.0000e+00
