src/interpolation/Data/CTD/21w21h.cnv
* Sea-Bird SBE 9 Data File:
* FileName = E:\HOBAB2\w21.hex
* Software Version Seasave V 7.22.1
* Temperature SN = 5330
* Conductivity SN = 3693
* Number of Bytes Per Scan = 24
* Number of Voltage Words = 4
* Number of Scans Averaged by the Deck Unit = 1
* NMEA baud rate = 9600
# nquan = 18
# nvalues = 3045                        
# units = specified
# name 0 = prDM: Pressure, Digiquartz [db]
# name 1 = t090C: Temperature [ITS-90, deg C]
# name 2 = c0S/m: Conductivity [S/m]
# name 3 = pumps: Pump Status
# name 4 = sal00: Salinity, Practical [PSU]
# name 5 = seaTurbMtr: Turbidity, Seapoint [FTU]
# name 6 = sbeox0Mg/L: Oxygen, SBE 43 [mg/l]
# name 7 = ph: pH
# name 8 = altM: Altimeter [m]
# name 9 = dz/dtM: Descent Rate [m/s]
# name 10 = accM: Acceleration [m/s^2]
# name 11 = scan: Scan Count
# name 12 = timeS: Time, Elapsed [seconds]
# name 13 = sal00: Salinity, Practical [PSU]
# name 14 = sigma-t00: Density [sigma-t, kg/m^3 ]
# name 15 = svCM: Sound Velocity [Chen-Millero, m/s]
# name 16 = depSM: Depth [salt water, m], lat = 0
# name 17 = flag: flag
# span 0 =      1.005,   1543.137       
# span 1 =     3.8033,    24.1396       
# span 2 =   3.254024,   5.175350       
# span 3 =          1,          1       
# span 4 =    34.2368,    34.8105       
# span 5 =      0.025,      0.234       
# span 6 =     2.1723,     7.1880       
# span 7 =      7.629,      8.143       
# span 8 =       0.25,     116.87       
# span 9 =     -1.557,      1.352       
# span 10 =      -0.74,       0.70      
# span 11 =      16634,     160524      
# span 12 =    693.029,   6688.475      
# span 13 =    34.2389,    34.8085      
# span 14 =    23.3255,    27.3557      
# span 15 =    1483.02,    1532.49      
# span 16 =      1.000,   1529.000      
# span 17 = 0.0000e+00, 0.0000e+00      
# interval = meters: 1                  
# start_time = Apr 20 2014 15:13:27 [System UTC, header]
# bad_flag = -9.990e-29
*END*
[from data line 403]
    418.722    13.9361   4.152459          1    34.5035      0.031     5.3838      7.983      98.71      0.727       0.28      42725   1780.155    34.5017    25.8154    1509.61    416.000 0.0000e+00
    419.729    13.9276   4.151620          1    34.5029      0.031     5.4027      7.983      98.71      0.915       0.07      42751   1781.231    34.5011    25.8167    1509.60    417.000 0.0000e+00
    420.737    13.8552   4.143921          1    34.4975      0.033     5.4112      7.983      97.46      0.843      -0.15      42781   1782.520    34.4939    25.8262    1509.37    418.000 0.0000e+00
    421.744    13.7194   4.130014          1    34.4912      0.039     5.4060      7.984      73.43      0.511      -0.14      42830   1784.561    34.4857    25.8481    1508.93    419.000 0.0000e+00
    422.752    13.6926   4.127319          1    34.4884      0.041     5.4126      7.983      76.66      0.348       0.06      42896   1787.289    34.4842    25.8524    1508.86    420.000 0.0000e+00
    423.759    13.6833   4.126440          1    34.4875      0.031     5.4014      7.983      99.45      0.567       0.23      42936   1788.975    34.4840    25.8542    1508.85    421.000 0.0000e+00
    424.767    13.6793   4.126109          1    34.4872      0.032     5.3814      7.983      98.71      0.839       0.24      42962   1790.037    34.4840    25.8550    1508.85    422.000 0.0000e+00
    425.775    13.6741   4.125623          1    34.4866      0.033     5.3855      7.983      98.71      1.000       0.07      42986   1791.024    34.4837    25.8558    1508.85    423.000 0.0000e+00
    426.782    13.6703   4.125277          1    34.4859      0.033     5.3844      7.983      96.02      0.660      -0.23      43028   1792.779    34.4835    25.8565    1508.85    424.000 0.0000e+00
    427.790    13.6661   4.124903          1    34.4850      0.032     5.4060      7.982      99.10      0.225       0.23      43104   1795.955    34.4834    25.8573    1508.86    425.000 0.0000e+00
    428.797    13.6567   4.123998          1    34.4845      0.033     5.3773      7.982      93.59      0.663       0.22      43135   1797.250    34.4829    25.8589    1508.84    426.000 0.0000e+00
    429.805    13.6503   4.123377          1    34.4839      0.039     5.3829      7.982      79.88      0.830       0.05      43164   1798.453    34.4825    25.8599    1508.84    427.000 0.0000e+00
    430.813    13.6416   4.122517          1    34.4833      0.033     5.3887      7.982      98.49      0.798      -0.06      43195   1799.755    34.4818    25.8611    1508.82    428.000 0.0000e+00
    431.820    13.6329   4.121637          1    34.4823      0.038     5.3858      7.982      80.13      0.544      -0.16      43242   1801.688    34.4811    25.8623    1508.81    429.000 0.0000e+00
    432.828    13.6225   4.120590          1    34.4814      0.032     5.3732      7.982     100.04      0.363       0.12      43303   1804.259    34.4802    25.8638    1508.79    430.000 0.0000e+00
    433.835    13.6081   4.119151          1    34.4805      0.030     5.3934      7.981      98.71      0.642       0.20      43338   1805.705    34.4793    25.8661    1508.76    431.000 0.0000e+00
    434.843    13.5890   4.117271          1    34.4800      0.032     5.4047      7.981      98.71      0.826       0.10      43366   1806.872    34.4784    25.8693    1508.71    432.000 0.0000e+00
    435.851    13.5642   4.114773          1    34.4789      0.033     5.4165      7.981      98.71      0.859      -0.05      43395   1808.086    34.4769    25.8733    1508.65    433.000 0.0000e+00
    436.858    13.5279   4.111103          1    34.4770      0.034     5.3807      7.981      95.60      0.444      -0.17      43450   1810.358    34.4748    25.8791    1508.54    434.000 0.0000e+00
    437.866    13.4936   4.107600          1    34.4748      0.044     5.3786      7.981      62.49      0.425       0.24      43509   1812.829    34.4724    25.8842    1508.44    435.000 0.0000e+00
    438.874    13.3629   4.094014          1    34.4674      0.031     5.3682      7.980      98.38      0.711       0.13      43541   1814.153    34.4620    25.9028    1508.02    436.000 0.0000e+00
    439.881    13.2564   4.083472          1    34.4652      0.031     5.3572      7.980      98.71      0.686      -0.10      43577   1815.680    34.4584    25.9217    1507.68    437.000 0.0000e+00
    440.889    13.2259   4.080313          1    34.4619      0.030     5.3217      7.980      98.71      0.579       0.01      43618   1817.390    34.4558    25.9258    1507.59    438.000 0.0000e+00
    441.897    13.1696   4.074693          1    34.4596      0.031     5.3011      7.979      98.19      0.673       0.07      43654   1818.855    34.4532    25.9352    1507.41    439.000 0.0000e+00
    442.904    13.1251   4.070136          1    34.4560      0.045     5.3067      7.979      93.86      0.632      -0.09      43693   1820.499    34.4499    25.9416    1507.28    440.000 0.0000e+00
    443.912    13.0943   4.067256          1    34.4554      0.032     5.2919      7.979      98.72      0.493      -0.03      43742   1822.523    34.4502    25.9480    1507.19    441.000 0.0000e+00
    444.920    13.0337   4.061045          1    34.4513      0.049     5.2791      7.979      81.99      0.494       0.02      43790   1824.560    34.4457    25.9567    1507.00    442.000 0.0000e+00
    445.927    12.9720   4.054773          1    34.4473      0.031     5.2924      7.978      98.99      0.564       0.06      43833   1826.322    34.4417    25.9659    1506.81    443.000 0.0000e+00
    446.935    12.9407   4.051746          1    34.4464      0.042     5.2811      7.978      64.97      0.673       0.09      43868   1827.773    34.4409    25.9716    1506.72    444.000 0.0000e+00
    447.943    12.8621   4.043846          1    34.4433      0.033     5.2842      7.978      90.40      0.750       0.01      43900   1829.113    34.4368    25.9840    1506.47    445.000 0.0000e+00
    448.951    12.7981   4.037532          1    34.4411      0.033     5.2584      7.978      98.51      0.704      -0.06      43935   1830.587    34.4343    25.9948    1506.27    446.000 0.0000e+00
    449.958    12.8114   4.038946          1    34.4402      0.032     5.2162      7.978      98.71      0.514      -0.10      43983   1832.567    34.4353    25.9930    1506.33    447.000 0.0000e+00
    450.966    12.8139   4.039309          1    34.4394      0.039     5.2228      7.977      77.26      0.433       0.07      44037   1834.821    34.4362    25.9931    1506.36    448.000 0.0000e+00
    451.974    12.7509   4.032862          1    34.4361      0.032     5.2420      7.978      96.54      0.620       0.10      44075   1836.399    34.4315    26.0019    1506.16    449.000 0.0000e+00
    452.981    12.7002   4.027972          1    34.4352      0.030     5.2162      7.977      98.71      0.647      -0.04      44113   1837.980    34.4305    26.0112    1506.00    450.000 0.0000e+00
    453.989    12.6788   4.025881          1    34.4338      0.045     5.2102      7.977      72.56      0.621       0.04      44151   1839.567    34.4296    26.0147    1505.95    451.000 0.0000e+00
    454.997    12.6513   4.023173          1    34.4326      0.033     5.1857      7.976      98.46      0.726       0.06      44183   1840.924    34.4283    26.0191    1505.87    452.000 0.0000e+00
    456.005    12.6230   4.020330          1    34.4306      0.033     5.1767      7.977      97.94      0.671      -0.10      44221   1842.493    34.4266    26.0233    1505.79    453.000 0.0000e+00
    457.012    12.6072   4.018780          1    34.4290      0.039     5.1741      7.977      70.66      0.471      -0.04      44271   1844.587    34.4257    26.0257    1505.75    454.000 0.0000e+00
    458.020    12.5777   4.015523          1    34.4244      0.032     5.1718      7.976      99.01      0.495       0.04      44320   1846.626    34.4209    26.0278    1505.66    455.000 0.0000e+00
    459.028    12.4716   4.005176          1    34.4231      0.032     5.1753      7.976      98.71      0.580       0.08      44361   1848.326    34.4181    26.0463    1505.32    456.000 0.0000e+00
    460.036    12.4229   4.000299          1    34.4210      0.039     5.1653      7.976      79.59      0.708       0.09      44394   1849.704    34.4153    26.0536    1505.16    457.000 0.0000e+00
    461.043    12.2516   3.982970          1    34.4139      0.040     5.1525      7.976      85.53      0.781       0.02      44425   1850.983    34.4046    26.0785    1504.59    458.000 0.0000e+00
    462.051    12.1182   3.970112          1    34.4127      0.031     5.1282      7.976      98.23      0.738      -0.08      44459   1852.405    34.4022    26.1022    1504.15    459.000 0.0000e+00
    463.059    12.0881   3.967564          1    34.4132      0.036     5.0152      7.976      86.43      0.436      -0.12      44514   1854.688    34.4048    26.1100    1504.06    460.000 0.0000e+00
    464.067    12.0653   3.965640          1    34.4130      0.030     4.9112      7.975      99.46      0.395       0.20      44574   1857.198    34.4067    26.1158    1504.00    461.000 0.0000e+00
    465.074    12.0565   3.965019          1    34.4138      0.035     4.9260      7.975      98.71      0.735       0.31      44601   1858.346    34.4083    26.1187    1503.99    462.000 0.0000e+00
    466.082    12.0462   3.964209          1    34.4145      0.048     4.9205      7.975      38.29      0.974       0.15      44625   1859.327    34.4095    26.1216    1503.98    463.000 0.0000e+00
    467.090    12.0389   3.963660          1    34.4150      0.032     4.9102      7.975      94.78      0.920      -0.18      44654   1860.544    34.4104    26.1238    1503.97    464.000 0.0000e+00
    468.098    12.0337   3.963252          1    34.4143      0.032     4.8818      7.975      98.71      0.463      -0.13      44706   1862.699    34.4109    26.1251    1503.97    465.000 0.0000e+00
    469.106    12.0286   3.962871          1    34.4139      0.035     4.8837      7.976      87.73      0.380       0.02      44769   1865.315    34.4114    26.1265    1503.97    466.000 0.0000e+00
    470.113    12.0230   3.962457          1    34.4142      0.034     4.8828      7.976      85.34      0.535       0.22      44812   1867.119    34.4121    26.1281    1503.97    467.000 0.0000e+00
    471.121    12.0165   3.961903          1    34.4142      0.033     4.8782      7.977      98.83      0.827       0.30      44837   1868.155    34.4123    26.1294    1503.96    468.000 0.0000e+00
    472.129    12.0108   3.961399          1    34.4141      0.031     4.8751      7.976      98.71      1.046       0.16      44859   1869.063    34.4122    26.1305    1503.96    469.000 0.0000e+00
    473.137    12.0019   3.960553          1    34.4136      0.044     4.8589      7.977      78.01      0.972      -0.20      44887   1870.244    34.4118    26.1319    1503.94    470.000 0.0000e+00
    474.145    11.9977   3.960172          1    34.4127      0.031     4.8752      7.977      99.30      0.036      -0.02      44973   1873.832    34.4115    26.1325    1503.94    471.000 0.0000e+00
    475.152    11.9807   3.958568          1    34.4124      0.044     4.8735      7.977      60.03      0.625       0.25      45013   1875.510    34.4111    26.1353    1503.90    472.000 0.0000e+00
    476.160    11.9639   3.956922          1    34.4118      0.041     4.8578      7.977      99.06      0.810       0.08      45042   1876.699    34.4102    26.1378    1503.86    473.000 0.0000e+00
    477.168    11.9325   3.953797          1    34.4105      0.037     4.8440      7.977      98.57      0.881       0.05      45069   1877.817    34.4083    26.1423    1503.77    474.000 0.0000e+00
    478.176    11.8661   3.947110          1    34.4075      0.033     4.8509      7.977      98.70      0.885      -0.06      45097   1879.006    34.4039    26.1514    1503.55    475.000 0.0000e+00
    479.184    11.8311   3.943523          1    34.4040      0.040     4.8131      7.978      86.43      0.295      -0.15      45164   1881.781    34.4008    26.1557    1503.44    476.000 0.0000e+00
    480.192    11.7247   3.932718          1    34.3982      0.031     4.8364      7.977      98.92      0.534       0.39      45216   1883.977    34.3931    26.1697    1503.08    477.000 0.0000e+00
    481.200    11.6493   3.925220          1    34.3955      0.031     4.8504      7.977      98.71      0.891       0.31      45239   1884.925    34.3890    26.1806    1502.83    478.000 0.0000e+00
    482.207    11.6275   3.923041          1    34.3936      0.032     4.8444      7.977      98.71      1.080       0.08      45261   1885.853    34.3874    26.1834    1502.78    479.000 0.0000e+00
    483.215    11.6279   3.923108          1    34.3918      0.033     4.8125      7.977      94.56      0.499      -0.20      45317   1888.174    34.3873    26.1832    1502.79    480.000 0.0000e+00
    484.223    11.6233   3.922685          1    34.3898      0.032     4.8052      7.978      99.11      0.328       0.51      45395   1891.436    34.3869    26.1838    1502.79    481.000 0.0000e+00
    485.231    11.6082   3.921258          1    34.3895      0.036     4.8000      7.978      88.52      0.840       0.49      45414   1892.227    34.3865    26.1863    1502.76    482.000 0.0000e+00
    486.239    11.6046   3.920923          1    34.3890      0.036     4.8004      7.978      82.34      1.170       0.38      45432   1892.963    34.3862    26.1867    1502.76    483.000 0.0000e+00
    487.247    11.5890   3.919386          1    34.3879      0.030     4.8104      7.976      98.24      1.352       0.12      45450   1893.707    34.3850    26.1887    1502.72    484.000 0.0000e+00
    488.255    11.6026   3.920734          1    34.3869      0.039     4.8163      7.977      86.81      0.298      -0.22      45523   1896.758    34.3853    26.1864    1502.79    485.000 0.0000e+00
    489.263    11.5268   3.913195          1    34.3838      0.031     4.8246      7.977      98.89      0.592       0.37      45594   1899.691    34.3810    26.1972    1502.54    486.000 0.0000e+00
    490.270    11.5029   3.911051          1    34.3849      0.032     4.8113      7.977      98.71      0.893       0.26      45617   1900.654    34.3816    26.2021    1502.47    487.000 0.0000e+00
    491.278    11.4864   3.909508          1    34.3847      0.034     4.8140      7.977      98.71      1.072       0.15      45638   1901.540    34.3814    26.2049    1502.43    488.000 0.0000e+00
    492.286    11.4421   3.905217          1    34.3840      0.035     4.8117      7.977      89.66      1.117      -0.06      45661   1902.490    34.3798    26.2119    1502.29    489.000 0.0000e+00
    493.294    11.3463   3.895958          1    34.3824      0.034     4.7718      7.977      94.54      0.636      -0.24      45706   1904.360    34.3770    26.2274    1501.97    490.000 0.0000e+00
    494.302    11.3067   3.892271          1    34.3810      0.032     4.7176      7.977      99.17      0.205       0.13      45793   1907.982    34.3770    26.2346    1501.85    491.000 0.0000e+00
    495.310    11.2857   3.890330          1    34.3806      0.036     4.7068      7.977      85.08      0.574       0.25      45831   1909.578    34.3770    26.2384    1501.79    492.000 0.0000e+00
    496.318    11.2757   3.889450          1    34.3806      0.032     4.6956      7.977      97.53      0.855       0.26      45855   1910.603    34.3772    26.2404    1501.78    493.000 0.0000e+00
    497.326    11.2665   3.888550          1    34.3797      0.032     4.6965      7.977      98.71      1.050       0.14      45877   1911.520    34.3764    26.2415    1501.76    494.000 0.0000e+00
